1581.444848  
1166.534475  
421.5019308  
5227.96387  
29660.17484  
52202.4491  
45357.2246  
25282.98437  
5098.721375  
12899.97201  
1576.977154  
27965.84038  
3427.096575  
9094.591454  
12624.70398  
14283.11465  
33771.25229  
358607.3581  
317216.1802  
2482.732935  
141358.852  
58327.99708  
44844.28915  
30800.18802  
90725.116  
18533.30247  
151169.4205  
64371.05492  
2008.037042  
131415.472  
54566.60185  
44273.30071  
14175.21466  
10460.78919  
99680.55615  
14073.85336  
29817.18594  
8598.21569  
10023.23051  
26807.72556  
343.3111421  
2197.301957  
7582.476573  
9643.589015  
6627.448201  
14494.59781  
23771.73885  
1185.688147  
34062.56178  
213.445714  
12176.31579  
1279.486508  
5213.660924  
18060.12497  
5227.296802  
3706.632563  
16983.93678  
30247.34175  
8440.504051  
11728.37847  
327.3941164  
206.4420567  
11009.07044  
11791.9348  
19019.19576  
27390.74467  
4135.478108  
296.4281708  
14133.36915  
274.5410491  
5768.492036  
1605.809188  
7684.7257  
31.27529896  
2180.473578  
5192.220373  
10566.25343  
4573.755451  
1783.38602  
5283.526807  
3729.121935  
1486.411059  
1328.867825  
860.4726554  
2773.22677  
2838.118578  
17627.39026  
4899.294702  
662.7980915  
5878.300187  
4200.22611  
10846.19631  
49081.23079  
11251.64612  
32131.4942  
15666.44814  
26145.73879  
38665.48094  
21457.54613  
6384.951202  
8409.585574  
2827.486226  
1993.076129  
8742.976067  
481.6938248  
11066.61963  
13489.24572  
12602.31354  
1761.440747  
8663.843537  
15220.56566  
478.1933758  
16336.84594  
2040.957199  
20088.58286  
36119.82472  
9571.232962  
2785.438219  
12085.71069  
5233.344039  
2385.206356  
43319.48832  
42346.83192  
36862.60662  
5844.91998  
461.6415352  
33298.05355  
19029.95719  
9767.410603  
6336.361834  
3661.002949  
1840.386423  
1256.379877  
2583.496136  
5037.766436  
1708.653903  
458.6705855  
4090.798801  
9076.17695  
5517.781734  
6081.075468  
1047.294379  
6351.44295  
7804.325558  
8221.198708  
7509.700714  
1536.893574  
121.9275653  
1948.495847  
1524.138809  
2461.135337  
6.174692797  
509.8229391  
1132.900301  
471.0157571  
6938.533855  
637.9432013  
3851.648044  
7941.181001  
178.2215396  
182.7615223  
1036.606837  
4283.491311  
638.7795331  
2745.123124  
890.7598212  
1577.880717  
165.206802  
828.0052205  
2261.849812  
326.4176106  
324.9319554  
750.5092572  
2061.648844  
1841.617313  
179.7283916  
1212.249757  
425.3799079  
1575.260433  
164.7346563  
381.7282295  
434.0789952  
92.37828256  
1994.327153  
1290.306268  
1236.872211  
569.9458766  
69.53674499  
2227.563805  
963.050245  
1620.486197  
1852.166834  
525.2206839  
1284.738754  
1330.081859  
81.88931906  
1681.453714  
485.346028  
259.9691558  
697.1907979  
196.0418689  
194.1051001  
210.0582068  
122.6052534  
97.24035415  
440.4391415  
130.9742266  
410.4363154  
1102.72812  
1036.841053  
318.0207875  
563.3318401  
211.5762361  
1469.119355  
188.0305964  
460.2238524  
2158.545033  
1548.925802  
12.44275585  
136.4018702  
1584.294763  
35.9611792  
36.92400743  
1734.768534  
43.24633692  
462.9134006  
300.8879856  
303.5511549  
555.8935945  
117.6234263  
343.9108562  
81.66780475  
697.3873421  
1309.752244  
200.7587107  
291.6565099  
30.26455407  
400.1600282  
186.8229199  
736.0760458  
410.5211193  
747.1925325  
292.1066216  
417.262948  
660.4849959  
453.6586488  
525.0937683  
273.2675324  
259.0961045  
525.1656174  
1074.399208  
118.4946936  
112.6357396  
20.56448383  
137.9028341  
624.3765188  
342.189577  
189.839194  
491.6633551  
184.2374143  
57.22031186  
699.9996529  
86.7516444  
347.4703244  
78.39275125  
70.89283666  
83.76148778  
391.1544963  
34.06749962  
149.3864683  
90.21760628  
265.1233374  
516.8636787  
794.6927425  
367.1222024  
374.7446677  
47.20973949  
296.5535934  
24.70669473  
161.0546762  
20.31210487  
561.6778638  
172.9188865  
1.379176736  
287.3715029  
671.1394123  
214.8365517  
141.1376663  
456.3442274  
402.5253943  
67.52268735  
501.4502255  
171.5310777  
307.9499527  
157.760795  
