78.24434091  
33.06470407  
245.325151  
71.11593562  
209.1491149  
174.7168865  
3.014714959  
6.517295305  
925.1246243  
201.1515998  
109.8261424  
46.31078514  
134.5029058  
532.2331896  
1635.95254  
203.863476  
874.940338  
5414.030849  
4548.113613  
908.8861758  
4399.903614  
1431.206196  
2864.913673  
39.13406592  
2704.383461  
142.0472135  
864.0754541  
2157.605517  
5673.209963  
4946.999486  
700.8538892  
3509.490289  
2843.11428  
1949.564935  
7154.09154  
1384.835565  
8393.245308  
3515.550913  
1149.574181  
118.7437034  
833.7175383  
898.421417  
7199.606384  
1075.68931  
6248.884165  
1933.403133  
3221.153945  
1026.029022  
1375.224092  
5142.947922  
1140.364346  
2487.113971  
1641.522604  
1595.748983  
656.1903932  
3144.024292  
1655.722955  
460.4650698  
6876.173718  
212.9761717  
10379.91739  
2528.613621  
253.0224231  
5528.931053  
3521.507858  
81.3252165  
6964.350899  
896.9155984  
4105.636269  
506.433152  
9824.991867  
1399.655667  
3426.940845  
2379.140531  
23589.35282  
7163.534362  
30892.66544  
13137.25057  
26485.53675  
11303.8855  
6466.107915  
15200.28696  
24911.03472  
1895.545735  
2220.724538  
7287.21377  
27307.36527  
4812.246105  
27373.47575  
76211.12651  
20317.98322  
36332.8705  
40888.59509  
19288.99904  
81838.60833  
107602.6833  
157246.9575  
336458.0592  
145857.6532  
12074.1028  
73805.06035  
27274.64141  
14101.92476  
97238.01642  
15438.5574  
110762.4043  
199168.6614  
38508.55152  
7358.655262  
50093.07265  
90908.54578  
8004.89534  
46354.41797  
35578.39818  
104411.3739  
106602.6953  
66988.11221  
17988.60707  
119245.4966  
34597.94691  
122970.1618  
336603.0428  
176305.7826  
96157.20792  
95215.07191  
21098.8587  
174662.5903  
126151.0612  
107715.7204  
34878.70709  
33176.76029  
25570.49675  
25953.51773  
2201.484625  
65306.41602  
63.9580379  
17119.87847  
74345.27285  
2510.761431  
29612.17325  
57910.4439  
62427.52122  
5463.657853  
21039.25391  
51347.55044  
12127.50389  
7655.813969  
2697.064805  
18796.30264  
13139.33937  
2780.928019  
8634.666417  
1082.089909  
2101.680867  
5502.258975  
6195.928882  
1743.858193  
14092.65792  
11208.2134  
2434.574885  
3695.034139  
2427.222241  
6377.243626  
2154.799529  
2082.31902  
238.4301487  
4517.471387  
3409.851826  
257.2566023  
1487.539623  
5235.125736  
413.5718718  
341.2700476  
1694.825425  
1955.922378  
2105.114782  
121.7400099  
1891.267416  
4265.076156  
1042.029777  
454.682828  
1110.665986  
317.2464883  
773.5634114  
172.5910942  
515.3853195  
725.6574909  
3069.219232  
2488.892721  
409.4757947  
1242.025384  
78.53811993  
2695.609455  
1220.509128  
2321.674485  
3432.803864  
42.11884173  
62.00523343  
384.7668726  
2267.566638  
323.7201279  
2308.857713  
324.7631158  
10.91712529  
1711.265093  
962.9135982  
5582.491612  
364.2871388  
49.79684097  
2618.794597  
137.1189899  
101.4111172  
688.1074272  
412.4651905  
953.2921147  
3166.139593  
329.0504172  
1788.238539  
379.3901207  
287.6421161  
2002.485815  
2749.198938  
2167.559713  
3474.526383  
552.6726807  
808.5408271  
2600.485119  
2751.720451  
530.3032899  
56.04057275  
1835.536215  
1146.616279  
2485.517285  
2978.275183  
2562.205119  
175.0489799  
1389.325967  
641.2746782  
740.9815982  
1214.933905  
2114.628768  
2442.804027  
1034.034173  
370.7614243  
545.6942216  
2158.925173  
2144.665856  
925.8341211  
2288.164044  
3309.627079  
5188.275375  
4112.123938  
342.7538461  
1118.833048  
829.555737  
800.5875885  
869.5590283  
1400.333087  
2717.441955  
686.7868991  
1577.923211  
657.134338  
821.3048806  
83.73903623  
1173.290839  
21.66728536  
286.4856167  
66.4015386  
172.8085123  
918.1631057  
228.8923727  
338.1898834  
353.7321971  
482.5910209  
3196.212471  
14.52319326  
1119.233576  
481.7195327  
159.9882728  
220.1609272  
422.2729303  
144.0461284  
929.3565512  
1371.121892  
2034.02363  
2858.500948  
1846.477877  
2302.55785  
417.2881804  
180.9892166  
4776.370559  
231.5185093  
770.9608081  
1027.064135  
76.07843736  
