49.7795778  
26.39296107  
0.8009591153  
23.55835776  
61.7787728  
53.40399936  
15.95393263  
227.5046472  
182.9598907  
69.32626956  
1222.648757  
6.060604525  
507.4273951  
811.290691  
223.9148636  
1820.682389  
3823.937277  
1409.104465  
1886.863429  
2439.721558  
352.9567166  
234.0238657  
2091.01227  
659.9886433  
1931.342109  
1527.79818  
1015.04781  
204.4094811  
5437.739333  
1121.32537  
4159.247614  
3697.278553  
1348.1449  
387.1542928  
623.9007048  
1291.802059  
1064.408525  
3736.98321  
91.70094675  
1531.748171  
177.2809506  
822.4558508  
3056.00607  
4606.305991  
761.2990753  
1409.872294  
943.9105402  
1256.859928  
1109.146197  
1717.617906  
237.2305147  
1336.501512  
629.3999084  
2209.009334  
261.857419  
826.3923422  
983.1047875  
396.4388766  
587.5213569  
70.31950247  
20.90172636  
666.3915609  
1296.765963  
551.4778211  
587.8065718  
123.9619183  
502.4704216  
664.2417396  
126.2437051  
1359.987406  
2058.871235  
141.2200369  
798.4608821  
50.89971813  
4142.151514  
2107.203256  
1348.364474  
1070.091688  
712.1574867  
1011.402865  
3272.345967  
194.5633378  
7397.822604  
1307.12349  
270.5910571  
4730.472472  
3330.158992  
745.8344832  
1042.922127  
5970.848248  
4614.284481  
618.1507457  
4241.501202  
975.9756585  
11336.614  
13423.09721  
20596.3246  
24011.14759  
8054.650105  
2368.860774  
5239.270235  
1306.209264  
803.4682442  
3074.236064  
1047.001518  
9088.725951  
18299.02218  
6044.461876  
1457.575484  
10208.13922  
9234.866475  
1438.22276  
2230.317717  
2531.932163  
12746.38218  
11298.16872  
9949.340022  
1548.345585  
5383.869662  
8268.755122  
15791.84871  
30871.28686  
14361.72769  
4646.376474  
8697.975118  
202.8273373  
22129.90967  
12202.18412  
10638.33729  
3122.632265  
3975.792595  
193.7318358  
2271.067866  
711.3549906  
4848.876586  
2555.495935  
2187.311207  
4285.660056  
1612.946167  
4275.315486  
5768.552777  
5490.910517  
1253.871683  
5822.688987  
5478.185518  
1728.95783  
1625.358436  
483.0101389  
1274.528781  
1252.923936  
928.8400725  
450.6747639  
485.3303236  
539.1112044  
43.88959362  
523.3747739  
709.4262248  
1866.035543  
1698.394968  
640.1861859  
1192.487682  
902.2280511  
110.2373219  
1027.729152  
630.2843396  
425.5945657  
755.6869558  
499.9417175  
561.8190126  
374.2474425  
157.1789867  
85.81886221  
45.62658425  
38.39150571  
103.7901594  
598.2392369  
176.817005  
248.1171645  
360.0376265  
296.218106  
2.69172245  
1194.80317  
145.8077542  
249.0080042  
190.4758158  
54.33227016  
108.834018  
107.423372  
1.4750198  
76.38868544  
50.11700468  
26.29613114  
263.4938563  
509.6042041  
648.8550902  
751.4949931  
191.8287306  
107.132409  
113.1829573  
511.3063777  
355.0493544  
66.75129168  
89.77274636  
357.4330067  
102.1703178  
310.4242801  
556.753169  
1.745174534  
53.2729752  
326.2796976  
492.0517775  
123.973391  
337.8510231  
266.1500135  
351.3747198  
663.8831077  
63.5637948  
25.4966008  
253.0225205  
135.755952  
1250.183847  
697.5245923  
846.3570355  
439.4622212  
380.7586056  
432.6327599  
209.6059384  
429.9103372  
388.1201689  
88.58918999  
57.27339175  
35.09338591  
2.446491237  
827.9973272  
62.69363553  
56.79725086  
94.40280643  
353.5604522  
272.4325092  
122.3307786  
351.0634631  
1018.720467  
105.1659187  
110.9374997  
1.77767347  
1142.824147  
109.2961744  
5.500504361  
234.3671265  
334.9338346  
620.0734215  
1043.726891  
114.9960659  
81.21978618  
158.9602688  
98.70084529  
88.53559243  
207.9250624  
293.6851982  
191.7237642  
355.0620977  
198.9299788  
63.35684415  
44.20542624  
278.9469121  
279.0349114  
85.94929695  
442.2382488  
25.23037613  
311.683827  
314.5653546  
36.60061231  
212.0715826  
178.7309144  
562.6140302  
121.1376224  
15.41289704  
25.08677635  
198.0715288  
129.0876705  
291.9485869  
12.39901043  
183.0024329  
228.7345066  
78.36924572  
261.7762043  
174.6775686  
648.1607044  
250.7810302  
109.21041  
1239.956499  
37.51062316  
831.2352275  
627.0315941  
145.9055765  
