1.899119493  
6.66561351  
97.58763436  
136.4824511  
114.6459668  
91.78355541  
373.5335722  
946.5676731  
92.18881823  
3.913892012  
117.3911611  
1089.384222  
1396.591194  
14.79161705  
5501.144915  
3728.887546  
253.6781029  
11004.34803  
4075.413804  
2151.233103  
76.8552627  
4268.23767  
2019.168298  
1549.209137  
6686.310012  
2919.511601  
4970.848022  
11076.29507  
6954.656549  
11505.89404  
3310.160625  
4926.992818  
4845.637597  
2102.156341  
721.4024827  
705.5159799  
1745.01167  
2574.702731  
204.5472388  
1650.471199  
8996.365703  
427.9657868  
4771.841906  
994.588417  
2230.630579  
1940.845621  
778.695415  
3166.531275  
2849.956285  
100.1502284  
249.6928447  
3013.287199  
1374.898255  
59.78365976  
1189.172424  
287.3622523  
1985.875862  
505.9810372  
712.3907202  
22.95478301  
219.1002821  
89.70566872  
3396.427737  
1833.949682  
2929.302272  
919.4586198  
421.9214769  
89.31874119  
767.6501291  
959.4605209  
1845.036121  
4226.263958  
1398.921749  
2351.539992  
920.9075508  
531.615389  
4113.196097  
482.8252326  
216.4521083  
1015.832473  
4093.386532  
7536.692086  
3475.2038  
1516.436279  
698.2250224  
280.6527622  
3974.689976  
269.1868126  
375.0495665  
2728.530504  
1868.149488  
2283.655016  
2755.328915  
3867.900937  
3324.656325  
6760.234203  
7152.429998  
8438.303454  
8031.737673  
491.5544285  
5225.39125  
1466.162244  
96.42769447  
3604.519333  
221.8439498  
8047.067244  
10533.16763  
4426.204822  
1487.197635  
1875.915633  
3644.929982  
1134.965201  
2253.625036  
884.6809795  
6978.110454  
5452.915691  
2661.59505  
3763.348264  
2467.400719  
3292.589168  
10203.99201  
19280.0639  
13388.49151  
2648.187425  
6931.052279  
1065.188823  
13859.78428  
6526.841504  
2724.017761  
4989.852903  
3510.613126  
1174.945259  
1650.426557  
156.3246837  
3121.688939  
94.17690413  
1280.891297  
4019.949284  
951.0955682  
2190.757375  
4610.733094  
4309.813453  
49.01191584  
506.7618154  
3441.467064  
638.0982401  
662.5015015  
677.3089292  
959.5398382  
49.29544914  
524.1133278  
252.1091455  
517.3521581  
319.2985629  
53.70574683  
123.9001876  
690.6308925  
1136.675752  
1270.88539  
600.3195489  
85.33337589  
825.132842  
1486.812328  
134.8467742  
63.45546269  
728.4484067  
762.6546177  
480.3563275  
210.4512131  
501.881498  
1.661927742  
44.16827257  
17.85592614  
48.78425621  
435.840105  
5.451357583  
53.85775556  
52.13662006  
1491.713878  
37.41694246  
489.5510115  
46.40671154  
93.53333797  
61.5985409  
211.3744144  
417.3700657  
341.7586318  
70.29587025  
156.7864218  
126.6843076  
146.0469524  
61.76443581  
117.0841467  
256.9202263  
1076.967873  
150.734635  
93.844844  
49.68098505  
22.43605402  
305.024444  
361.5777738  
118.8622578  
1.029083186  
362.5567781  
369.680823  
39.20561465  
81.89750762  
18.3036871  
440.2825507  
38.78091845  
99.93665295  
71.46562704  
463.3118008  
52.41266129  
14.23435123  
224.51806  
350.3535306  
70.8689252  
358.9690572  
328.7749905  
26.22116387  
41.27034509  
264.2095354  
29.91664071  
283.1708949  
666.4784796  
33.45420872  
133.4051258  
163.1131588  
45.46789075  
650.6496891  
66.42916107  
259.97138  
62.36377265  
199.2571752  
11.0851652  
140.8591823  
125.6212297  
225.2460571  
134.1695602  
32.63255586  
116.3593229  
345.2924097  
36.15141637  
100.9209158  
39.02700475  
80.60670002  
60.74994543  
110.4446821  
7.089599087  
173.98009  
64.41275528  
226.7952401  
181.5988574  
22.42393988  
147.9285522  
242.3888663  
305.1873083  
42.74466052  
14.46617049  
49.94498106  
55.7211673  
16.6349881  
133.5971057  
77.52035603  
55.91717169  
339.4066391  
81.85505289  
152.8618345  
43.58567209  
203.4042454  
115.4116147  
84.75531619  
84.34664388  
153.595102  
130.0737088  
15.61958463  
4.354575958  
84.00182166  
55.88786516  
72.12838211  
144.6458509  
38.25268112  
298.3038024  
168.7896807  
5.348336446  
51.34186397  
224.1942908  
37.35083013  
74.72110803  
88.22351934  
9.447200734  
28.33975534  
26.99912021  
6.711182145  
