15.69300991  
211.8600668  
413.2366665  
319.0958209  
237.7772966  
721.3538108  
1010.898711  
168.8264195  
3005.747484  
775.9172142  
1073.293223  
133.8300886  
323.8067254  
2848.984068  
3852.357051  
242.0946697  
1664.48059  
1703.956433  
2612.580225  
426.764502  
408.7305228  
345.6144295  
1181.950796  
74.01511121  
2020.758375  
1612.083196  
1258.567434  
543.6896561  
322.5120017  
4.478922553  
455.2816002  
5226.704747  
1876.205415  
3369.204334  
1726.061726  
915.4749412  
1518.357534  
1149.906186  
726.7084881  
226.8148733  
424.8777206  
37.23464808  
775.1308896  
991.5117552  
3911.313787  
160.247099  
78.16913768  
903.5550647  
141.6797416  
629.9260369  
835.6084307  
1448.930556  
550.188377  
236.3008281  
702.5297192  
266.6690768  
287.8321265  
458.2241434  
112.0425827  
1880.077055  
868.747945  
276.6851092  
1593.128845  
186.6405905  
714.4056019  
3257.392666  
164.6757942  
67.63405878  
232.551955  
84.40917584  
527.8690126  
363.7755746  
43.30264318  
1050.057656  
864.0314083  
152.3292404  
153.4482003  
23.7933762  
271.3899534  
2282.911423  
1485.894332  
1758.061123  
1005.130848  
1496.448256  
190.2063544  
173.3670876  
381.9581901  
526.4191774  
39.21651981  
12.66854487  
141.0732081  
418.1207314  
716.2232251  
757.347867  
1586.591755  
93.83180577  
1183.977151  
635.4723415  
256.9046767  
1360.135683  
226.4985749  
217.4471937  
513.3342623  
288.4655471  
8.136324724  
296.0645258  
483.5554644  
809.8652193  
973.7903861  
115.7219562  
293.0912446  
250.8888832  
41.06768034  
1429.591274  
217.3702116  
91.02473139  
159.8321943  
20.16582013  
197.1156575  
222.2837672  
105.585347  
1889.495867  
343.0441561  
223.1036342  
109.6561913  
231.1270601  
543.8703501  
161.5929549  
467.2131033  
65.19104544  
166.3213251  
424.3695913  
777.9486651  
197.3798617  
14.90803235  
903.3756323  
148.3721673  
575.3377691  
357.3639415  
1747.176375  
248.3991334  
853.6460996  
261.9777972  
2373.966264  
974.0505373  
352.8941709  
284.0584942  
173.8278532  
449.9710439  
155.1153049  
48.65426664  
12.43360255  
638.4264157  
354.4749135  
300.4616087  
143.1552239  
572.8445529  
319.0810839  
188.5199513  
421.1138129  
117.9537898  
465.8530224  
40.68821407  
348.9788974  
1037.193394  
206.8162018  
109.1209924  
397.5625388  
465.2926855  
47.94182265  
676.2753927  
44.39249145  
121.2842329  
127.5484464  
419.4064961  
640.563561  
60.6793729  
179.3151717  
316.393208  
64.1119357  
945.6179786  
11.13822343  
98.1400324  
428.7542254  
831.7602236  
302.7524129  
1106.02313  
226.3659464  
620.6468826  
80.9265587  
478.3019849  
65.48526452  
418.6065809  
732.8847583  
116.6544909  
338.9039342  
14.2803249  
459.9660698  
84.18696372  
665.4240276  
112.6920049  
16.02452739  
22.39330991  
102.4662814  
11.45715757  
30.60921189  
140.1654371  
43.12757692  
152.5525951  
23.81014529  
190.1071411  
32.44916763  
310.0098593  
295.9683931  
40.49971798  
124.7232855  
104.0965854  
325.4011004  
450.7236047  
98.17248396  
18.13960724  
530.364705  
1140.249255  
141.636813  
11.67749464  
275.3648874  
200.9651902  
241.0379849  
1046.12788  
56.56372482  
73.94461245  
135.8810171  
259.8933181  
678.7556299  
15.12590529  
221.5969459  
34.1179677  
82.7435596  
137.2996332  
157.1107797  
213.5396621  
602.7185324  
399.2885644  
36.44839312  
84.85615725  
364.5573511  
939.4253065  
395.0103315  
52.34154399  
73.62998843  
147.7941075  
4.731719058  
109.6525003  
105.8488431  
34.31214741  
117.828744  
70.16741172  
82.12009737  
306.4957889  
339.0822297  
268.8547827  
81.59433366  
71.83630646  
123.059777  
17.03849279  
33.38401298  
216.7442339  
94.55548014  
105.7687091  
89.00270376  
143.6642592  
302.1068254  
118.2158271  
101.2681166  
35.26379537  
15.78691184  
4.565007837  
23.46693358  
122.4458339  
114.8754979  
11.98370998  
83.57308847  
53.65426845  
228.3667645  
84.05792559  
35.680702  
85.22057617  
209.6513192  
80.49128836  
57.52889519  
136.2487173  
102.3793718  
52.27389533  
252.513664  
207.0441201  
