9.12751798  
30.44008392  
70.80739083  
98.21722587  
39.71351491  
370.5886216  
807.3234587  
700.6268111  
764.2831996  
301.9121765  
4143.727923  
254.3381766  
1143.218283  
75.14952529  
195.3046855  
413.793996  
53.62258351  
363.7385354  
626.5200558  
961.712346  
2952.430882  
337.7521585  
2264.907348  
106.4604243  
1008.161464  
700.5408657  
647.8614427  
225.5567568  
45.04925392  
604.4750853  
3427.41371  
158.7163551  
1112.065519  
560.730817  
263.4079377  
93.89785789  
1821.062484  
1246.803646  
990.1805782  
199.1120844  
739.3973199  
298.9514711  
862.734429  
315.0633776  
1407.500314  
236.5271838  
247.2639368  
918.8745924  
1481.832785  
735.9917691  
1239.559588  
524.0062152  
591.5129787  
187.7459654  
186.3975733  
238.5626254  
427.0233995  
296.518449  
594.9545029  
1100.277853  
1525.163249  
436.6010248  
1626.181215  
449.6903207  
225.8175139  
1916.3751  
3433.005919  
641.5340581  
69.12541667  
105.0706345  
601.620657  
1043.73104  
233.4674244  
1079.530861  
1158.039769  
1096.248345  
853.4194688  
856.6535515  
137.9526397  
76.72631277  
1190.750507  
14.63355395  
540.0336163  
294.2325709  
88.79932684  
231.2209102  
290.039886  
71.7251986  
651.7711593  
1196.086938  
106.0689818  
277.2226106  
594.2719164  
484.6551566  
917.1542765  
216.7008966  
280.0874354  
2139.941887  
707.355664  
162.5310727  
243.0554154  
333.8788458  
281.9339963  
305.0543324  
362.9094304  
86.78650118  
2285.293487  
142.4095648  
603.9356061  
942.1421386  
841.5501464  
398.6580414  
452.5997557  
43.99571375  
1046.41221  
392.4546785  
206.2765445  
160.3041455  
532.7759292  
545.6827499  
2396.332501  
399.1387899  
2329.902594  
454.5925965  
551.3747001  
1203.207406  
1345.593899  
1288.103927  
303.2616996  
468.0330682  
339.0923955  
105.0598453  
93.90184109  
346.2165996  
1129.286986  
209.7070665  
563.2982345  
475.827593  
73.18971226  
823.9655494  
1962.408732  
335.4726432  
1140.682395  
584.9154514  
187.1152934  
38.58437248  
264.1699775  
330.5393658  
1288.804442  
322.2366073  
189.8289483  
488.1164089  
353.7544595  
265.5403727  
114.538716  
609.9355322  
387.3684521  
569.9272535  
205.0349023  
88.50036246  
20.83187861  
352.8253267  
4.367402982  
968.5162896  
1400.788035  
663.7487248  
806.937041  
162.2086717  
152.7793068  
375.3918231  
116.4622917  
120.9688923  
339.513278  
57.82020565  
608.9595979  
150.0973465  
57.21626337  
315.9767979  
49.19305876  
92.58433517  
436.0852477  
95.54891962  
59.42885004  
4.514807104  
170.5337414  
199.5915416  
73.14861672  
40.66518685  
1399.977724  
81.27976918  
98.04464415  
225.115223  
17.35767532  
12.54978297  
348.2564651  
41.5600651  
112.3150282  
51.58053823  
138.1512837  
241.8513149  
437.3451228  
382.4173824  
259.2589285  
282.9476533  
122.6678942  
4.184722418  
309.6216366  
132.6338435  
292.141707  
330.2312331  
82.28353833  
54.12411531  
197.9585946  
99.00419917  
119.4528381  
132.401202  
85.01365672  
15.90832558  
188.5179079  
9.669568001  
151.713209  
61.78941831  
271.0694801  
57.54555606  
18.75716128  
169.6359488  
86.77386744  
246.8834704  
17.18778429  
44.54965913  
75.78918601  
52.02102236  
212.4506296  
30.80216041  
514.6407135  
109.1344196  
88.36689168  
131.141996  
168.0633475  
399.1347618  
41.1916476  
264.9869106  
506.0500142  
328.1568932  
147.6786779  
334.9363503  
576.3818399  
160.5010616  
198.1574594  
64.56300084  
10.39086953  
47.31103077  
93.05706328  
179.3745909  
20.1565882  
109.9714073  
79.22203009  
44.98414935  
136.912269  
247.9732625  
333.9134678  
97.61611696  
218.3613204  
31.55617532  
203.8572126  
152.886591  
98.02558346  
12.14333515  
219.0122955  
100.1343172  
326.5977024  
6.866519907  
21.72494889  
106.3543198  
859.7323849  
65.44708537  
55.03440983  
167.8693391  
9.255271857  
92.04843185  
397.9704504  
81.96629973  
222.1997476  
98.10774757  
170.5596895  
183.407036  
184.9977528  
27.4637634  
11.95897451  
1.722556812  
330.8011979  
80.83253127  
89.06474712  
81.43905832  
138.1793211  
