20.02726905  
57.91004992  
172.3816747  
61.18266591  
326.5211936  
279.3409659  
824.4570672  
244.4107824  
1006.962257  
134.7008797  
98.9866339  
579.3411744  
1065.524066  
108.189504  
578.8609139  
328.9392936  
328.3855218  
125.4506377  
1331.096881  
631.6250671  
1101.291693  
217.6206111  
1723.47618  
672.4550772  
3581.246068  
532.4348991  
964.3257352  
2032.597477  
1758.016179  
499.7303843  
145.8134594  
3404.583264  
45.33127962  
1377.939462  
145.727919  
205.7795122  
4.437019177  
184.6791464  
465.0497723  
62.80725028  
168.4435955  
162.3122598  
437.4152219  
1734.551814  
389.171881  
990.8005898  
1579.191443  
2410.726603  
316.2681508  
984.4042118  
23.07210875  
833.9534608  
605.0672523  
350.7286919  
11.36954059  
976.1376829  
106.5082553  
1712.145411  
180.371317  
40.78486121  
1484.021189  
107.553518  
2217.640618  
795.457964  
2275.741133  
1305.111312  
1176.630596  
681.2124491  
138.2666017  
409.3775676  
583.8293371  
165.8305371  
100.1640753  
303.1636106  
490.222067  
398.110512  
328.4008023  
287.3644439  
404.7754459  
381.6700773  
285.1669174  
1067.928311  
8541.950651  
5453.237678  
33.84513109  
2083.558373  
211.9067035  
963.4380789  
47.33839669  
266.5530899  
1868.195389  
450.0994876  
1056.364306  
1350.437017  
1045.206997  
6797.716229  
1856.410372  
3868.315056  
787.5350754  
455.9872037  
15.90960144  
230.6036476  
237.9631177  
79.86049718  
429.1185071  
1115.086402  
462.476378  
425.1772561  
336.560251  
35.64164352  
622.9634075  
4.319663803  
17.20760285  
427.525955  
658.3482117  
11.39378773  
301.5465111  
306.5707892  
482.6795874  
691.8781579  
256.1945868  
2093.257631  
20.28223357  
226.4130669  
109.808089  
247.1857523  
1.264736645  
182.8825871  
414.2873767  
326.9192818  
171.0426032  
499.8323819  
79.22533695  
221.5252266  
456.4327914  
246.92572  
160.230285  
552.8666395  
127.9013915  
178.02213  
686.7114223  
501.7934046  
521.4785863  
32.57578398  
541.413598  
1016.652157  
191.2104714  
9.447615526  
109.8551138  
144.5709936  
517.0942802  
9.126304691  
1.495457797  
147.8840722  
226.1145017  
227.3020906  
552.1643405  
1281.011376  
66.34405714  
795.7450934  
72.21598655  
242.8086551  
97.75638566  
78.6855042  
372.0780408  
93.43631839  
155.1918734  
499.8034892  
183.112006  
106.7183778  
619.1405833  
67.54145252  
306.9146272  
193.8245157  
358.9620856  
460.8777075  
51.70401473  
157.2505954  
436.7383818  
191.5621566  
301.2500835  
20.92471493  
46.64259842  
124.9211124  
303.8380766  
74.21782699  
40.20570235  
433.8386211  
40.48538488  
73.13075387  
41.29137245  
24.21622824  
347.3810678  
141.2739662  
257.8118301  
112.3550704  
452.2795708  
5.356993134  
76.18154173  
497.3625335  
225.2776276  
78.89191526  
387.2682384  
260.3326621  
235.3493351  
273.9960665  
63.88316235  
192.0529397  
433.1452933  
100.120046  
63.33921669  
428.4247336  
364.7694705  
36.18775108  
160.8596263  
76.3774188  
203.2331166  
1.091833283  
411.5032612  
27.78583637  
93.61148117  
344.2983049  
43.89216179  
104.8706964  
414.5829041  
30.85144878  
122.4147616  
117.369025  
38.85915671  
189.6200097  
148.3802759  
155.7196431  
105.2794521  
30.98447014  
3.250732785  
510.1589386  
183.8680513  
166.2344506  
117.2185133  
27.7458727  
157.6705346  
204.0063097  
443.0106137  
29.9662265  
78.89024939  
16.20242475  
26.85649456  
179.633687  
184.8862588  
1.403845227  
296.0909193  
15.03937236  
118.1487169  
130.8255402  
172.1358517  
71.43395008  
11.5539594  
92.21888995  
4.860090459  
3.960769945  
16.38404562  
247.8154325  
115.6861166  
29.79312969  
130.8456162  
187.5368184  
144.5379785  
36.92667041  
34.14131294  
12.06727828  
64.28342842  
7.717971546  
112.8338143  
17.62215103  
8.667892894  
55.37757136  
144.6302568  
48.41326185  
226.0619957  
185.3874907  
2.732207545  
58.18003533  
47.62130655  
33.16335317  
309.5527168  
25.88298513  
79.78262115  
346.8284453  
45.22613967  
45.06663857  
250.5240895  
36.54568767  
98.68138057  
61.80453803  
212.3808691  
