0.5206919939  
25.74924164  
8.873441933  
61.09593454  
72.96576931  
124.9237886  
274.9352964  
2.785522995  
859.8330183  
2109.461015  
49.03475896  
791.5533789  
856.2009428  
576.1656791  
811.2591046  
190.2246955  
3045.569797  
76.12179932  
870.1535069  
949.7889587  
1563.26616  
235.1902003  
1111.26725  
45.19723019  
1386.697728  
715.68285  
659.8868787  
2373.271911  
1255.710131  
62.19841395  
330.5057844  
903.4232415  
734.3765451  
623.2262951  
884.2962289  
565.2122679  
23.01670274  
434.1548426  
295.0138614  
67.58882807  
569.0255312  
1037.932313  
41.41615634  
398.1693041  
152.0124551  
715.2532949  
471.8321682  
191.9796307  
268.1773629  
47.11515132  
486.0971205  
25.67958809  
184.9132625  
628.9130716  
633.8567699  
112.4388348  
562.5937589  
1206.452268  
62.75359948  
196.1934918  
148.3502205  
58.21787507  
1188.282264  
595.9308611  
9.053308664  
207.6481232  
12.00476891  
605.5412643  
80.32051554  
941.6227286  
108.420601  
728.5788233  
108.2727409  
114.1900109  
793.4071682  
135.4343818  
837.8693481  
298.5775922  
955.2087947  
638.853265  
651.2331015  
1002.481491  
2751.49823  
615.6461328  
2187.147454  
188.748945  
194.1129197  
756.553894  
2065.35897  
1186.459742  
504.7291272  
1047.907046  
2032.604356  
23.04367782  
956.0395501  
2803.709888  
3630.606542  
6251.514389  
650.5319922  
3124.91497  
715.9960013  
227.7955155  
278.8573215  
1349.209688  
157.9015391  
2616.928703  
1930.94425  
950.4860639  
245.9078681  
734.0211301  
1564.721126  
473.5919783  
2295.911283  
1649.391875  
1080.082438  
6202.76778  
436.6200548  
286.3622565  
2135.645552  
2514.023155  
1670.151125  
7007.037527  
939.0230182  
4723.566386  
2413.404681  
221.2630298  
3618.623837  
555.5836432  
4014.300199  
707.7149419  
584.6817524  
896.4111171  
504.1085022  
634.6316722  
1438.450028  
313.0682757  
112.668113  
2216.697129  
75.75584447  
303.9442352  
925.0702378  
1818.119507  
436.9086575  
1867.817056  
1676.646512  
926.5006718  
492.8889648  
363.2286833  
112.2328061  
806.0995081  
1119.652063  
28.61039472  
646.5724773  
57.77767953  
1315.400792  
62.16739081  
125.6594669  
123.8315655  
308.7276771  
42.50953661  
648.9516265  
731.7995837  
187.1196511  
3.764187481  
263.2091929  
65.47128237  
258.0551164  
263.361621  
182.8520792  
194.0722369  
745.725002  
59.37294502  
32.58407916  
314.1770826  
774.154811  
75.30441183  
50.18520983  
125.8218487  
439.5848359  
235.0766066  
1162.502791  
361.0238477  
149.7471991  
34.71081277  
202.5912839  
642.4102746  
1765.284017  
14.87372839  
1026.391072  
293.7025882  
97.50700949  
138.7208896  
243.0254543  
170.7562083  
406.4721288  
107.1099257  
111.248312  
69.25958765  
506.7898434  
101.2427032  
870.0448273  
272.5163599  
680.6970758  
201.4770707  
618.6866615  
43.32067293  
764.3582833  
213.9294703  
235.1781504  
558.363659  
319.8329217  
317.4962909  
253.5504841  
87.7063977  
372.7371417  
56.94132536  
242.4599398  
251.5045911  
76.81240505  
97.49896197  
214.5705754  
240.7151316  
63.21990873  
117.8589277  
228.5888166  
166.9148169  
750.60611  
263.9295066  
720.3037363  
9.709278564  
125.6357321  
51.22247873  
138.4216658  
226.1298743  
1166.877026  
352.7845747  
85.65926893  
49.15511988  
48.35655747  
234.3020088  
190.2589137  
377.8823603  
154.3440018  
227.7923721  
6.773624061  
236.6561345  
166.1482726  
101.6323578  
61.47545276  
219.5612461  
532.6784819  
30.20979799  
371.9312712  
113.2503361  
261.7462488  
156.8562904  
608.8335545  
5.021828064  
189.7415534  
39.59213676  
199.7286041  
49.58926445  
281.4079669  
241.6803676  
212.095508  
93.42672279  
47.13067227  
35.11121326  
370.9047408  
73.53186001  
113.1090796  
62.9401063  
10.01999928  
33.56450605  
414.3125597  
241.6270169  
120.487175  
160.976615  
3.058749391  
128.475601  
8.955051215  
30.46230031  
76.09840697  
138.8761578  
238.5695766  
107.9488213  
244.2923378  
50.67877545  
154.8239634  
60.23516496  
162.4611596  
88.19345287  
270.5320778  
214.6885129  
77.5793545  
