9.204998125  
22.90316427  
49.62234735  
43.09539293  
88.41025038  
196.3731413  
48.05004644  
39.81746054  
288.8404371  
110.1137473  
142.3812027  
643.6055237  
722.223641  
336.2381358  
1545.295888  
998.7420185  
1756.280174  
670.0312714  
1091.724938  
1313.722426  
1302.398853  
1017.253683  
3848.118977  
9274.928051  
744.9642564  
376.3773438  
1273.520376  
2164.454577  
4209.336019  
1209.514399  
1109.070146  
2703.327914  
1434.113358  
2557.07382  
404.4556418  
1040.874652  
1713.445134  
5558.347692  
1316.955938  
2466.112731  
183.4961107  
483.1823361  
323.9321244  
368.5613871  
1515.255236  
1025.110226  
368.6097477  
7258.605888  
196.3917884  
166.7511746  
442.7608922  
1170.147182  
3084.71136  
2325.547658  
922.1753461  
804.1922722  
348.1048699  
467.2731261  
870.1803046  
159.6961135  
559.9823659  
1133.163997  
379.7862788  
359.8755655  
626.2822874  
1512.09044  
136.854071  
215.5404996  
550.5107001  
135.1549686  
1588.229567  
210.8760133  
492.349458  
121.1393996  
115.8018864  
172.7994236  
637.6695182  
3.427450884  
234.8685662  
39.1372982  
121.394684  
1818.995899  
3126.349585  
1760.901382  
93.80950185  
224.5674328  
2064.538929  
728.4275323  
562.7102842  
250.5677624  
1394.187566  
14.83410773  
766.6893919  
313.1638018  
234.3238643  
49.48293254  
72.49173766  
63.64000569  
156.5182201  
126.9186597  
1146.575417  
892.0276067  
752.8204255  
185.0696916  
410.851473  
178.9167829  
1731.80723  
562.8040592  
450.3653143  
110.0942442  
991.0662135  
1727.757063  
164.3879947  
108.9607703  
1186.834796  
68.25994279  
304.6288656  
245.0190994  
101.9147206  
125.0214553  
347.8174323  
498.2240321  
2956.100455  
500.0357467  
42.39881564  
299.2443029  
1852.33311  
1461.618276  
52.22000871  
94.70037502  
407.3406455  
45.39795633  
500.7351974  
458.5546878  
190.6904034  
349.9642362  
109.7894927  
873.1264406  
62.92824444  
266.9581344  
673.0137439  
642.6149972  
616.9547868  
307.2918692  
1291.083365  
1590.048547  
290.8994861  
103.2573979  
54.46937495  
98.74416262  
411.6411229  
99.98400346  
292.4286081  
184.5406999  
862.2004112  
58.17895206  
598.8914453  
226.097688  
443.1304776  
363.5021153  
216.0962305  
418.6986439  
270.3706532  
393.3758364  
860.5053623  
161.7628462  
347.1366157  
84.57075858  
110.5634213  
15.18434623  
20.23452333  
129.8661297  
78.31533699  
167.4300231  
101.4666574  
276.3778446  
267.4340307  
42.41470605  
64.40126184  
294.9716129  
295.44552  
85.19981357  
5.677858996  
88.9013318  
158.8856043  
93.48036633  
44.22718043  
170.2059026  
319.5955589  
26.07037918  
154.0955776  
164.8765222  
112.7940118  
602.4797638  
27.10505386  
41.93197427  
52.85700154  
8.542513026  
16.94891252  
43.64416923  
148.8397688  
47.15169319  
9.968791386  
270.7203857  
832.4694309  
14.68636729  
0.7323223953  
4.17271401  
151.1716424  
251.2085594  
219.9428949  
77.89795943  
65.01116543  
33.33750331  
158.0768262  
1.469857238  
16.10775646  
88.87330162  
194.9889185  
338.3637462  
71.01766316  
187.6542518  
52.17259215  
31.8707841  
17.31816522  
144.5969269  
201.0024052  
243.1618059  
314.6583323  
326.8066818  
20.44172086  
30.62758153  
67.91459333  
75.13035782  
93.19317459  
201.0798349  
98.03394557  
167.3900022  
181.5095776  
180.8731514  
23.16577777  
312.5625696  
136.3923916  
39.10449615  
50.80154527  
4.730191829  
126.6352873  
35.19642817  
11.57348796  
9.773550499  
130.9201001  
51.26208409  
136.7357089  
18.8338317  
269.7339477  
54.87582332  
5.992532333  
69.71741973  
27.75559568  
36.24579859  
37.83253649  
71.2474258  
129.1725304  
43.99034594  
39.39720508  
31.74994858  
254.2084373  
49.53433235  
79.93734811  
47.21301818  
5.505399954  
29.34387319  
40.43593588  
41.55391158  
65.61905561  
156.0009315  
14.97002709  
59.1143281  
32.93864605  
152.0524873  
31.14458838  
6.809902127  
57.80980452  
11.0508517  
97.57280588  
79.73494621  
134.0312513  
73.25002127  
11.50564645  
13.96298017  
65.93715762  
85.89688827  
120.9514574  
180.7347093  
422.528191  
