31.01026354  
18.78165769  
164.0491085  
163.8334699  
98.76282339  
35.36370849  
1111.388903  
393.9305128  
1041.411059  
688.2137468  
1144.575234  
561.8921104  
2691.200233  
129.2967983  
1320.280541  
129.4965695  
1026.127077  
629.2298514  
852.4197516  
359.4910492  
181.2357803  
1447.231608  
841.2266653  
1503.051441  
3131.674733  
502.8614374  
398.1795036  
321.9962198  
655.3591103  
1571.879804  
7.729776213  
1284.232978  
382.9587781  
31.4481183  
915.4071887  
937.5841905  
625.9442013  
103.8499786  
783.9133319  
3435.989205  
191.8050213  
820.1824525  
35.39428902  
500.7848563  
1614.555538  
265.211755  
503.5679674  
47.73689195  
234.0555654  
1628.519509  
210.9072679  
2676.138458  
618.7754248  
325.8316065  
259.4421969  
1335.076183  
30.75132558  
284.6494035  
529.8506468  
224.7418616  
920.1525362  
2006.126203  
3440.351297  
1098.555936  
1592.32651  
102.6315172  
901.1805503  
180.9612082  
352.7586237  
572.5396234  
4557.125295  
73.19040246  
163.9603979  
282.26862  
452.2843506  
361.9931936  
1092.588598  
1253.449393  
740.1416826  
395.2136001  
2148.576655  
1724.885705  
4230.423294  
1031.987139  
1444.376364  
1233.650885  
1406.039944  
382.1246031  
1611.949598  
3811.581486  
168.5958375  
1056.548217  
3454.366053  
642.00424  
3398.530989  
5656.6496  
3660.484095  
14868.39338  
10856.52449  
90.62281901  
4116.635719  
1318.768188  
421.7260027  
4032.672318  
1253.994367  
3367.627453  
6037.425658  
2036.375454  
29.7905715  
2067.492865  
3974.27825  
369.9739632  
2148.81595  
47.25417265  
9248.408672  
2727.780874  
2491.880905  
420.8716082  
5732.092179  
1425.006842  
9451.752189  
19374.40058  
11839.36904  
1805.687581  
6119.351044  
369.0896515  
12289.94784  
10016.96059  
1461.124798  
3059.316138  
2893.699883  
1781.720062  
662.7607846  
29.78854156  
2738.929365  
1428.92996  
2194.472057  
2423.416149  
701.9101681  
3120.860546  
3125.78471  
4581.652163  
735.652819  
1293.824983  
1874.381247  
472.5793351  
1689.68414  
287.0569537  
1869.240677  
197.7169748  
74.06927271  
425.0323511  
1322.856325  
217.8522822  
215.5254578  
335.6322699  
164.6474454  
1445.910299  
498.1967859  
487.3683395  
1122.587932  
22.48166023  
637.6349425  
164.9541315  
582.4120813  
104.0713296  
1911.661217  
824.3341475  
177.316594  
285.7503381  
170.5129748  
236.8009204  
54.17563172  
199.3002376  
236.2237127  
96.34983683  
32.39079417  
22.1587677  
387.2290807  
1348.466453  
488.6087676  
6.647181867  
64.1465617  
262.0243957  
1034.29412  
241.2801146  
1991.512342  
37.24611888  
236.9728485  
103.1370321  
234.9422571  
169.8482061  
77.01561875  
1339.757719  
484.0789058  
64.39545608  
7.09076622  
64.22731178  
458.0342525  
0.5155080319  
208.9188982  
21.03013192  
52.9634205  
643.1125255  
186.2018371  
98.72954782  
45.47761799  
44.06553686  
388.8238407  
156.7010631  
228.0712011  
305.4694946  
148.0181243  
44.24602997  
812.5327564  
339.7663543  
174.3751608  
198.3706431  
67.30421585  
741.2962738  
715.3670145  
8.97934979  
461.5271721  
400.1720282  
456.3746945  
420.954419  
419.1013557  
244.7508488  
11.54137277  
31.39063854  
421.9421479  
158.213529  
440.2681097  
520.0574913  
181.2003128  
1062.817804  
68.68137963  
371.0535583  
91.71038206  
63.86247716  
12.43865005  
254.9787348  
227.4286346  
80.41598223  
35.41747007  
255.6048396  
46.47772158  
41.67587617  
447.9411304  
592.6708074  
422.1292633  
570.7672147  
45.10581099  
124.5604728  
93.4897633  
30.22076348  
338.0717998  
131.8021778  
156.5592969  
73.09154776  
638.3918451  
132.9532625  
115.3605162  
369.7797689  
117.8823783  
105.3908264  
77.79112565  
413.594456  
117.8799798  
310.6127018  
7.134699078  
5.626684855  
35.42508538  
51.703272  
15.17250667  
467.959504  
32.27462323  
9.001505788  
113.8043052  
171.864435  
204.240555  
0.8482236585  
362.7467363  
6.670555356  
230.815759  
74.12147647  
149.3023442  
37.90751778  
23.09024464  
144.1139978  
192.8392567  
18.54900716  
278.0562608  
107.6965651  
33.24843896  
