15.69488249  
30.00298373  
203.7976319  
263.4849704  
88.96558288  
154.3363377  
1208.810888  
266.0771865  
16.23802144  
1124.015731  
2257.774712  
2123.507323  
1610.558365  
301.5405972  
77.5225764  
325.9680725  
1084.715101  
32.69946344  
279.2212473  
103.1057391  
938.0201652  
673.1119691  
787.2529622  
94.56037238  
370.6067505  
2378.496996  
2864.478801  
9.162001611  
196.883948  
156.4434895  
32.15633742  
655.2510835  
1142.880418  
823.5150524  
903.4342489  
290.5239864  
281.6300579  
427.9842171  
454.8901995  
15.35271985  
205.5906951  
61.38186997  
2153.68405  
361.8635951  
45.09484521  
46.04487736  
32.32862033  
923.6146466  
3574.067835  
278.2669533  
840.2425099  
38.37352393  
9.938280864  
1319.755627  
1184.415413  
60.67108109  
175.5357667  
1074.605426  
176.7434281  
201.6832686  
336.1009776  
410.5678105  
89.23257868  
834.1356386  
359.3532766  
617.8125548  
673.4786943  
950.4020353  
533.1029977  
628.6465253  
164.9647272  
189.4684787  
146.1481727  
325.6886508  
317.382147  
83.21197763  
690.255519  
755.3037935  
677.3810412  
1272.623565  
213.3445009  
1466.296118  
1002.329999  
485.4391735  
208.2346633  
493.6938942  
52.74205902  
1108.254074  
2231.283416  
786.830607  
256.9142528  
196.7899908  
1312.796897  
1058.2353  
2358.292536  
3223.50919  
7163.144134  
10340.0516  
2861.980108  
2173.030378  
2271.366813  
1435.874823  
313.8518725  
2683.730791  
928.1884169  
1480.831758  
4236.911632  
2169.925363  
323.4024091  
709.4748041  
3082.064409  
944.2596197  
1822.521409  
223.8938174  
4285.229216  
5101.866263  
1198.430575  
1372.814353  
2016.834448  
1164.615781  
5110.849396  
5452.733125  
4375.692483  
1704.935233  
1175.329854  
244.4264909  
4334.184967  
4705.295171  
668.5808078  
1971.71414  
910.2250773  
198.1726628  
143.8957687  
821.3582641  
2422.714277  
99.47286209  
300.8139889  
3016.797006  
75.84519055  
9.027596305  
495.5153616  
457.7764217  
164.9849937  
202.385334  
881.2421936  
88.23077594  
284.0469491  
46.18407718  
66.79767679  
113.6193506  
3.44795901  
54.0288894  
36.13101853  
58.74368623  
167.877506  
846.0102209  
396.1449645  
589.6130884  
47.32660737  
1055.180721  
11.00083308  
1013.239833  
179.0275056  
415.4325176  
832.7471531  
403.2088449  
33.17008687  
342.3377043  
304.2204939  
269.5677005  
99.09911726  
5.421794419  
130.2163362  
214.6166262  
533.47478  
480.4949311  
152.1846438  
283.6706737  
98.51547221  
83.83870097  
167.7056461  
477.3183157  
124.3318791  
147.5909986  
640.1223469  
17.99969209  
210.0951164  
343.8860913  
80.27670224  
21.84744437  
19.50777051  
186.429663  
113.1512306  
942.9161924  
998.2316326  
145.4358285  
17.91461485  
54.71872205  
2.724491535  
52.17347387  
176.4538539  
58.49036719  
351.5504831  
240.4822405  
104.0063042  
43.91247381  
85.20026851  
55.05858025  
184.4700561  
629.9841387  
10.88852875  
163.3632425  
97.21508294  
48.84850829  
168.167985  
167.3831997  
360.1354146  
483.5352749  
15.43168545  
127.5959364  
146.4261462  
520.1808992  
328.0469732  
156.4124204  
145.9179773  
418.4209526  
532.8741953  
1.171665753  
336.1427476  
128.5416167  
199.6071083  
65.66259678  
386.2197511  
501.4684799  
390.2281496  
65.42065486  
365.4284069  
268.9930934  
346.9615143  
49.90896105  
174.6726356  
266.700899  
71.0588733  
60.83725249  
163.0964793  
223.9387973  
36.51017025  
32.68398999  
24.16496388  
101.0632831  
59.68504021  
988.556234  
15.15070952  
123.7326325  
147.6095739  
241.2647488  
300.7897157  
340.0975613  
322.1644498  
697.1316737  
350.9901557  
377.7112237  
22.8902009  
117.2449658  
111.9347676  
330.1130026  
16.80286363  
46.327833  
113.4487324  
14.05261937  
177.8489062  
74.54070678  
185.3065113  
50.35578748  
117.8171998  
30.64682277  
4.575871736  
2.840630356  
3.855673647  
54.20319588  
48.17971384  
13.48420977  
270.401764  
6.103273081  
144.8721805  
65.03432851  
57.8101622  
194.2522973  
132.7561039  
25.92321165  
128.0391729  
8.315053537  
140.8450572  
25.85769223  
0.1535789245  
