50.95233212  
22.39185382  
73.14777828  
185.2860552  
142.4164982  
468.1970599  
2934.012196  
50.74022436  
1471.817498  
1207.921174  
1903.846541  
3481.247691  
1016.152278  
511.4104215  
184.3544292  
2646.888272  
1935.559435  
502.6785497  
4356.353645  
10304.30415  
2287.980856  
2289.314953  
442.1193188  
5155.23041  
1064.599743  
2700.030965  
1754.656004  
2347.832678  
59.35466933  
7171.078058  
3243.03266  
4494.598927  
326.2278954  
525.7192552  
1329.668336  
1243.823484  
1146.389504  
85.08970006  
1152.762284  
141.1308255  
1308.628021  
137.5491971  
173.5513756  
243.8144668  
303.6508211  
36.84341992  
295.2624901  
884.9215449  
560.6104878  
2915.402705  
59.14429206  
1229.333432  
295.7936843  
242.2367237  
1500.844781  
132.4315173  
384.3263331  
280.8907263  
476.0919117  
1324.072128  
169.9351569  
73.33892063  
473.8021693  
2236.162208  
2458.224253  
87.97960851  
1500.835951  
38.98537868  
1357.863666  
428.1206672  
264.206604  
103.3985356  
1168.962041  
3164.563641  
345.9899225  
295.3889099  
820.0710374  
77.17765399  
116.1552461  
1595.429466  
286.9437569  
383.9527095  
2122.609548  
140.2538289  
154.2789123  
1250.009165  
1026.87428  
1123.873063  
3043.837397  
2599.289616  
2306.496313  
205.470009  
1213.384248  
493.8707537  
2252.605752  
3166.295987  
7990.20118  
7950.114008  
6619.213802  
554.0443981  
894.4858623  
1184.356477  
811.2028343  
892.9451809  
148.533472  
2075.608517  
5506.547418  
326.3371973  
318.4353647  
863.2433077  
943.4882636  
1289.420474  
4084.287783  
629.6011818  
2968.25469  
2400.384761  
3411.897289  
754.3647929  
2326.314201  
712.4296109  
1629.977198  
5424.734074  
2213.032738  
2094.064512  
1606.64754  
783.7476746  
2916.845123  
3318.281947  
693.0738556  
1297.295424  
1109.259511  
848.5263518  
25.52825169  
271.973778  
1069.849076  
644.5613745  
106.8420753  
2706.817178  
498.74192  
106.0043179  
363.3558508  
1147.452728  
33.66449474  
100.0033333  
666.3528833  
213.0811481  
48.18399313  
233.6203654  
113.6368577  
4.755818249  
89.03168081  
162.7869987  
291.9310549  
15.94895594  
407.450361  
38.62133487  
58.52661536  
1159.172838  
333.3613537  
377.2980076  
47.74473357  
519.3417022  
685.2355131  
624.9210787  
14.34029261  
325.9155287  
777.4369582  
10.68042291  
143.1456783  
104.6077748  
400.3469437  
26.80279775  
131.6150063  
118.1566385  
209.9456647  
1697.210608  
670.7276314  
158.1644147  
198.1319115  
55.36665622  
89.40603101  
271.0112343  
187.2868127  
268.4763247  
917.1361587  
571.5708524  
1869.666312  
472.5601204  
33.24514897  
266.9021458  
111.234024  
25.64224404  
270.0375295  
314.4986117  
878.759365  
678.2108153  
94.99330961  
43.98368114  
363.6534521  
513.7329272  
465.7810796  
1174.137362  
669.9125609  
831.3199243  
185.3872316  
1.196208361  
39.59547103  
10.45045378  
258.3176928  
420.4882812  
1651.983043  
148.4748916  
408.5046485  
164.4328913  
209.5994584  
85.84883213  
226.6000359  
11.60025929  
115.8667095  
416.5738774  
492.6914903  
214.1924505  
443.9798768  
231.8934567  
107.3478146  
110.4588642  
108.6212245  
404.0060321  
211.6379802  
5.237356435  
684.3961931  
159.5929173  
416.0407574  
408.1230687  
393.0208716  
401.0638473  
614.6473872  
247.7394063  
32.64375245  
1370.869545  
146.4991115  
83.72795676  
246.6044737  
55.39850377  
224.6324063  
118.5428694  
294.742041  
147.3941472  
217.5054211  
677.8174274  
1298.496432  
235.2813514  
51.56407372  
53.88468451  
281.282259  
177.3582359  
98.28153622  
467.1512113  
300.2294312  
392.3318424  
84.44527367  
103.6808737  
72.43458306  
120.2592336  
734.7240804  
365.1597012  
117.8620605  
58.46557715  
152.9924649  
69.47983221  
328.7416192  
141.7402991  
104.0294919  
473.8170184  
204.6725245  
93.61685596  
69.11254985  
191.2521551  
333.270315  
42.42872666  
0.1928825968  
86.58270663  
182.4844804  
393.5890557  
202.4193025  
194.6137096  
159.0206755  
375.9382732  
51.01971101  
280.1119134  
240.838543  
7.463236664  
14.07131712  
197.6814317  
20.70881094  
