5.590469146  
78.48284508  
289.5107876  
86.13552248  
63.63577697  
1404.101067  
607.1097525  
916.503867  
39.55671261  
1619.515385  
249.9354257  
328.1911613  
1176.21239  
875.7348945  
690.301896  
1966.031783  
1248.673007  
452.9983438  
965.5970432  
235.8958423  
2318.207413  
6228.235316  
2564.083685  
1480.883182  
3654.144376  
2202.755825  
4157.458026  
2032.095971  
165.8254084  
938.1117028  
1982.799693  
320.9018208  
120.3257977  
0.1036978481  
2112.496569  
496.6835796  
182.8196639  
3419.179654  
369.9442582  
571.5718756  
1775.565099  
3410.80987  
3454.224348  
678.7603691  
17.55119073  
1942.14972  
3835.748549  
2065.077103  
5200.135628  
213.2558631  
2075.267913  
772.7227898  
369.2553578  
342.7138099  
3106.674767  
3850.344933  
183.3296724  
310.592345  
560.766872  
393.2978023  
942.8144989  
443.8546761  
92.59244867  
1901.394422  
796.787201  
581.1346113  
36.60553383  
575.7851267  
1604.025607  
940.9293003  
375.1942354  
1546.329753  
1160.074724  
6656.607048  
673.6350776  
1939.20601  
1526.383986  
234.8432945  
1814.136299  
2054.533362  
269.0767685  
695.1706737  
650.0100204  
1114.762694  
712.8706664  
1259.272306  
45.80810338  
8881.760227  
2115.084213  
2480.224097  
1097.061951  
5864.587036  
13.99010617  
1143.726699  
393.089434  
0.05653495451  
2398.427129  
4173.146473  
4475.05928  
411.9475889  
2467.273824  
764.2791381  
143.3351696  
1469.324643  
178.5806352  
2694.472858  
6924.876952  
1209.728009  
627.680755  
1654.043709  
1263.234669  
927.6206593  
738.8435714  
1636.864563  
3161.691418  
4165.404837  
1905.610208  
145.1632032  
1402.60841  
776.6129445  
1814.450455  
267.2899918  
5074.196503  
3828.411644  
4852.608199  
242.0977154  
6040.523051  
282.9548152  
431.8286183  
308.8648069  
1005.192129  
1454.21565  
432.6096579  
2338.190499  
2531.853074  
1543.024192  
2362.523587  
2046.720617  
1764.391273  
590.2285285  
909.6350522  
885.4246859  
1460.737048  
1130.667848  
1600.530224  
477.5012344  
2195.907342  
261.9734546  
762.1160603  
4231.806983  
1728.76606  
573.8934125  
3026.01641  
421.9154626  
231.106821  
612.8177184  
2232.926547  
911.8859762  
189.1095975  
1835.453471  
1424.738892  
41.97619417  
1217.833295  
990.9432548  
2903.010145  
3422.81582  
1256.798352  
22.71567212  
91.57198353  
468.7635005  
4293.769101  
3653.07094  
2146.895223  
279.342724  
655.488932  
2178.891878  
334.6132168  
403.6350648  
2014.704711  
1073.952715  
6744.869674  
281.0702174  
1344.855398  
238.2894734  
680.056789  
2301.391191  
2034.358077  
720.8336209  
2082.185953  
4484.874759  
4371.027575  
4623.366355  
1911.337987  
486.970477  
1959.938388  
48.55703716  
4306.866045  
4363.888614  
3925.469088  
2227.376362  
1641.755579  
1499.896057  
78.59090642  
4241.02598  
4588.5481  
170.7306314  
1795.522961  
1031.750137  
656.0341904  
1492.97534  
133.4528178  
359.8138074  
372.5586267  
134.7816992  
914.7681358  
1909.680728  
2681.53224  
180.3332815  
167.2897192  
1493.241344  
1540.824055  
2867.082329  
1521.392993  
77.12784546  
524.6206794  
1468.526617  
2059.240299  
2320.483106  
1765.449388  
322.0236695  
124.1606064  
50.18019572  
617.9774055  
1126.954407  
1559.97249  
265.0862721  
934.838217  
532.6586672  
194.8461586  
796.1427591  
321.2421366  
458.5181717  
5936.486193  
1596.941428  
1615.207823  
1706.426801  
158.4512764  
1041.889869  
789.8454016  
1713.342806  
1770.777439  
2226.111953  
663.1281245  
2385.373745  
970.4613851  
1065.57296  
2202.151996  
376.8647818  
329.8321157  
673.5294685  
334.5494028  
1462.252875  
56.78314869  
20.97170758  
639.7798391  
217.0952756  
2210.448789  
364.7375705  
881.6237778  
681.5311978  
4842.405491  
851.3275498  
142.5286201  
506.5711176  
6179.053548  
375.1957812  
760.4971716  
544.918812  
457.9571186  
123.1308799  
630.2422186  
1397.629854  
11.00071734  
534.9367667  
76.74991236  
190.7099356  
1331.565245  
637.9057634  
328.5118976  
2603.281173  
15.49508536  
31.64403253  
970.7824779  
1544.315983  
219.4435183  
