12.2794065  
5.611832748  
49.66687267  
87.30745555  
570.9533185  
202.1312058  
902.398354  
16.52587257  
593.1455514  
62.16110098  
373.2594442  
1908.037166  
1267.567239  
830.1486003  
2604.163162  
338.3820589  
5188.079826  
4288.695951  
13076.05585  
2282.888028  
8050.6367  
3184.832399  
3153.747437  
469.2593635  
1330.60827  
2001.715086  
6379.841151  
8297.958404  
266.683192  
893.3942733  
2423.571233  
1618.840851  
2100.375389  
584.8780612  
476.8325233  
2706.844149  
7067.669708  
4939.4404  
494.2053392  
804.1711844  
678.5538609  
1078.364077  
234.7941127  
4.434398456  
1763.607243  
1047.896785  
475.1810107  
1251.38884  
560.298297  
1565.231864  
1743.20752  
2897.473005  
395.8473404  
70.14717524  
1124.872475  
5975.858278  
1256.578313  
3503.718883  
1005.277906  
284.0420192  
772.3252605  
442.9692845  
1058.325792  
1517.235983  
738.4442237  
8210.1951  
661.9161685  
253.5310622  
2023.6231  
212.1571671  
2219.046301  
267.8447701  
1194.876415  
5.629186358  
824.0832296  
176.5007344  
1338.835897  
780.9923596  
569.4004502  
3428.659802  
86.31121727  
1482.076558  
2522.464396  
1130.546629  
112.7233279  
7.124494561  
3072.451317  
1980.587268  
292.0693692  
185.8582553  
75.52926741  
667.0137277  
933.0951438  
1517.690845  
1068.237586  
2588.570037  
144.1291386  
2695.633795  
138.6259748  
726.724958  
310.7717637  
625.3227577  
412.7400309  
34.94715054  
1402.253913  
220.9151054  
555.1893905  
1214.592428  
111.2158445  
224.7318547  
993.8806203  
172.2543666  
30.3174584  
552.3584959  
661.2510801  
359.6798461  
1124.373809  
77.35420971  
566.0235421  
1414.917373  
1883.681911  
472.7799532  
719.9236867  
549.3705219  
1146.637976  
1723.476888  
632.0408869  
996.5649304  
37.29429636  
793.9231726  
63.61203485  
1469.053177  
804.2519573  
454.4824261  
278.8808921  
264.2834891  
255.241934  
45.10041395  
151.6099981  
47.38819902  
1431.733304  
1570.282391  
686.3199781  
244.2281394  
123.627441  
743.9478168  
198.1839608  
622.2535492  
359.0300889  
811.6218002  
194.9181885  
208.4419811  
218.6211968  
325.9430905  
183.8816447  
199.9215143  
9.775271379  
29.65064988  
24.09553641  
173.2968554  
5.660055813  
373.1431974  
115.9724065  
402.8765112  
357.2764524  
809.2857917  
64.82447776  
279.4247921  
514.2860929  
462.7451946  
607.0295481  
243.2281005  
183.1347647  
184.7803094  
58.71388098  
181.9697411  
899.7665143  
72.01287017  
220.4827456  
298.5924962  
84.51456657  
243.3265021  
55.63337383  
371.9999251  
347.6992834  
670.5721682  
26.24731541  
400.1612713  
310.1455262  
284.0165882  
229.0198809  
115.0805111  
515.4717426  
583.249524  
49.79559447  
15.91247401  
61.25548174  
204.1666154  
21.70949275  
60.16261962  
1.898141881  
629.4532104  
365.6848108  
251.2543462  
375.7368832  
55.62906507  
47.66757298  
86.851312  
317.3804855  
960.0885069  
13.414425  
382.6162578  
84.50967753  
15.05453313  
109.3942887  
90.0703279  
745.2910482  
47.85419886  
55.01706256  
24.65253436  
22.68588816  
117.5626999  
99.96191533  
97.55401221  
0.7099108487  
170.470672  
518.5311015  
387.2153023  
49.35730204  
192.4212366  
93.78025308  
42.69754225  
19.02865389  
240.7678069  
61.57241425  
69.02907617  
237.0134195  
216.4367707  
65.83930038  
15.6238658  
30.34402633  
14.33340255  
354.7626565  
250.1307216  
439.3144426  
55.58342194  
208.642249  
199.7426903  
57.31368444  
36.06465389  
53.09437893  
13.65938053  
15.13392779  
149.8729531  
32.42871021  
71.52827297  
2.788702097  
47.5123192  
18.51646095  
32.93226608  
19.5808067  
43.23399309  
1.762147687  
179.4782906  
16.83169943  
61.67117168  
199.8520472  
70.91358985  
73.75105723  
63.71278193  
349.1336985  
153.4920892  
51.59724783  
63.03161416  
52.62470402  
95.92254451  
31.21626941  
28.57958919  
10.56371358  
8.646269997  
184.9057883  
14.54734446  
30.10408351  
184.1369518  
27.04479774  
74.09850867  
134.6627289  
37.72574421  
90.8818976  
77.16918485  
80.74957538  
146.6496463  
108.0775215  
37.04822698  
61.33488812  
