3.833691662  
1.744235452  
85.23492443  
118.6247483  
141.309143  
28.1295046  
260.8541564  
701.0932591  
1001.5589  
148.0506661  
2374.176838  
664.3776507  
1043.498386  
1152.291507  
548.3579357  
889.3169971  
457.4088279  
80.34729284  
337.1745697  
1580.195607  
2143.652224  
421.0038394  
896.0422411  
495.0047875  
193.7154575  
537.295745  
1514.267333  
2341.819444  
2533.615568  
3263.425722  
709.3407272  
4521.010124  
1704.398781  
1721.247926  
401.6446647  
1333.220288  
1689.166178  
2463.553988  
99.35262523  
910.2119343  
1462.856393  
275.1232338  
1514.792235  
564.4508282  
234.9695104  
457.5454408  
499.3095533  
881.5638411  
2161.098198  
158.9172142  
626.6747343  
1013.049693  
19.80054962  
157.9917498  
199.8682931  
1015.16197  
20.09200507  
378.2689927  
150.4146394  
613.9739979  
519.4888267  
454.669129  
474.9350757  
2.856305356  
170.0325157  
211.5798439  
333.9309645  
20.14723771  
208.3961486  
836.5857657  
548.8131147  
388.6181291  
441.2455331  
320.8060786  
3005.784405  
71.49191581  
1099.73284  
471.4578626  
992.4580526  
1254.535063  
386.6448894  
1220.351234  
3197.576122  
2.987538911  
250.2600418  
1276.889178  
740.6880476  
1046.047589  
495.2510781  
1140.748262  
1074.53546  
430.0631535  
528.0625617  
1352.594757  
1186.42259  
1083.876182  
8824.341309  
7316.70123  
884.3733686  
81.52660911  
1298.556286  
739.9448183  
45.26594443  
2082.37207  
723.1972007  
1623.610117  
953.6400444  
109.6703573  
71.31186518  
275.1289809  
829.7746156  
290.3050574  
179.813775  
856.3922505  
434.650348  
13.09209018  
1785.551693  
83.43408827  
2351.604729  
385.9540411  
1867.950437  
1171.130807  
498.6283005  
288.5940941  
78.72106237  
232.0995157  
1127.790248  
482.1796504  
582.2239643  
1216.503516  
635.394211  
732.3906525  
144.1821414  
203.9435471  
108.6687473  
215.4868316  
6.387664469  
255.704584  
76.2861225  
106.5015014  
126.3432533  
216.9560217  
431.1099575  
557.2807276  
845.9370306  
467.9824632  
79.18441046  
292.2841994  
89.48032061  
131.6859149  
23.49643434  
34.21809291  
290.7714238  
407.9165259  
202.7922461  
95.89700047  
47.86945043  
214.9679875  
118.2745677  
447.4423954  
161.2046953  
154.0737992  
846.0762796  
484.4002968  
520.6973953  
358.4867548  
229.6030427  
638.2740663  
307.8601448  
295.9620504  
232.7316282  
279.5236343  
420.7018294  
34.06891072  
51.83735297  
208.4923166  
12.8313975  
93.29983121  
320.1673767  
509.0796603  
222.6382261  
432.9033407  
186.4423172  
77.79602249  
555.5877634  
486.3907785  
499.0871802  
317.6690337  
86.35835094  
93.8230645  
589.0811955  
819.9888619  
242.2187605  
4.536198437  
73.87143446  
15.14416736  
575.2718418  
341.8200001  
198.4210478  
191.6152184  
60.9690283  
472.3854869  
24.34766688  
1011.939453  
110.9967568  
600.05042  
156.1851866  
7.516099363  
225.1208844  
167.7899081  
499.3750162  
82.75564835  
69.28476268  
103.947177  
16.64314609  
132.7912387  
250.637191  
88.83545818  
160.8904885  
105.5046798  
135.8170194  
175.5380808  
13.18397213  
294.1440805  
130.2434041  
150.8572068  
322.4315252  
154.8674872  
96.93860383  
51.63701122  
146.9732963  
258.0650641  
14.67480817  
101.6986524  
80.13860319  
368.6137947  
144.4350499  
219.7230578  
30.99764902  
340.5677296  
9.935913867  
151.9237322  
158.2070537  
283.2989931  
18.03383501  
82.1386558  
19.75993335  
98.20761559  
398.9337211  
194.1641821  
199.1572991  
139.6533333  
22.83905162  
356.5422871  
162.6791039  
248.8056347  
420.9334729  
200.0613263  
235.6858429  
41.82400119  
33.2944699  
406.4170255  
137.0388479  
10.50232506  
131.3452456  
15.4170997  
38.78615556  
42.36050896  
57.01632068  
2.128963575  
52.14982132  
101.0570098  
20.77281574  
272.5756065  
81.07479731  
46.59033426  
1.948179063  
85.01042289  
244.4189565  
32.29777362  
95.041504  
44.38615503  
87.44565403  
56.6453756  
167.2894337  
14.45843796  
211.06288  
106.0582454  
89.50346213  
221.1817551  
13.59223711  
87.31693699  
205.6133665  
19.42367132  
0.7391295771  
