0.3461074393  
10.8110811  
4.400594949  
33.49263803  
14.23064975  
12.35671258  
24.6317405  
64.5743212  
273.3025711  
118.0111769  
373.3582442  
361.5468835  
143.5600807  
525.75554  
587.3826353  
133.4141554  
715.7621765  
81.55870618  
297.3007648  
1930.796499  
22.86494937  
920.3560018  
285.8450835  
460.2640819  
255.6579846  
227.9652227  
1999.130112  
31.90002478  
721.9945189  
19.85504954  
375.6977655  
136.7049403  
219.3542207  
51.68796548  
219.6698017  
394.411707  
583.2348031  
1038.640285  
225.1320947  
191.275986  
2594.721098  
319.9793732  
2683.65015  
2482.78672  
2519.750969  
365.1548041  
335.2021402  
704.5812139  
1079.416936  
22.41869767  
156.5053813  
632.9785086  
1193.720483  
314.5756447  
12.19870682  
195.1467538  
61.39605389  
46.84083542  
1331.985605  
135.6787061  
589.002771  
531.4669247  
255.9061967  
567.025107  
207.6056485  
375.7673471  
589.3765869  
86.90106302  
292.7668479  
11.62598562  
363.4273449  
459.98328  
53.12246939  
252.3678022  
231.9722977  
704.9461652  
752.5774996  
331.8574524  
687.847493  
1.835221636  
2571.322598  
342.585681  
2291.935807  
133.906201  
310.369935  
161.8947362  
43.90434011  
39.61558143  
287.0448464  
53.63047919  
161.2515575  
171.975995  
272.4726766  
460.4530548  
261.555065  
219.2521666  
301.9367144  
106.3177214  
34.36277499  
642.4797712  
43.22817269  
313.3829046  
170.7182105  
119.6791054  
80.27608079  
1094.809383  
491.5092622  
34.4755043  
131.9870915  
36.2093027  
183.179442  
188.4993949  
233.2318312  
1864.252611  
56.81052739  
184.4627491  
843.7719012  
61.12347978  
62.61447625  
337.1599908  
421.807604  
579.082595  
1510.365496  
131.726303  
126.2941659  
477.8748882  
405.1588347  
46.85158026  
10.81521926  
219.7443241  
353.282028  
819.2351992  
192.286683  
47.61858907  
608.5170531  
475.2735568  
462.2824451  
268.0391624  
291.2720831  
234.4020355  
612.446629  
36.94134086  
55.91775715  
286.2048862  
1132.256376  
22.29192625  
179.6061726  
110.8831082  
255.9542896  
473.1821814  
439.3238899  
213.9948396  
1056.308196  
70.35631476  
280.2154689  
34.78168385  
82.82399905  
174.7393173  
150.9425278  
397.4080884  
125.9482781  
438.8210277  
113.4792687  
49.79789867  
143.3852716  
29.69330222  
336.2206142  
163.6679425  
251.6110465  
294.2856316  
311.5376845  
167.1291151  
249.2229841  
656.4859241  
389.4481903  
313.5610115  
61.47448662  
15.48351885  
63.16949817  
344.8902499  
125.6690951  
308.3607196  
15.79179527  
71.08047475  
283.5306327  
79.74357037  
188.5728229  
308.0225268  
802.7980263  
382.0867249  
463.8344263  
109.2295823  
330.7817756  
108.8050964  
14.33427587  
136.7261975  
722.4742039  
355.0654865  
335.6483445  
259.9139403  
252.22224  
313.643015  
143.730814  
16.66841215  
310.0021269  
91.4295766  
1231.015586  
331.9958261  
214.9702096  
0.4215946457  
99.12688637  
42.68031378  
277.7987193  
91.19993479  
142.516529  
198.1255053  
17.93858434  
333.9694746  
533.9916406  
384.7169098  
508.266601  
95.90356938  
113.9018916  
87.29546906  
170.1377433  
117.9558256  
51.78669832  
14.75451785  
28.39254852  
180.5091036  
316.4176007  
247.1137708  
437.753671  
56.58261253  
375.2550102  
325.7999007  
78.95549871  
2.262685789  
10.85858272  
79.0104515  
54.33586561  
166.1871799  
134.7142622  
209.8145572  
261.9270883  
84.67605955  
15.76279468  
31.26340592  
47.3501496  
140.5133265  
181.7604841  
92.02719969  
10.03951985  
52.42311395  
108.5199486  
32.30969731  
2.467581466  
23.83933902  
4.179437315  
2.561418453  
41.53732617  
157.7445673  
41.52369769  
89.50482269  
239.1565701  
1.641009069  
18.91415143  
153.8358889  
19.3765917  
91.20361522  
191.9158004  
113.5003436  
15.82911117  
92.25948403  
246.5931444  
52.30246348  
144.068634  
100.3556238  
46.76368818  
7.757346399  
21.78313721  
29.89595855  
118.5570307  
60.03892146  
2.422172459  
1.383957346  
70.5269623  
47.33516228  
15.82288286  
65.32566824  
76.09766678  
217.9177263  
270.6788543  
57.18360887  
1.093710919  
