8.003274322  
6.166978654  
87.66690632  
148.1691343  
21.40557554  
304.8729275  
123.9569008  
553.4560529  
256.1186742  
409.4908508  
8747.010763  
96.99841799  
2164.375396  
24.4997594  
3270.987855  
54.20073347  
8330.971151  
6005.015467  
674.3969186  
3725.864259  
861.9591823  
13580.87149  
2178.209669  
1161.197264  
8029.338177  
5083.681876  
8592.388492  
13974.39006  
5131.526846  
7905.404479  
1071.04831  
4415.158012  
1755.404983  
3826.220893  
5805.604249  
167.245064  
5548.817316  
527.656352  
112.9039747  
3552.897348  
461.942784  
776.9151816  
593.5149683  
350.2566005  
2081.058115  
9.843818872  
4398.10736  
2497.787519  
8286.026072  
592.4068126  
2489.114052  
2302.252228  
1264.703135  
307.6868764  
1091.402087  
1043.769892  
1253.377869  
1488.109864  
582.7962842  
1414.368538  
166.2948695  
43.27474248  
2921.130349  
556.879204  
207.6185318  
1039.233587  
372.8749372  
209.6685846  
192.1661203  
538.7274446  
282.1551566  
1004.173843  
1592.246247  
378.1135193  
676.7526748  
1040.202615  
3792.218519  
2837.85422  
189.6820815  
397.7658167  
2506.732807  
1309.987754  
555.5320031  
288.2976456  
589.294837  
1182.532452  
236.4035331  
114.1854049  
852.9825432  
1247.731231  
301.9077679  
457.6381521  
35.48586614  
145.2528087  
568.0377538  
575.3913999  
55.98417067  
1717.882724  
1075.688776  
254.2592633  
1164.68189  
322.9881042  
292.5949007  
341.7776031  
191.4655657  
235.9035309  
711.8300881  
170.880005  
305.9663485  
482.5017821  
1222.001734  
262.2337863  
395.8078521  
1464.459054  
1248.595086  
273.6822643  
2296.516097  
423.1047112  
1385.290572  
746.7733489  
17.28061691  
223.4248213  
2154.6787  
311.9659919  
273.324239  
102.7691989  
586.0513234  
662.1252929  
275.8032167  
115.6303764  
1218.807884  
60.10380513  
56.48352163  
182.332763  
328.8383971  
285.897613  
356.360951  
702.9328394  
437.5671562  
41.52284198  
1076.368166  
126.366741  
167.9469054  
304.2260125  
218.384727  
387.9861719  
116.2782  
188.1048265  
201.6553993  
603.7762004  
213.9869096  
371.0889071  
0.8111067576  
40.06681511  
251.0183746  
225.5307895  
378.9506265  
421.6132949  
208.1889229  
195.0801192  
159.2151233  
618.9768298  
14.68735607  
553.7101223  
409.7507016  
131.8196993  
243.2128015  
114.0115228  
559.5550558  
185.7394983  
108.7905319  
15.71277833  
333.774073  
116.4030222  
412.9579979  
183.0695891  
185.0086961  
177.4758584  
69.77603331  
153.1682446  
118.0134933  
304.2633599  
224.6257257  
76.8521834  
45.59662953  
341.1923506  
133.6993457  
206.9206266  
122.9043686  
43.72454695  
54.93798942  
39.80781107  
82.93420007  
70.03491764  
106.72561  
209.6987724  
369.8029473  
237.4761303  
8.674827031  
29.69834407  
132.885356  
57.31140773  
8.421731195  
113.3024756  
291.1419003  
69.87862919  
90.49954589  
43.26310256  
200.8898234  
101.6402305  
216.0742211  
163.6895688  
364.3736365  
280.0590478  
2.233551145  
349.2956969  
507.8696819  
13.91027972  
13.75849906  
238.643666  
289.8707625  
95.18460599  
242.3835998  
83.35314045  
76.84048429  
55.2419283  
268.4178204  
145.3939513  
39.4790372  
119.1839465  
277.6805146  
10.45285869  
129.1111007  
20.48339081  
72.78273067  
133.4626347  
31.33088028  
64.60669139  
28.16684252  
114.751703  
17.88763903  
11.73528464  
129.1981907  
17.0210754  
24.28391863  
39.37847203  
55.61765715  
34.4218553  
169.0833805  
12.14406785  
11.14897127  
107.1115816  
20.01141009  
825.2485579  
7.737767663  
222.0137216  
36.9020158  
166.0629802  
14.87705068  
75.00647426  
47.36706859  
12.51753431  
10.23895982  
40.82828824  
8.656221287  
37.42781026  
246.5757588  
72.29414991  
9.065356984  
11.16430845  
5.632631501  
88.54956573  
36.32527434  
76.88144988  
208.4165259  
30.47974973  
83.94916838  
132.1422287  
48.71937203  
30.70654246  
84.38524449  
0.409517955  
74.03511096  
49.94470616  
17.39623088  
6.623187212  
18.09451064  
246.1113011  
41.45573454  
126.0417888  
99.03192178  
122.6885633  
39.20399645  
54.66435715  
0.3827234361  
