7.69257136  
28.79329042  
38.99750877  
45.5066586  
317.7070398  
187.3752655  
92.77749638  
584.6374175  
46.99768998  
87.96042342  
635.9145367  
1409.056577  
1000.691961  
79.73717659  
1654.661862  
47.34899545  
70.41626439  
9311.966848  
2984.688772  
1492.508371  
1076.587695  
5502.872492  
3122.395244  
856.3075372  
1161.791252  
2491.104055  
1501.39993  
3047.626813  
2069.904545  
5050.353615  
179.4839625  
140.0991947  
607.2858151  
714.6124517  
1211.403303  
447.3718566  
501.1577056  
1186.145203  
256.0090433  
419.7009405  
410.6627745  
511.7709805  
556.5018328  
846.0919217  
744.9113726  
363.7201244  
462.0493896  
2996.310581  
1435.481401  
1464.057668  
1430.900008  
818.5890836  
202.0312019  
1221.714933  
705.1877185  
315.2851891  
192.1456495  
548.3574851  
12.46514495  
288.9262171  
5.001075296  
109.9995332  
1355.363984  
1311.396067  
91.25932906  
226.7682874  
213.3262185  
381.6934044  
1354.290748  
264.8137023  
11.65236895  
33.84757152  
249.2591481  
691.705845  
743.6618144  
46.78262542  
277.5869466  
1302.513036  
733.0469673  
1007.787012  
0.3899158473  
2435.434191  
538.8184234  
31.59046058  
99.76062163  
8.411651618  
1655.357159  
630.8963493  
1422.609062  
3852.609268  
1917.844467  
361.1923906  
511.579746  
925.6040382  
1031.607583  
1078.463754  
1139.502286  
3234.077594  
1325.249526  
222.286129  
1868.310622  
2595.381728  
114.1992247  
592.9953479  
1018.708373  
2999.747113  
1554.506487  
2248.458771  
538.4297016  
1321.807228  
3675.716953  
260.6060294  
526.9464488  
1069.669242  
770.779183  
1086.524114  
89.96418556  
533.2009784  
3775.649732  
75.66370044  
1245.183692  
3630.168023  
3657.786763  
657.767214  
1618.013304  
143.9932103  
4119.18395  
2466.47828  
1605.880792  
1121.878487  
1148.83147  
405.6963325  
187.3551066  
195.9680325  
1557.370365  
530.8793815  
569.7902008  
400.2058426  
108.2507116  
1019.775874  
811.3048402  
1343.585517  
465.1811646  
1106.470214  
496.0429257  
1837.111501  
673.0618174  
462.4977047  
644.4464961  
13.57899465  
426.4289858  
487.9566766  
449.0521781  
245.7187889  
305.0145369  
204.1516889  
267.2653287  
312.7527379  
181.838318  
99.81113482  
499.5799699  
85.36450307  
969.4315428  
326.7660774  
325.333353  
281.2346266  
94.69278355  
442.7197321  
12.57577532  
834.2853474  
177.4116022  
348.4293597  
271.78912  
238.0605968  
23.26789311  
235.8832212  
7.81009017  
9.936544977  
102.9565925  
51.21103936  
1138.338097  
233.3361051  
33.70803053  
173.7661438  
35.64796748  
92.79072877  
1231.796865  
563.6791996  
283.6039746  
151.2868929  
205.8917629  
53.13851338  
100.2467547  
317.1847253  
139.2258762  
170.2686936  
42.35903551  
448.6670174  
235.3396433  
163.6873851  
930.9626355  
229.388778  
196.2194182  
601.0642516  
69.5388686  
87.57581632  
17.66280959  
96.81319163  
254.729279  
16.11735644  
235.0420027  
83.00334617  
309.5406361  
285.561245  
107.8205412  
266.4437801  
62.46053533  
7.071852178  
532.7730821  
440.4027375  
403.3313304  
13.20987652  
286.2651611  
482.2910186  
189.6055182  
30.82732115  
427.2317138  
5.144248963  
251.2572117  
67.27907298  
152.5072476  
17.22819203  
595.0253254  
180.1303407  
327.900552  
57.95003082  
1.901589383  
16.75271737  
78.31242717  
418.8901993  
58.22073094  
380.3996935  
251.8331006  
145.5853143  
42.03326763  
33.04765873  
190.3052026  
43.56563973  
59.42188044  
298.6395139  
1070.042173  
153.0690954  
96.52812615  
94.68281462  
90.8643797  
156.2751208  
19.63773147  
312.9882524  
140.4470494  
0.2487855976  
19.45966657  
128.0374718  
46.77354885  
18.49026432  
6.929724249  
70.96878928  
7.242656848  
83.60138782  
8.598068822  
10.50056215  
58.45910368  
42.5190447  
43.79525504  
2.89104463  
403.3141676  
45.39145276  
43.08326359  
154.2007487  
70.29454839  
104.9404875  
70.63665872  
342.1532215  
211.4520034  
99.85511547  
34.77197818  
30.71838799  
170.6344722  
31.94825429  
146.6727329  
330.6920677  
205.3871022  
307.3686734  
43.68898147  
20.73860776  
0.02295611708  
