376.9940558  
24.63798761  
144.4840288  
347.0894181  
2162.786398  
4134.695927  
2652.966137  
816.5991489  
17.90399553  
532.574637  
1319.393395  
938.5891768  
1432.27017  
3999.579005  
1907.862098  
6874.881567  
1165.81484  
9727.62741  
10070.81168  
2328.135047  
10265.00242  
7033.881227  
226.086504  
1578.85498  
3465.766521  
296.2095037  
8150.966531  
3187.790254  
8005.826625  
8231.849556  
8422.793888  
1431.088628  
4995.001282  
938.9902409  
6598.977787  
389.3160402  
1727.822468  
9188.752047  
2958.970969  
1338.703414  
342.9047047  
498.7147467  
428.2605368  
203.8575505  
628.6773568  
308.6625686  
1971.169517  
436.9139716  
6532.495268  
1418.54017  
221.9328983  
1183.662593  
32.62947147  
1118.581102  
350.0475322  
1256.902062  
3056.574368  
976.5027818  
1819.289873  
2283.81724  
1490.093269  
843.7993528  
187.0227025  
9228.389177  
2168.946075  
646.7875178  
2234.923231  
1406.660606  
4028.665735  
375.7870372  
1365.592336  
2105.503016  
668.1482722  
544.7431919  
14067.22608  
2464.092905  
19124.63975  
5817.039403  
5945.868533  
5929.601681  
2310.304931  
5596.658173  
13048.46439  
578.0667903  
5627.872619  
3618.718773  
17170.56194  
306.8274062  
17048.21601  
37786.8681  
11623.98966  
26343.3713  
26711.7243  
8990.83011  
53804.2556  
59448.83402  
91584.60244  
178300.1692  
81640.4225  
4562.001936  
38276.12042  
13931.46432  
11111.82596  
46603.00609  
5404.745872  
54155.50034  
91409.14553  
31367.85469  
4876.667613  
26298.72895  
40380.44574  
5102.147846  
42084.06606  
22249.97052  
62548.26638  
65939.43238  
24874.08075  
11832.4928  
93526.05922  
15885.02561  
52072.51983  
164813.567  
106208.3517  
71496.92677  
39660.91847  
16575.36598  
113079.1194  
74812.94292  
46696.54486  
18490.08867  
20045.02633  
23540.85575  
10413.0056  
3762.625487  
33300.93999  
1031.357891  
11446.22532  
42531.6617  
2703.961107  
18001.41722  
29994.46709  
29433.17975  
3667.174397  
9701.019879  
34397.92622  
5606.195733  
3803.05377  
280.3853465  
6718.966428  
2763.128481  
2052.338677  
1447.342518  
785.5270746  
1979.106195  
3747.692114  
4650.893878  
287.3071959  
5777.859337  
6838.123588  
149.2541191  
1005.135849  
659.8357548  
2546.823522  
1152.124648  
1498.450393  
360.1252465  
2977.207471  
1026.699908  
932.1091868  
1516.808088  
182.6996542  
413.49578  
1189.761542  
2294.471616  
2793.283919  
4866.716855  
1148.354368  
334.3095831  
1301.129674  
88.3967707  
612.8841409  
176.5298161  
76.61014721  
1204.946423  
773.238765  
224.3437016  
410.7297434  
1751.856447  
3914.916989  
212.3012454  
2065.283312  
595.8430686  
2553.262965  
2400.018177  
247.3912335  
1243.017972  
461.0853029  
8.260361916  
926.677882  
1145.530188  
534.242501  
3611.112569  
444.352196  
1963.051198  
1275.020513  
1053.399023  
304.4966282  
750.3144065  
330.1781294  
2363.461081  
1265.400429  
341.1043991  
81.83826657  
573.9204025  
512.637939  
469.4812315  
2256.560558  
749.0688278  
1162.291269  
1330.734294  
3117.710359  
77.37271066  
383.0665078  
977.44291  
335.8929487  
105.5844228  
783.1395778  
751.0381654  
443.6564412  
312.1729743  
641.4985709  
1217.852276  
2803.634352  
4445.349928  
2656.116784  
1917.676765  
538.4591154  
110.7138887  
881.0892684  
4407.043823  
979.1087068  
3455.383267  
175.1644012  
1275.634343  
1096.705259  
574.1609374  
671.3026185  
1069.164114  
979.6103388  
1360.100818  
3135.853546  
1245.639079  
7.602511833  
286.1573365  
183.1487671  
507.3240106  
1624.310476  
521.5283819  
2469.344641  
447.8120995  
323.7356312  
1540.804982  
324.160218  
34.7189006  
253.2686805  
70.38989722  
360.845102  
1408.501579  
109.3713106  
943.0110499  
395.4303784  
1101.496396  
1130.350479  
698.6427529  
216.0108122  
1360.62109  
112.5865022  
371.4558959  
244.1463091  
449.9947854  
232.6094785  
199.9573969  
740.8430515  
105.3214427  
336.1431489  
331.0522023  
454.9908975  
299.831491  
805.0870275  
25.06135978  
113.1202211  
362.3425757  
221.3153343  
321.394816  
146.1221394  
