202.0937554  
116.0508963  
490.0096731  
216.9301748  
349.9391553  
515.5712763  
3675.072088  
329.2334498  
499.4989319  
322.0342777  
138.8697814  
668.4850171  
224.2051739  
11.93594104  
1336.242102  
1469.704758  
654.6869967  
5126.615709  
8729.074693  
352.9746829  
1450.469678  
1232.191644  
285.7343315  
3100.710285  
4556.717435  
2510.087321  
246.8903445  
1145.482249  
581.8246856  
2966.309838  
2286.02708  
2002.286238  
1445.991199  
2325.324797  
2588.818047  
1057.465487  
351.9581444  
3477.572144  
178.0490441  
1345.283987  
2394.896911  
1755.049709  
4863.336936  
396.4619664  
1820.907419  
158.0265836  
421.0504989  
937.2621816  
80.06146331  
2062.229543  
1278.875215  
2713.754374  
734.4047006  
1995.442158  
81.4060586  
3964.746593  
1907.971661  
5.496022225  
1854.906889  
783.7730777  
7074.303706  
2077.461735  
332.8496336  
6079.677699  
433.9912515  
1959.216669  
3203.303167  
53.17312184  
2965.657187  
2224.551967  
2099.395088  
5143.586628  
1772.527071  
1936.311392  
15925.71638  
2355.533138  
20995.83757  
16608.63966  
13866.18928  
13104.66403  
6626.417268  
13505.3272  
11387.88768  
2308.699395  
1589.012832  
7499.591738  
21302.48613  
3172.387173  
24535.67819  
69936.57207  
20129.51015  
33763.98947  
41005.37926  
20952.38705  
77285.55978  
95174.95802  
168276.7852  
313227.0466  
144733.1476  
11402.53458  
73653.59304  
24293.12584  
16167.90367  
82799.94182  
7031.677009  
100018.6163  
155331.8544  
49783.87374  
10393.04131  
45663.23159  
84213.85272  
7767.652399  
60184.48972  
47135.70617  
97951.83578  
108542.2543  
57928.73874  
10680.065  
128069.5963  
44624.94024  
120564.5261  
330891.1789  
187074.7788  
103720.2529  
105031.5252  
26500.45314  
203490.6143  
129042.8522  
90007.74925  
40448.98042  
34574.93482  
21268.31729  
25153.94581  
4309.655114  
73864.95901  
171.0993763  
15074.49132  
67937.95077  
2388.8763  
29694.41585  
62191.99846  
81952.64326  
13489.43222  
27783.01008  
58887.55019  
18599.24933  
9040.761406  
2258.992742  
15759.57356  
5586.06407  
1925.901303  
4027.4162  
3476.551318  
321.8472416  
6235.924375  
3675.202408  
2406.128758  
18383.43338  
14788.39678  
1042.061482  
7826.659022  
1892.198785  
7629.570695  
1406.849336  
4976.533631  
2290.376885  
4649.894981  
2722.308751  
67.11213195  
4610.800807  
2786.949438  
651.2757009  
2482.885752  
1304.935955  
2954.115459  
3844.656257  
2105.251921  
377.1243614  
2311.541906  
4724.144034  
1729.883321  
36.09618875  
3101.023068  
454.3010991  
5453.296098  
135.2530555  
9790.231201  
100.5625262  
516.94448  
476.997098  
675.7260991  
5.802805159  
2143.759737  
2449.081369  
958.5318095  
604.8498454  
201.2899556  
517.5805877  
1072.126706  
400.9220492  
1678.422423  
1401.90518  
710.961066  
975.9600068  
777.8953  
288.709549  
89.66612572  
477.220217  
630.6644902  
808.1704138  
1499.68074  
1045.045866  
43.93828885  
1063.253251  
324.1408924  
492.7390911  
808.2491672  
828.4024479  
257.8118136  
391.6859083  
209.4701899  
400.5723444  
340.0234432  
162.7586081  
492.2178735  
192.770454  
408.0461814  
242.9915183  
1668.921546  
563.5659136  
402.1987537  
66.15582271  
460.0686433  
1000.692668  
589.3106301  
40.73678982  
563.1837609  
48.02392126  
338.8778529  
828.177452  
1102.231333  
1159.04512  
163.2119023  
479.4445858  
88.88693202  
67.82362486  
1023.654047  
579.1295531  
264.3058163  
2454.06355  
1784.321814  
662.1172067  
156.0676632  
162.9858706  
1.727421562  
280.1656057  
883.7615505  
540.6753229  
0.09479107744  
7.950267295  
782.6002083  
91.5824525  
69.94419513  
274.6634893  
561.3505825  
171.1342695  
233.7223609  
1207.539677  
1033.889059  
404.8010823  
96.3602036  
129.6625007  
374.5261954  
334.8952831  
191.0430065  
439.9830218  
116.5174496  
270.0312001  
61.2649218  
16.9649915  
866.0127205  
58.37618281  
1367.651346  
138.4887553  
291.4458069  
189.0606959  
326.5659811  
160.0789812  
526.2245334  
570.5931992  
652.6654996  
691.1095869  
234.7825498  
23.70757346  
1.945663626  
