34.51222693  
79.03496663  
195.8346097  
41.61674021  
177.5842165  
845.413435  
3084.256133  
31.01183548  
173.701884  
860.5006345  
739.5648874  
254.9071926  
402.5362349  
121.9719118  
798.8918273  
2647.112478  
560.1308317  
544.4606891  
2054.319488  
1094.524014  
1540.709232  
1735.736502  
2089.326491  
3371.296726  
508.6760715  
625.5933212  
955.7151704  
1367.480919  
167.4055874  
1738.713153  
177.6691732  
75.34760667  
637.2455816  
406.7681332  
289.4820338  
657.2383209  
123.184877  
1257.541759  
449.2776526  
1336.515113  
558.3276103  
1344.398689  
124.5550502  
1132.251526  
35.63984642  
707.6978987  
1101.733206  
1745.012143  
469.4583039  
119.2207855  
149.1127456  
763.2706043  
626.593642  
37.41822656  
2233.762238  
2298.747256  
8.777414439  
175.7765658  
276.2026639  
276.6390626  
2061.691169  
1188.584194  
40.99054141  
5.424987313  
20.88672391  
218.1989134  
571.4704582  
2337.322718  
1066.012001  
578.2285751  
959.2988472  
58.96973722  
12.40009145  
1369.801622  
2456.304783  
581.1494796  
2141.02702  
1502.907197  
2537.701268  
1676.336212  
581.2250776  
1048.671954  
1621.74942  
203.2579069  
255.9720033  
381.3566724  
2232.215017  
2194.698795  
809.0035888  
3558.569892  
1241.120528  
95.8841798  
3601.335336  
1150.082577  
4054.881161  
4004.251037  
10976.6412  
16510.15659  
3025.426305  
94.08538216  
4811.680494  
2404.325131  
2072.214152  
4647.001202  
314.0694074  
6611.308583  
8091.290985  
4910.94029  
752.7861242  
3351.347086  
5138.127257  
32.59278977  
3591.320699  
1089.560226  
4178.181031  
5123.931004  
2655.17896  
1751.809619  
7179.811429  
1405.138186  
6344.53204  
21706.75388  
6125.415949  
2003.602162  
10879.34544  
1537.907714  
7349.89916  
7744.828427  
3025.936843  
5142.963447  
2942.112072  
1309.889706  
6855.03014  
295.966805  
7710.097767  
945.7978047  
466.5513472  
7566.475292  
2219.387009  
3112.982088  
5541.259196  
5912.070878  
5138.512305  
4853.07338  
2530.801199  
1252.723139  
1074.18834  
627.3821239  
1327.778555  
3384.959848  
170.7546178  
3231.782361  
5109.007204  
97.25927928  
423.1682687  
40.11958003  
208.0697498  
542.3536241  
1560.140549  
2101.475271  
3267.321618  
668.7018313  
2672.77758  
2558.322355  
3608.659047  
577.6773095  
5205.998752  
980.1219316  
305.7702086  
947.2766746  
4615.038357  
3518.643721  
243.4058081  
679.3255377  
339.8302907  
273.7910528  
2518.524772  
99.84682392  
1401.560128  
95.37270584  
7967.897812  
824.5353834  
843.0451974  
919.9968556  
2167.256373  
7214.940997  
7935.660574  
2418.621524  
3077.49637  
4292.663717  
9178.295853  
4647.264804  
2453.818313  
5434.659201  
7592.730852  
727.408486  
837.054286  
3472.64367  
8170.906157  
3122.468287  
3629.35678  
184.7809436  
1074.856721  
1341.017681  
5315.846612  
630.7126479  
2119.061828  
1526.164285  
2000.390289  
1684.869527  
2070.350221  
3985.488042  
2428.837162  
300.2839069  
220.5636045  
2801.781647  
2989.150288  
540.3343559  
1233.900822  
2593.717869  
1486.456293  
6510.97897  
983.0615696  
1540.201061  
2938.525723  
4645.8795  
7290.823253  
7135.612206  
4864.411197  
11.52558512  
319.8589246  
759.2820487  
705.4248996  
1054.044928  
3501.789468  
425.4037956  
152.4702093  
1697.404504  
250.3029104  
945.2088463  
249.7722622  
943.334604  
8862.371451  
1963.803821  
3114.862473  
640.8198267  
266.9498601  
3216.750069  
617.0565156  
765.6115638  
6557.805898  
585.1919826  
1699.805555  
2416.274693  
4139.332587  
95.86723856  
2503.836304  
1232.797192  
777.9316343  
1934.429935  
617.2275257  
2026.460612  
1826.102326  
2020.763515  
1107.597884  
147.9729114  
1609.379999  
616.7328711  
891.2533494  
575.7907672  
3958.707808  
2742.872555  
649.4701208  
122.7474663  
1841.219484  
1637.735812  
366.9012878  
528.0517385  
86.27231259  
100.7787169  
47.16449058  
114.0761246  
219.4344838  
714.9044461  
756.3746813  
1682.674888  
1656.098013  
1048.561819  
3928.775015  
1423.137995  
1655.321659  
2500.428215  
498.9228639  
2339.785042  
25.83989204  
