77.83316802  
108.4214228  
718.2404607  
409.1134687  
290.9470104  
771.6926427  
1728.418925  
3607.781644  
4915.693903  
862.059712  
1709.90573  
883.0026697  
3525.901229  
3509.02467  
5913.753993  
3387.293153  
2100.340879  
16013.35674  
12700.76235  
662.6090799  
3097.176907  
1732.107698  
1826.084355  
10520.08129  
2195.800392  
14096.58455  
271.2959268  
25088.09688  
6089.896286  
2872.028766  
2492.913511  
2054.382061  
29362.89659  
466.6077364  
2628.132734  
30057.17181  
823.3651959  
18683.27298  
8727.37952  
33412.82237  
27985.15716  
3571.294848  
19284.44167  
2185.819664  
1254.940255  
13296.86963  
39742.1066  
12492.28872  
1067.311838  
5772.051325  
12189.25246  
5621.116881  
16073.18599  
2877.512184  
7155.970783  
2550.479551  
1681.701557  
8948.047922  
6098.15405  
1452.352247  
525.6290323  
1740.670353  
868.693297  
6139.48233  
396.636098  
4284.881676  
106.8504447  
2208.953162  
1263.131834  
612.5110048  
823.7330251  
218.6584587  
1896.469396  
5610.955273  
492.3918166  
2387.757355  
1548.24056  
553.1788581  
326.2720924  
341.488816  
1177.167878  
398.7916914  
652.220898  
2309.816328  
3058.975549  
1388.241944  
518.3553957  
1401.774438  
1313.722924  
1243.994369  
160.977838  
20.96229395  
1758.429157  
4299.053743  
773.8440066  
336.3960963  
333.055689  
1563.422262  
2503.471532  
58.53285058  
4186.538384  
142.8234704  
1584.489737  
111.6388245  
319.0957545  
2571.028681  
1041.867365  
3392.215321  
116.9363949  
2211.700936  
4179.032967  
426.9962641  
1027.846054  
4280.709022  
1899.296838  
3910.750823  
2180.744159  
1421.044957  
2574.288361  
1018.106743  
3409.866201  
5455.932094  
4704.511408  
2799.287859  
228.9894374  
700.4966672  
4929.201566  
4110.805286  
1176.663877  
466.2469425  
539.3015061  
991.095749  
643.1174051  
139.8944781  
1439.603811  
30.16995301  
133.9818835  
2101.660933  
902.9918257  
2983.757012  
1251.582398  
1657.854087  
368.6309852  
1664.334257  
478.9450222  
845.9295127  
438.827248  
200.7733154  
93.89049178  
283.499712  
90.96816317  
423.762878  
898.4456569  
234.1094793  
142.2033287  
251.0773206  
252.2971073  
9.524268396  
492.7124622  
72.62234537  
271.4682958  
266.251122  
187.1755728  
143.3996888  
676.3723955  
407.252515  
153.5549433  
165.9411201  
77.80505032  
81.61860135  
101.6856852  
116.3451606  
417.7062585  
19.22683142  
42.96369492  
109.3398931  
218.0901083  
390.2016173  
96.30787968  
433.0698764  
107.3383274  
20.50385052  
81.04494139  
62.38788037  
127.259167  
173.3267551  
224.5519772  
9.275986122  
20.80229012  
318.2218507  
587.786861  
36.13786954  
32.7346247  
185.9111701  
146.4458275  
224.0313116  
34.61241109  
246.2121739  
390.1777029  
71.39782043  
14.27899343  
23.03370141  
87.77391724  
70.63783577  
1.290958567  
58.90398513  
21.43495998  
78.69128781  
34.46184936  
31.14776317  
82.54514307  
139.1294216  
185.4249068  
8.536751544  
6.822540571  
100.0994081  
162.2870908  
0.5752865049  
56.92503788  
29.39345978  
3.470362771  
29.1106533  
160.3985889  
10.91581941  
59.3956733  
131.4095016  
20.99226402  
182.9729954  
57.7802355  
4.197336281  
13.06446581  
315.331776  
45.5493647  
34.16084186  
58.28000377  
211.0269077  
25.47605288  
274.7312781  
69.6062569  
259.4340088  
28.77697307  
28.7677546  
129.6099179  
51.1854358  
220.1455861  
1.011167457  
52.76994983  
169.9586773  
48.59101337  
147.3397989  
63.37257024  
63.4586789  
64.27884087  
4.152974697  
48.28264419  
132.8406088  
183.6025035  
92.75378504  
68.60467013  
50.14759777  
99.24110965  
69.50447218  
8.257872752  
5.898581918  
10.6950548  
13.01602  
144.9282635  
49.67156793  
38.00867778  
129.6142612  
190.5088308  
106.2221453  
0.3109327337  
19.49326976  
15.51613423  
1.962141843  
16.18820922  
1.325472929  
17.71700269  
25.15363881  
31.60864093  
16.26417491  
149.6543119  
3.492311871  
36.60719115  
64.65686526  
16.23831199  
67.14080731  
210.9082059  
11.52112324  
184.0229294  
53.36739309  
49.02763142  
62.12240814  
167.4366204  
