629.6374707  
823.158917  
596.1398419  
1014.07923  
2032.118081  
2138.000484  
2568.52384  
4485.756846  
996.3475063  
2191.475711  
1985.276648  
517.8466344  
6634.203596  
1431.583926  
6863.453418  
1081.614087  
9883.248556  
2925.780456  
13524.75785  
2875.442512  
14831.52909  
13631.36797  
6439.281421  
36930.39895  
7007.12211  
112.6600226  
7008.454453  
2339.58205  
604.2878314  
3667.929566  
29206.20268  
3711.898594  
18046.54274  
1077.496509  
705.9755411  
8456.532392  
3951.192732  
8105.29358  
18464.71856  
921.9299403  
4557.066931  
5933.223581  
36.13454536  
17349.61703  
7496.492716  
8075.299221  
3558.79171  
3161.784061  
685.4881837  
2508.059982  
6034.68298  
11169.13334  
12645.4465  
18934.99811  
5284.668407  
121.5520291  
1409.159155  
3656.678011  
322.1434059  
734.8964947  
1115.311884  
4251.095607  
2529.751081  
3831.737833  
724.8501824  
1325.034751  
694.3791913  
313.6207596  
2812.72748  
782.1057303  
1801.327336  
611.6633393  
2284.58064  
2903.636653  
1375.166168  
642.8178983  
1961.802835  
1390.283537  
7784.7398  
1978.861726  
4324.566972  
331.4379962  
487.3422453  
467.0804282  
2442.580241  
588.0274677  
916.0147588  
2014.496663  
1583.325958  
6606.542717  
1921.143209  
7152.163893  
1179.802213  
649.8626324  
1344.764036  
1800.409415  
814.3547747  
1550.856563  
6462.123458  
1018.037878  
2529.069561  
2090.346884  
23.70721057  
1405.589117  
405.444898  
2551.654953  
3979.197834  
671.0234876  
885.4416483  
906.8710043  
2518.031133  
242.8895189  
1358.64888  
998.3935166  
3591.038354  
595.3619908  
471.6060529  
39.88810239  
2919.954106  
700.3633429  
1832.749368  
5265.474702  
2415.127305  
1892.719685  
1296.939327  
1478.859362  
1644.406121  
1203.919997  
1116.490627  
218.5860973  
1073.143434  
1995.558964  
305.4279807  
1121.052054  
101.3969101  
501.0885375  
443.6998515  
960.1821356  
363.6978108  
201.2381417  
1857.249146  
1856.760859  
913.8751028  
197.5311962  
2120.609482  
115.2712931  
1019.056914  
550.715012  
567.7043417  
142.4943916  
110.2382127  
601.3409356  
187.5083728  
298.1829423  
193.3009708  
337.2251692  
227.4951831  
118.2936688  
86.43447595  
268.8065546  
381.4513547  
321.5053071  
13.55005281  
698.0940811  
891.4773399  
855.3137212  
122.6467862  
115.7417697  
92.80165187  
347.8126367  
335.133109  
250.1458152  
40.69054204  
239.2663707  
305.9251195  
372.2890555  
341.0409622  
281.6870197  
127.3596099  
590.0003286  
732.2311921  
56.99275132  
172.950943  
804.4554864  
499.5576072  
1232.556804  
994.0649752  
311.197976  
60.89340448  
134.2549976  
421.8414287  
134.5741586  
173.9713166  
368.5454661  
271.9962665  
29.1852806  
500.7237704  
230.53508  
580.2018167  
456.1612529  
125.7486616  
32.67010319  
106.1700228  
5.204159363  
296.6085513  
28.9318447  
1.570382718  
238.3936317  
168.0534899  
110.08854  
148.945777  
488.7034822  
56.39001738  
206.3951163  
9.797129901  
59.87842541  
184.3916069  
328.7047909  
240.3058288  
191.7862323  
98.81331561  
34.51057439  
594.1491187  
28.12272559  
361.618737  
4.497025677  
325.0902594  
111.8546929  
207.3576105  
4.972915072  
219.4978199  
467.4518541  
487.4189571  
52.0022621  
136.3722841  
354.461126  
58.88287398  
211.9273414  
4.156507997  
616.3933137  
96.07863313  
23.13466525  
958.0447802  
370.9893021  
72.78498614  
75.33824885  
113.2061271  
411.135375  
79.27257593  
223.1898367  
480.9083816  
299.0088416  
1.965279207  
120.2923919  
186.4002274  
141.8897144  
79.3695834  
51.54549663  
32.23709492  
478.4003152  
140.3188727  
32.95308598  
68.84950338  
24.34685635  
262.5542729  
23.55334093  
75.68116099  
36.82760499  
31.59414156  
31.4692996  
176.1250311  
229.4187697  
37.63138479  
70.27580338  
403.2196779  
4.979509622  
94.36976853  
204.2985956  
240.9059174  
3.155479933  
56.98349458  
148.7809555  
206.4208669  
77.47101334  
216.840351  
83.18237991  
170.4234063  
33.22255259  
13.54045549  
25.74619781  
63.42252972  
29.78586101  
210.5829339  
179.9566493  
0.4252096845  
