16.58538589  
231.3558797  
392.6831207  
247.5752488  
6.801364234  
2209.942043  
233.0222557  
145.7339766  
8841.887553  
6042.746334  
1055.427474  
2841.219352  
7081.735941  
364.9949259  
2689.028769  
1016.468856  
10356.92579  
19818.84213  
2979.002453  
431.1735758  
889.7615895  
26.77779372  
14265.12567  
17757.15857  
37256.19425  
13805.49558  
23260.07371  
25488.96235  
2736.434843  
8691.103778  
44981.79738  
42433.79665  
32530.41534  
6417.592038  
20999.69944  
14150.09858  
7251.812622  
10750.24401  
18398.37352  
36021.53791  
5689.201894  
26128.05839  
56921.51237  
16795.15323  
746.0445295  
1100.222274  
20646.27351  
6160.063097  
4884.740814  
10326.07005  
1305.133434  
8076.766024  
3401.325832  
5482.340597  
1793.780621  
412.0039893  
1082.650035  
1961.162514  
220.3337216  
17736.06405  
3969.577993  
4734.155398  
795.0471019  
142.5710012  
4579.41658  
90.30996706  
803.9499174  
3447.482149  
1614.104394  
3417.139177  
1031.818316  
601.9887578  
2501.486296  
1876.409509  
79.02752989  
366.2865445  
1167.733335  
1062.393488  
1207.296358  
635.9864684  
8407.579694  
1636.19724  
2059.530443  
2408.991084  
1666.195499  
513.3454859  
2460.543415  
483.4648258  
110.5970777  
3822.256631  
3292.356547  
1350.738093  
1340.905587  
1460.907934  
370.2088645  
1281.170176  
2787.866393  
2583.64442  
6086.40459  
1733.995611  
5212.602946  
1321.292313  
1990.482553  
1100.256755  
159.9746312  
1616.244949  
2535.184168  
1281.78882  
994.8361855  
880.5597272  
3037.48199  
305.105202  
1379.451297  
1495.895873  
809.6922243  
1854.04736  
333.2966311  
88.12934177  
2852.075478  
544.5143889  
3526.801217  
6565.215827  
3294.371078  
2160.956085  
1533.63968  
645.6471151  
4701.43405  
1288.006332  
2012.827878  
1695.495962  
754.0575253  
585.1517764  
1190.117185  
81.01099572  
733.2706522  
19.89846151  
655.842229  
1550.968471  
540.2720864  
770.9618546  
1707.583522  
2106.098611  
716.307254  
1735.314271  
1501.636182  
1167.447031  
1125.855807  
597.5680138  
393.5841013  
835.4308576  
230.6202584  
59.24696079  
769.3646131  
681.5582862  
199.0930771  
279.8492662  
135.9370361  
369.4291492  
318.2723231  
402.9552625  
61.53164755  
257.6672159  
985.6528456  
39.73298895  
143.9156964  
44.0864146  
189.817853  
734.0929635  
428.2706841  
155.4182269  
235.502618  
169.303022  
270.6806379  
268.9870003  
133.902853  
373.8553761  
305.8929605  
429.2610763  
182.2431301  
486.06913  
439.7465146  
407.691148  
331.4124524  
67.04523073  
196.1887165  
79.41612933  
150.9464094  
567.7445688  
314.3936683  
83.02890447  
177.3843841  
70.38413481  
59.34359778  
41.71140597  
86.83225043  
211.4243875  
29.1322619  
30.76805045  
68.63995543  
35.4331562  
151.2114893  
37.97841624  
112.0306445  
135.1799352  
163.7082486  
29.6243774  
20.22470375  
39.61012134  
87.30398612  
24.31752151  
239.4148133  
72.99652008  
45.75638918  
81.44869039  
4.675014071  
133.5444439  
83.87435045  
20.33835107  
131.0913163  
14.24653354  
132.9430844  
297.3726709  
189.2799913  
55.27669423  
6.78773993  
6.514168572  
95.90173376  
87.63285007  
7.604264051  
100.2163663  
78.40612836  
7.367942803  
193.9351516  
4.726458279  
147.8844141  
20.39718739  
7.498714866  
0.09188697423  
119.3913263  
113.561878  
32.91383252  
2.488555114  
101.6734681  
73.69755798  
21.94522187  
76.43840459  
12.97981607  
198.722712  
20.99831481  
43.33865173  
51.47410786  
22.36055967  
15.35443862  
290.0022034  
54.70637429  
1.534079863  
37.19099884  
51.97144329  
43.16307846  
248.0691476  
9.23337695  
26.47896396  
141.5354701  
14.91522992  
59.32097451  
46.18369072  
85.24441767  
101.7981965  
30.77699828  
17.83993813  
0.7240761435  
24.27859622  
8.551609119  
13.22857035  
147.9757382  
29.67243701  
60.7325767  
55.504586  
24.98001732  
102.8069729  
104.5999933  
25.83584541  
13.3320445  
187.3156354  
5.352443657  
21.55954227  
12.10867654  
136.7148912  
36.2199443  
3.149399709  
62.42193364  
10.94401133  
15.54027562  
15.93344234  
8.751862918  
