21.05030279  
13.99149968  
24.21211761  
12.35462629  
32.57867413  
26.44045202  
522.3764784  
14.3919667  
88.3116122  
119.3706307  
709.2187177  
613.2994858  
258.7694204  
1098.065916  
94.22479654  
710.7777423  
1114.080562  
2423.340632  
1888.642388  
240.4024194  
621.9830211  
187.2788801  
7.905078696  
381.6767642  
120.3523118  
258.8328962  
605.5720067  
313.1908238  
131.7694131  
257.1009005  
244.0779095  
868.6547921  
227.3173649  
70.76784946  
1180.217535  
385.3233178  
129.3520635  
1212.809396  
367.4254736  
388.6610672  
797.2978341  
545.4114774  
475.7964973  
301.0053477  
23.49860645  
870.3095991  
1760.365558  
60.46412775  
485.0085795  
393.9651778  
224.6486416  
108.0100417  
107.8620775  
947.6302777  
1211.711254  
531.7097643  
366.6648852  
184.7015561  
175.117036  
158.6418857  
526.685285  
1907.647494  
543.8369024  
221.4477201  
547.992315  
1039.271499  
354.3310352  
2366.515706  
748.4488499  
137.6171673  
287.9984732  
1690.207922  
13.10498549  
1563.680104  
156.6713005  
1321.852136  
88.38411084  
120.8518922  
1537.92137  
162.7212526  
495.884029  
192.3115637  
2892.823334  
156.7904918  
353.3149476  
996.9633609  
40.06808368  
2060.435326  
346.5315464  
2206.839185  
136.1544666  
440.7329246  
348.5477819  
715.5350056  
1373.81082  
601.2964808  
3318.141148  
2882.297206  
130.2053314  
746.6952288  
482.1979584  
70.51033398  
1.973957602  
84.56014091  
420.968623  
1406.543231  
2722.78467  
710.5916354  
321.594784  
182.6598866  
488.6718616  
417.4648948  
289.2675015  
2526.524729  
633.5013461  
2920.459361  
768.4777059  
427.2300005  
1535.366063  
475.4061622  
499.0707483  
1850.752122  
512.6580471  
1516.840533  
3259.079726  
454.3102865  
1806.021682  
834.8446039  
226.7653818  
3130.935762  
118.0497918  
400.9353146  
1862.566333  
226.3153132  
446.2882653  
795.6729894  
1542.651337  
1815.844569  
950.4688915  
1190.622925  
428.5594587  
550.9489891  
659.6889848  
1066.599273  
2552.271248  
1415.671999  
410.566653  
296.8044247  
1839.15212  
1679.332478  
323.841603  
75.11216676  
772.6193014  
444.3145585  
4458.704953  
805.5771632  
2110.261983  
2148.125398  
451.3237123  
1788.993377  
1463.889226  
1753.439822  
1447.357246  
2146.298047  
863.7987373  
338.6158273  
3239.084119  
1238.84215  
686.9991327  
245.7556603  
61.54306807  
272.8778202  
255.0850315  
1215.961819  
1153.692117  
697.7235422  
2636.042189  
692.1391708  
2126.127775  
1117.219834  
625.1188607  
1379.434038  
2576.121439  
813.5593129  
1203.729692  
3619.1656  
1025.930091  
5717.189783  
3942.000839  
1260.804812  
4293.16412  
1446.418152  
931.2125474  
2267.619148  
6834.552216  
2263.178387  
1862.30763  
490.6681511  
5234.392197  
1632.402646  
1125.347605  
367.7154872  
2293.730142  
2150.702244  
2082.945484  
1172.784073  
4502.308734  
1122.19411  
5464.546583  
4476.764871  
1350.974086  
3082.25873  
3919.464078  
730.9705681  
318.5281998  
1947.828926  
2931.610977  
995.4136471  
1092.456768  
38.96727369  
1744.48132  
4433.237258  
2565.253497  
6823.2875  
1031.044577  
3601.154655  
6714.769558  
5338.348677  
3382.113403  
398.8633725  
106.8446342  
73.70432006  
2509.985797  
559.9844642  
3538.1952  
3270.312063  
1170.950357  
718.6941052  
2012.053712  
789.9714876  
1622.607924  
5048.205884  
281.4858942  
1924.338569  
190.0868433  
1497.659896  
1186.953478  
1723.544065  
1999.527982  
559.1353659  
2220.679387  
2571.721493  
265.9257613  
2405.775248  
2639.593383  
525.834063  
302.5541972  
617.984888  
195.2689591  
1618.484584  
2678.265677  
4022.215799  
711.9093853  
42.11405021  
1008.84922  
1341.265164  
77.40513561  
356.4582127  
226.5421837  
420.926864  
1870.627212  
817.0794153  
1738.27205  
219.2118433  
1903.231986  
153.4369597  
558.4086576  
50.76385709  
776.4495978  
236.6196479  
758.5134018  
564.0177248  
465.4785842  
118.1116298  
1865.859392  
800.5898862  
150.2981656  
825.8738852  
3748.21407  
665.0665568  
1601.719565  
584.4758927  
1584.689127  
1180.220441  
217.0273807  
