31.71882145  
5.889852699  
23.99394433  
350.9158152  
38.25053422  
99.91401865  
343.9366612  
1031.331624  
241.6057141  
2475.109258  
273.1415407  
792.8732934  
1317.521349  
2713.583295  
232.2420201  
632.2117377  
1234.699134  
733.1454941  
126.1138589  
295.3647941  
1375.862936  
657.3379509  
738.6262502  
4476.517562  
771.8926894  
207.8424845  
229.9882851  
735.5551751  
500.4923848  
118.4124185  
1009.286191  
1020.072175  
1864.957929  
806.4114933  
1064.798491  
309.2748372  
451.9753449  
526.1291293  
463.6383922  
764.9008631  
350.2019457  
131.5077862  
1152.219911  
1457.868647  
2821.665234  
142.0309898  
1361.913746  
639.6913867  
6639.555973  
4077.995667  
927.3594602  
141.1180585  
1624.260262  
2797.06603  
1373.648511  
451.891231  
311.1408943  
1557.190771  
20.3913543  
183.0907531  
1367.472022  
651.1751499  
1640.783758  
1810.928354  
1930.652063  
2552.189347  
120.6283038  
2736.277634  
613.2832825  
87.10998407  
2284.337529  
338.2726661  
1663.145074  
3345.305171  
4718.003731  
2800.708105  
5947.339036  
3497.981393  
5114.827947  
31.05179265  
1711.756955  
1205.558611  
13268.69452  
190.6220754  
165.0287071  
2589.940833  
7000.991045  
1904.538127  
4253.707653  
12008.16056  
1860.445226  
4333.5716  
1962.734318  
327.85126  
4143.246102  
13653.18493  
21105.20686  
24534.75228  
12656.09665  
2983.848088  
10106.56819  
5606.834715  
133.5418157  
5777.374896  
2542.433409  
11493.40432  
21762.61025  
4032.496882  
35.3278443  
10179.88152  
10563.18614  
3646.584878  
7341.028467  
2892.069929  
17201.7255  
9647.49258  
6738.40135  
1468.997162  
14394.61892  
7780.988676  
15509.315  
24615.73518  
13284.81621  
12906.93768  
8935.081507  
1615.64214  
12395.68613  
10457.20772  
8680.883544  
6735.655506  
1895.727609  
4231.534222  
539.8670887  
1676.543058  
10718.73405  
81.56402929  
3707.36121  
7940.663726  
1634.859561  
1680.702545  
3961.922653  
10373.64257  
182.7759477  
498.9061875  
834.301005  
1199.055705  
4446.411841  
2545.689106  
522.1632048  
911.9919367  
93.25441351  
767.4313436  
1387.711911  
1036.22407  
2459.578344  
127.1853526  
822.5910475  
1361.74179  
819.963254  
2023.348857  
880.5234887  
4623.469837  
1447.159378  
1740.987054  
3428.236037  
1079.060931  
159.1511428  
3394.970151  
519.4506078  
97.39167838  
1612.429519  
437.7391667  
1179.152803  
210.6158969  
802.0925538  
3300.319607  
340.1768967  
67.51470554  
2174.255122  
525.1580028  
568.9643772  
945.1711625  
83.89208726  
572.7498164  
5389.826713  
190.800878  
3485.715491  
1476.509681  
5737.928189  
816.3634152  
837.2452206  
360.596395  
499.4198279  
2420.727351  
437.7301323  
3103.570126  
2262.620966  
34.6758047  
3739.032198  
128.3913284  
1029.783094  
1631.13913  
2711.214646  
5394.370906  
1232.063276  
863.1606164  
827.6410962  
908.7230938  
3302.739117  
2974.494555  
550.92572  
1132.599181  
1929.042028  
1042.140855  
993.8205872  
2345.078495  
192.1508619  
1856.373737  
1268.905022  
279.8127796  
3.65356309  
1347.243018  
700.0513  
333.959327  
172.95465  
2100.833595  
1108.158456  
844.4141239  
2754.739194  
48.13965692  
1346.016373  
49.45259065  
1708.687386  
947.0783643  
2353.768749  
8386.128195  
851.7642511  
1177.660231  
638.2154698  
6048.170609  
1098.421856  
307.2931225  
4699.666322  
3128.780305  
562.8741418  
2275.138553  
538.9809151  
1807.116224  
218.8424494  
44.52054414  
1922.311721  
809.850928  
572.369257  
1663.811935  
221.2535755  
2247.76265  
1766.717234  
1909.251052  
17.57123697  
2462.251715  
4413.272625  
4023.404592  
75.37840313  
52.60779302  
701.2694  
116.0778535  
2603.005071  
1282.039575  
219.4854839  
824.8713699  
1452.12776  
1612.607767  
83.49866335  
728.7596689  
2634.519321  
498.2096992  
463.2608972  
751.0668411  
1751.222096  
323.2063467  
1513.356497  
2291.142435  
554.6249666  
24.6838302  
3082.805698  
426.5698087  
430.8938157  
1523.543069  
2291.618104  
1877.753877  
249.2993298  
1066.682185  
862.6332171  
1283.764838  
889.9249271  
