208.6771433  
302.7201544  
402.2397268  
250.1191549  
275.5951439  
4692.320086  
3493.279186  
260.6763567  
2522.461253  
3418.273688  
5335.810087  
228.4157787  
4129.109528  
7844.551498  
9310.981045  
6060.753863  
2149.206172  
11113.40832  
44709.53933  
19477.58059  
37100.33306  
44913.99236  
8840.43362  
47286.55446  
24411.96885  
35.27371428  
2094.70842  
1081.014339  
1733.926084  
38716.6949  
104616.0274  
75484.68631  
14592.12548  
12571.98431  
6874.826068  
7146.63597  
5025.591164  
1583.131294  
15331.29573  
32535.38395  
40646.31737  
16708.69512  
8401.393032  
19250.03835  
1187.578904  
6466.378192  
23172.27958  
5164.389985  
21212.7902  
13951.3641  
2526.811467  
38227.66199  
73523.02058  
31586.07817  
11677.10667  
4147.195891  
3312.693947  
1729.143938  
1452.474681  
5846.36567  
1356.455898  
12161.59628  
1335.652228  
1946.450506  
2695.945605  
11058.23218  
2458.337899  
1291.36686  
18793.81819  
4177.829868  
4293.542756  
2085.719819  
2613.417985  
5243.287265  
5098.928942  
907.6336765  
8891.741696  
1064.738689  
9377.194287  
58.7170324  
2418.612992  
4165.633321  
4376.86521  
8008.008812  
3873.423124  
1793.215145  
743.1030286  
6495.03623  
4912.592945  
13872.04691  
4218.984176  
12760.0211  
1713.846183  
907.7573248  
7010.699634  
1081.877649  
770.0687605  
724.5012274  
7730.584706  
2261.554591  
259.1254923  
5537.926775  
2280.733927  
2229.877608  
148.6912279  
1208.07079  
3133.373833  
3166.886084  
5557.024977  
1800.846717  
1584.949594  
1456.14239  
132.8321552  
308.8893956  
1496.485056  
1419.765248  
636.4306959  
1447.021737  
239.425013  
207.9636299  
155.3823309  
493.6748101  
2859.932235  
177.1004312  
407.4779774  
1757.588136  
1284.859758  
2567.540044  
115.7398509  
300.306863  
1989.543307  
983.3763396  
428.9339197  
1692.543545  
1267.276014  
616.5602051  
2777.899481  
281.9758399  
122.9910063  
1086.913164  
629.9732028  
384.8848769  
463.6886674  
53.80210515  
350.2381702  
661.7434496  
308.1032715  
1164.111012  
83.29855351  
43.70902102  
168.3452124  
432.3052898  
208.1328733  
117.3721521  
47.60250905  
1131.147119  
131.317621  
275.6712218  
1317.509849  
593.0618385  
691.2804545  
114.9019113  
31.66913935  
426.2249909  
88.4825644  
840.401897  
100.0435067  
921.844048  
449.0951153  
357.3681721  
554.570961  
7.153093648  
207.8951072  
114.2723588  
80.68734294  
1006.754839  
590.5439453  
1034.259426  
1577.624067  
253.4645049  
56.48100661  
742.4514931  
31.74216176  
94.06229679  
447.9501242  
366.9871714  
596.5964909  
113.823103  
126.1354375  
18.83339931  
100.8781188  
7.861945805  
62.6823337  
201.3754323  
95.32376594  
308.4865096  
84.5161923  
628.7889184  
189.6221841  
44.19773572  
42.84902167  
70.34218301  
32.25231385  
100.8975852  
134.9841753  
23.65738409  
136.6016175  
83.32344242  
54.22579946  
802.8202083  
162.7564429  
184.808429  
180.0136068  
312.6313994  
21.52484937  
39.36980531  
59.94046274  
663.3774672  
287.1174919  
84.20407818  
188.2858389  
5.540341148  
143.2060173  
42.00138632  
368.0074498  
236.1425028  
13.2292069  
43.40401351  
126.8220918  
14.83368403  
2.479314308  
35.05384696  
426.9340635  
46.7562377  
92.11825227  
123.2681255  
122.8747128  
43.56674601  
13.52541159  
164.6759453  
322.430743  
30.76071306  
177.0854862  
27.42006338  
223.7057402  
110.8614034  
2.014404553  
32.67141325  
375.5130358  
59.56012102  
163.341987  
13.07726548  
11.8881969  
109.88847  
118.8718425  
135.1648367  
143.306748  
23.66450939  
140.6817266  
261.6646133  
202.0967325  
17.20845068  
72.73679357  
50.60060129  
55.61930035  
170.0842077  
173.5539268  
23.57876908  
22.42635826  
163.3182171  
171.716745  
138.7803474  
110.2931927  
89.55151292  
5.978000752  
10.25246306  
175.2361848  
41.3221853  
12.77931459  
31.21135757  
28.0092149  
89.92707241  
93.5780911  
100.479096  
46.87434057  
41.40673535  
32.60887533  
41.27597336  
33.51925922  
7.804289225  
51.57771831  
0.00104559637  
56.37010339  
8.796133154  
17.2131964  
