70.94014587  
475.4486269  
605.8566345  
210.7670176  
326.3436043  
3530.694423  
4480.133757  
1627.620094  
8633.771757  
2192.307544  
232.1652235  
885.2326263  
3286.467682  
2510.409775  
11026.75535  
3504.995948  
4162.462131  
6078.040388  
3495.442977  
3190.61474  
2595.181165  
6997.518306  
1103.148689  
17363.32721  
27531.84775  
9265.48586  
845.3332551  
1282.966085  
12150.42959  
6113.927195  
858.1315698  
6832.522803  
1489.335286  
3601.798515  
19004.76917  
5446.501479  
4931.445771  
26196.06545  
982.9698698  
2184.450528  
2467.333507  
3815.874189  
3576.546129  
783.1639909  
101.4838512  
518.4633559  
1012.852724  
24001.89328  
1734.469139  
5199.689704  
15414.42333  
1360.270784  
4734.024555  
361.844172  
3736.192114  
9285.615789  
4393.962294  
821.9488878  
2991.543294  
830.4674375  
3171.794324  
1655.517917  
6479.569846  
7013.649191  
4791.075236  
5700.68682  
1923.654295  
1305.505196  
696.4700128  
395.0881493  
4064.865905  
723.5915896  
2562.733039  
711.7537184  
1738.930189  
1416.980292  
4368.102016  
818.2905573  
41.07355541  
266.5858505  
3423.784135  
2374.343771  
7809.312499  
2731.575049  
892.0706249  
90.20737671  
2990.080745  
211.8267758  
2937.538505  
5470.923202  
56.58092638  
282.1489459  
1413.180522  
659.3685866  
5124.86148  
2541.847276  
1257.247256  
8390.627731  
3763.746585  
216.3859494  
5826.623548  
115.6212199  
1205.032415  
2362.408019  
211.6682934  
3070.794002  
3443.760513  
1802.717531  
489.9469474  
2851.237719  
5367.867207  
881.9190742  
604.2224145  
3701.578495  
2290.110001  
5672.78503  
1226.52255  
234.328579  
1509.060125  
1075.080236  
1242.571453  
7030.042805  
6992.422931  
1365.348707  
1811.297833  
1208.261681  
2867.095498  
1768.782512  
2080.011942  
1395.976512  
974.6144114  
351.0100447  
1235.050924  
339.3675916  
221.6299289  
3.546935474  
861.7690532  
1959.185077  
157.9844303  
1988.913421  
3012.01334  
1798.755497  
372.9313367  
1928.833502  
875.7836504  
883.587007  
117.0830573  
127.6806965  
239.702452  
179.7418121  
288.9298376  
63.34581141  
559.2763271  
963.6638029  
51.55180177  
171.9272496  
460.6392504  
701.2620236  
41.95007539  
394.4771071  
136.9347611  
67.71994421  
395.4497699  
44.429411  
62.45222305  
18.63886169  
192.3946849  
140.3583296  
235.7291557  
130.2701918  
521.7842742  
273.8539262  
141.3129634  
160.7070937  
99.62710606  
130.6283278  
205.3486243  
102.6206878  
27.27068946  
76.57164463  
308.3409148  
137.1675188  
324.5566828  
149.8936427  
281.4421079  
221.962893  
85.788825  
136.4761303  
12.68072694  
12.25315385  
188.9147362  
391.0557722  
169.2372079  
314.3908532  
5.816723494  
281.407245  
1.454286281  
32.28575271  
67.20977768  
494.7215368  
180.4049673  
691.4591818  
680.6530308  
1016.964853  
115.8907271  
54.79345467  
37.42691251  
29.46286257  
12.52957484  
188.2252624  
101.5661584  
77.87467377  
214.702538  
248.1244484  
129.00036  
13.09121914  
44.5546383  
13.79337612  
56.30794318  
100.2202278  
129.1257877  
127.3174472  
301.0976895  
297.8678372  
26.1272161  
293.7267859  
2.660157708  
29.56515439  
73.12396943  
80.87421702  
130.1860717  
12.11952532  
31.61718898  
199.4297642  
14.94022773  
40.1008336  
261.3146477  
134.0190333  
31.34924271  
106.0447669  
47.12740914  
67.3565531  
48.30003577  
13.9469376  
151.3926683  
109.0201209  
14.15433185  
130.1706793  
52.01821793  
102.656518  
52.01580483  
35.87342155  
71.8182734  
24.41711091  
192.6994005  
52.61199866  
34.62576322  
34.93161175  
73.25281335  
20.17856759  
70.45076179  
253.1287735  
146.7707918  
31.52750833  
30.44308373  
60.0026719  
77.09791496  
191.7664809  
84.18070919  
88.84423903  
166.8833408  
160.6196134  
31.56987415  
10.41938521  
41.95509651  
170.3220611  
2.909890732  
139.1206191  
93.78055357  
12.82404217  
341.2209934  
89.12441389  
8.587318951  
93.68586621  
7.241438289  
25.46599547  
129.935961  
136.2783122  
184.4745809  
50.89204047  
230.5976425  
10.34684337  
42.96887889  
128.5932928  
416.8241987  
