7.824425828  
86.70693487  
279.3166338  
51.28670912  
100.0044723  
253.550291  
529.2508456  
235.7413552  
32.34441746  
342.5337231  
1377.984118  
476.9033036  
233.530797  
667.5428372  
434.6721784  
2061.871924  
248.6879996  
1949.648976  
2511.051278  
1027.478328  
2498.293592  
5049.020624  
1451.943566  
627.2900902  
204.7625474  
989.8006916  
1364.40962  
917.0657285  
4895.23175  
746.3886639  
1323.121963  
869.631138  
4216.476182  
2021.827404  
812.7056364  
41.23489721  
324.5655002  
1521.536431  
1737.020747  
2406.91047  
1137.224601  
257.7756966  
559.3348148  
552.8751728  
376.4084493  
1138.853001  
6905.507843  
1544.681637  
748.1030913  
233.2909301  
1087.279441  
587.6660964  
892.2509105  
4950.066026  
129.0181707  
547.5825755  
21.4247919  
764.7561512  
316.1229377  
207.4938534  
2174.93042  
425.1794304  
181.70661  
1004.518759  
36.85901855  
263.6886194  
355.4227683  
191.6752192  
209.3676741  
1114.841692  
585.1974824  
817.8802819  
1495.351705  
417.7352166  
100.4586015  
2373.223996  
8810.708482  
3872.552013  
2054.756265  
3630.101679  
2060.358804  
9403.409315  
1446.909883  
604.632835  
1491.689759  
1749.616847  
2029.004234  
1090.187774  
3302.206286  
11508.0458  
6827.156948  
3832.679726  
5899.200952  
2221.39769  
8906.014928  
14235.21216  
17005.43713  
38888.72559  
15198.6163  
959.4617017  
15442.25603  
2004.967137  
1056.024879  
9219.803016  
66.81222446  
14042.69735  
22047.2861  
12025.69839  
797.8571994  
9197.419812  
11005.93243  
668.8994402  
7076.589339  
8251.892929  
8501.042907  
14257.82073  
10282.62658  
4851.951176  
15852.92075  
3559.047254  
18132.27536  
41086.15447  
16093.77947  
9079.935288  
9456.257074  
1449.224413  
30425.05482  
22756.25051  
9074.405965  
8628.918903  
4107.507278  
1664.725125  
365.835748  
464.991662  
8999.664501  
797.8307676  
2227.223133  
7188.429296  
1482.241923  
2165.483534  
4435.128437  
12900.71223  
115.7477724  
5176.233384  
4927.850285  
969.3405234  
2495.675205  
596.5109737  
460.6426888  
36.56316622  
189.2730196  
976.4647009  
2531.341309  
471.5507016  
913.869499  
1990.802763  
1343.911726  
1111.647257  
1790.711086  
642.2625655  
499.2146746  
1036.509681  
4337.849798  
446.9668872  
32.33791078  
703.7742899  
2286.01348  
1511.702636  
16.1151844  
1342.266238  
1167.70146  
1168.279364  
310.8170578  
560.6819612  
246.7519307  
360.0400244  
2956.331516  
325.9687189  
1608.685396  
782.4342659  
1423.703729  
528.0345084  
1137.817747  
366.4429615  
1835.581828  
3762.793453  
4149.265793  
3724.288648  
592.3785232  
706.5430893  
2738.024068  
104.4736027  
1193.77132  
185.6310267  
3325.296931  
1114.728267  
782.9311225  
459.6579101  
3417.953044  
596.4106103  
647.2080006  
39.56578196  
1889.17044  
1559.318216  
4005.766173  
1143.292548  
528.5316905  
451.3051401  
1426.465843  
342.2853085  
4350.147953  
3028.152604  
3155.109721  
2852.947785  
529.0789432  
219.1400281  
721.9327307  
277.3868167  
2372.817193  
417.71657  
2599.509743  
1570.142153  
316.6232937  
474.027467  
2543.343979  
1825.604191  
8180.780573  
2262.85307  
2501.511708  
385.9141212  
3.002175781  
337.8868521  
4153.425504  
3101.291043  
1398.848049  
1743.884199  
89.16227449  
2103.788593  
2471.70327  
1257.661536  
98.83939654  
1752.299085  
2266.652581  
1194.427005  
605.3646432  
79.82785906  
1461.677377  
3447.78201  
372.7120169  
1169.72073  
12516.67517  
291.476316  
967.5618426  
865.0357854  
3998.805045  
714.9841631  
6439.077689  
802.6425656  
2559.625128  
1102.430037  
3602.684827  
4192.162364  
1831.36915  
1491.033851  
923.4803294  
1584.069462  
4038.291702  
229.8161547  
1194.278273  
1836.338641  
3179.943786  
416.2512566  
748.1534798  
388.868825  
2204.44953  
581.4409886  
790.3575575  
881.1404467  
97.09241769  
12.55288854  
212.7156874  
418.3752023  
463.0353537  
283.8168353  
1160.947164  
453.5792359  
1493.057221  
1318.427343  
2804.744724  
321.6890387  
1700.891442  
1672.041463  
884.5840721  
2245.825684  
465.0122372  
