643.2507159  
236.0486907  
375.1330032  
1216.340956  
7668.456602  
16757.45518  
21297.86357  
5047.902343  
6500.940674  
3979.346599  
696.1755032  
722.3518786  
2831.107347  
3620.945448  
7376.31841  
14403.65105  
13088.86318  
65519.76865  
70511.52508  
9473.836928  
56414.39918  
14744.81223  
5679.140893  
12271.65404  
31421.95146  
1696.668791  
31164.74873  
23735.96828  
11510.07878  
36761.95386  
23951.89008  
27789.89624  
7575.852862  
5968.713917  
30511.51875  
14439.99655  
8587.763035  
18283.1796  
9075.457962  
3359.960309  
3473.620957  
4447.601406  
1841.934334  
9374.700778  
1377.837671  
5003.202273  
136.7373639  
2095.545699  
12127.24971  
1957.063307  
778.6168658  
707.6429502  
1001.43129  
2189.490357  
275.2897013  
76.57290214  
2480.485564  
5428.140883  
553.2659055  
9115.129662  
1024.671516  
668.6992417  
1418.475655  
3747.210468  
4236.058614  
6544.268581  
3182.231914  
4483.325513  
828.6694692  
2178.441841  
2880.429141  
2966.453446  
2615.449344  
194.8724614  
5489.707107  
894.5000442  
790.153327  
3339.964514  
559.8359664  
1981.488025  
611.7547544  
704.7534559  
337.5088493  
11.57474018  
626.5811126  
221.0560645  
5413.129384  
822.8490332  
4371.241361  
1165.251596  
298.0038726  
4676.698536  
6644.119415  
5495.881127  
16094.20784  
2927.221197  
5897.041267  
18918.33834  
3534.224197  
4134.815722  
4961.286972  
1070.89255  
1108.675582  
4912.528512  
356.2304327  
5784.979082  
11444.50404  
8105.882235  
226.6980821  
3104.527443  
5715.991431  
487.6384457  
2745.690967  
2393.039315  
7876.229774  
11398.47776  
4463.121839  
449.5193031  
6488.828954  
2731.155487  
10183.45175  
15623.57037  
13326.9476  
11565.99398  
5644.466328  
569.3076034  
16115.8043  
12158.22294  
3597.532226  
976.1146691  
2465.702749  
261.2652638  
1205.891017  
719.3516713  
2683.85145  
674.0702755  
1345.389908  
5182.640795  
421.5549792  
2456.130538  
4116.21532  
3687.772978  
2017.080053  
4078.328233  
4559.04772  
5047.847143  
818.0377971  
1294.237293  
921.952947  
762.3496828  
317.7337004  
14.27237383  
707.0513601  
792.2765709  
413.0879226  
1243.05256  
733.877312  
2281.234468  
2212.855053  
314.1440915  
351.4989122  
145.9150858  
1304.515011  
36.6505406  
34.3637383  
30.00001954  
170.7405502  
153.8984109  
252.080159  
962.6935194  
36.65075435  
221.9688763  
156.2139906  
573.8639391  
236.4829982  
84.01527087  
487.0491286  
338.5766685  
62.85735192  
310.7959751  
48.35544696  
207.0658277  
27.16465134  
313.069412  
172.2180612  
126.6835396  
1044.720684  
817.0297851  
66.73167431  
349.4563453  
45.24225529  
612.9238594  
19.43796493  
234.2196852  
320.5628777  
298.2691843  
153.2701478  
221.0442713  
7.702216218  
122.9109707  
142.6563312  
43.67511887  
34.67552348  
91.36748326  
148.4613328  
35.58276543  
42.00681953  
161.4171679  
51.27164212  
27.16824289  
852.3549279  
5.861553384  
110.7970664  
535.8431886  
45.65846443  
5.008103936  
0.8967893145  
168.7566971  
29.0474624  
146.8882084  
279.3616713  
37.55490929  
166.7389424  
184.1026273  
190.5610383  
227.6431982  
92.1809047  
13.37076015  
43.52230903  
174.8273161  
5.147337473  
33.74947811  
75.24133292  
12.50796934  
33.30714531  
18.62470526  
5.134075759  
71.51635795  
16.81731344  
145.1031091  
38.99740327  
25.45107757  
56.94694789  
166.6413677  
7.48250119  
25.61731281  
72.55410591  
48.24682427  
1.258150358  
501.1623403  
383.9843487  
76.78102167  
0.04455560704  
68.16848851  
53.06732001  
201.421837  
52.48056236  
232.2817728  
52.76129242  
219.171571  
40.10158514  
89.01769667  
82.92862779  
115.9554086  
71.87610077  
99.83264136  
219.8221764  
154.9139608  
47.36244067  
12.87811533  
148.472685  
96.57176953  
22.3629203  
148.1357668  
77.14174334  
2.386592574  
6.150721369  
13.71328254  
19.063656  
45.94615875  
40.13881631  
64.38180995  
94.18769337  
74.66700073  
29.37761063  
167.1352447  
140.3480111  
173.0499965  
38.25713453  
73.45407261  
41.77555093  
121.1298804  
46.67902206  
33.97665131  
11.75904192  
