396.8693034  
212.9187098  
1638.113729  
1393.877983  
6330.834734  
15132.67328  
7099.923769  
3590.811421  
5462.450612  
4937.401422  
7342.339258  
2761.20973  
16383.71238  
9125.630881  
33972.26025  
3082.191149  
55075.79377  
80201.27935  
125897.7261  
42673.52993  
48660.89932  
94332.15732  
35057.62395  
1457.564391  
34649.20286  
51724.81327  
89356.33433  
55714.53558  
47765.57527  
20106.08718  
44541.45217  
33749.01634  
6969.760622  
13535.71858  
62798.0686  
5210.21124  
46040.44708  
4763.285844  
4261.618644  
28085.80725  
6434.658078  
10661.29268  
3054.521409  
877.0764806  
7086.489264  
161.9410625  
683.7546397  
3219.309068  
30146.64761  
18249.38707  
6319.618259  
5674.399247  
1581.506792  
545.0725516  
7793.483069  
3578.440782  
4486.768871  
4886.025472  
2477.166905  
2522.190964  
2513.827523  
618.4576463  
11907.65234  
5627.519434  
1160.609378  
291.243821  
1991.927078  
2765.075711  
2543.130001  
3394.724816  
1647.665126  
4871.083903  
100.566686  
3488.496161  
1114.847338  
4717.147736  
4740.644218  
9534.590875  
1914.403852  
287.2627289  
803.5629575  
1436.30574  
538.2743924  
246.5423149  
5962.243051  
1086.514896  
2130.353248  
1876.620867  
1047.881176  
4350.312585  
289.9899551  
353.0626541  
3631.940607  
1594.016817  
969.5555198  
2237.083854  
2003.310801  
2553.00894  
443.8004278  
1026.83776  
258.210323  
304.3389803  
183.5660172  
801.3933923  
2592.874425  
1826.491488  
308.2818974  
2699.078018  
1861.264115  
1468.48829  
406.2205321  
990.4370226  
462.5134325  
45.02521231  
399.0987488  
2396.89141  
413.1939649  
1023.846058  
16.43733362  
182.5311738  
802.9660497  
501.3072595  
500.1342439  
4250.962652  
316.6637978  
1177.774288  
248.6268749  
1390.245613  
262.7883096  
939.1232609  
1.656766008  
1179.084402  
218.2184852  
72.28339483  
105.6369598  
462.2484894  
304.2794917  
718.1628031  
170.6771297  
19.78887298  
1072.347116  
625.6919436  
1383.850373  
1281.169599  
439.0661158  
1960.975426  
271.9389522  
213.2880004  
285.3453029  
4.582044823  
67.189248  
659.6921101  
269.1974344  
39.1835044  
235.0873313  
1029.048863  
228.1962922  
134.3381188  
1248.514489  
967.939128  
72.81298279  
328.1733479  
405.2852373  
0.8897725661  
21.93179664  
39.29005969  
444.6052061  
87.62079382  
603.3722657  
376.0725494  
598.0712646  
57.57814088  
94.88058063  
852.3410348  
92.65194064  
317.3569969  
256.8640424  
65.52966242  
526.0120792  
1594.120674  
462.8374237  
160.0441021  
119.1787751  
49.74329985  
56.45895305  
250.1214652  
960.1393226  
17.67318908  
130.6172118  
188.8970246  
182.5729866  
1190.165723  
85.04890987  
211.4556789  
91.75132444  
61.18847887  
674.5290376  
68.98943009  
533.1683548  
163.8798016  
88.2749112  
81.67274832  
87.37342654  
40.91063712  
54.45025703  
113.4076049  
0.2997766406  
246.8362636  
10.70168057  
63.13183831  
243.6523141  
405.2520898  
118.7104466  
505.1825952  
276.5559254  
241.6137945  
28.51090979  
81.7288906  
234.6868997  
571.3291961  
383.3981783  
50.74226987  
188.7747398  
21.42964342  
45.70339217  
107.3524034  
137.5758794  
54.05175643  
164.8147212  
59.35238943  
46.74349751  
9.759727728  
11.22427355  
201.9782125  
332.8943578  
112.1526638  
179.3102975  
252.9297413  
5.967762584  
115.3237293  
28.00509787  
226.7251895  
20.35819978  
515.2873887  
23.61027154  
51.20066596  
4.602156554  
36.55172118  
121.8538487  
132.6986459  
67.41012255  
87.26700533  
44.22951805  
160.3096144  
113.0573269  
58.5099259  
63.48986348  
95.49733766  
78.80906085  
95.1170757  
12.5211009  
96.94215156  
93.81242679  
134.5791637  
5.825920237  
151.5540331  
146.9722777  
0.9546016609  
144.2862168  
52.42937155  
29.58211041  
66.14303955  
33.12897014  
486.4370125  
0.3046799101  
106.9889378  
23.78539718  
41.544886  
106.3322613  
11.54673756  
19.99335449  
276.5570018  
31.45394671  
94.6547897  
7.593811363  
13.85670262  
269.1106787  
39.76372122  
1.11308983  
129.2669605  
35.000979  
233.9255693  
94.80247961  
107.2644905  
42.69491747  
