107.5717974  
569.9530987  
378.1006278  
225.6730483  
351.7372961  
6204.453982  
2522.752603  
3824.758698  
7339.583007  
3527.303986  
8253.741812  
5849.884795  
1679.658588  
2922.093646  
2423.433358  
3.589514856  
14566.38225  
2355.5488  
3437.060363  
6014.716402  
11640.78768  
6103.735906  
16058.97966  
41310.51158  
31336.03704  
2820.663211  
10742.75789  
7260.431685  
18994.16929  
7493.437387  
5572.706956  
17433.87658  
178.5144622  
1100.27958  
2779.412068  
19442.45194  
109.9736187  
15093.49773  
8579.449348  
29801.83674  
7004.276989  
5788.876993  
3879.013614  
2622.111127  
1806.392142  
4376.94183  
8454.493456  
1884.911736  
2095.923594  
3143.23688  
1611.453518  
1597.523177  
7162.600975  
43.7642257  
1218.982442  
2055.144646  
4371.449625  
3041.705297  
2025.84692  
486.5361713  
2719.486836  
499.261584  
635.7074946  
2851.059135  
833.2322677  
843.4144251  
4013.668006  
3876.283674  
3728.072756  
622.9344619  
3306.939829  
1222.564323  
2150.768134  
2683.739095  
2638.453154  
4505.863863  
4547.649409  
4866.009174  
6101.59411  
183.1096634  
6305.966306  
622.0899564  
5195.98032  
22.28110847  
8317.951138  
3360.99008  
1954.485933  
836.9923709  
958.8411176  
644.4837097  
181.3767803  
222.1302497  
45.89371709  
2850.112511  
4216.497176  
2566.616831  
7509.268879  
10011.48087  
458.3121907  
1590.294698  
1005.230565  
1175.898894  
684.4689918  
1208.976687  
345.3691656  
2432.02098  
5720.149216  
6031.147705  
1778.572178  
6375.03808  
558.9873865  
383.6325246  
7379.384169  
1101.335228  
2246.145837  
6696.84077  
2976.697929  
1316.194408  
1443.388978  
474.8939903  
6658.130043  
6399.56435  
6507.960598  
5407.060232  
3198.12388  
1839.858699  
5810.492038  
5101.898757  
45.87504464  
3672.779779  
213.2664239  
693.8682753  
484.865959  
523.7731464  
509.9626559  
223.0669639  
62.35750753  
817.3579947  
198.2269199  
1920.501146  
614.4089842  
1333.205946  
506.053865  
613.7321279  
979.7872136  
86.14212381  
925.2301969  
265.2461853  
337.9141984  
75.44890536  
141.5455744  
324.9403007  
245.878879  
324.7639223  
608.8896277  
104.1263779  
211.3715285  
334.3466591  
322.4397148  
544.8324525  
490.5861092  
802.6895754  
2312.886859  
23.70853311  
613.3417251  
220.6205408  
504.3094568  
94.03875019  
324.6100276  
184.6002056  
55.51985905  
79.1901733  
174.1114033  
236.0080817  
340.5171632  
91.45985572  
164.209551  
504.8936267  
8.531493895  
149.8696941  
173.1548772  
457.6442073  
90.62197266  
222.9900305  
20.50820845  
808.1700904  
2.990424951  
151.487849  
71.68192521  
1.173189956  
286.3453311  
229.0423723  
376.9839867  
123.9340825  
93.54777993  
792.458655  
52.19402399  
53.84971667  
322.7654838  
94.58420253  
37.24434017  
174.2861138  
1.742123039  
333.0354155  
99.63140408  
104.7609145  
101.2326775  
62.55485674  
501.2809121  
161.0881878  
179.2716644  
144.5504861  
85.86290417  
272.6009616  
29.29679348  
55.40602004  
39.62373615  
45.7895008  
50.7268421  
20.39187803  
75.05927208  
145.0999173  
92.62955389  
128.9933671  
65.57814515  
404.9982322  
114.4115869  
9.761016688  
272.9154516  
27.41017631  
70.71127861  
840.6183367  
623.7876696  
60.22358888  
86.13494789  
190.6563276  
441.0801089  
2.160214767  
101.5613896  
35.70725639  
18.19828118  
25.38472157  
35.86360758  
158.1287172  
199.3492133  
354.6148739  
72.68281759  
323.5645724  
46.92294855  
239.1691812  
41.04472813  
31.09735928  
124.8356647  
120.8743219  
43.51822409  
2.625957713  
152.0792223  
73.92630052  
110.4793935  
193.3898523  
36.56131526  
21.22317816  
217.6638317  
7.302507426  
15.72684123  
1.527603263  
6.61204884  
131.5534559  
85.33722489  
109.4877913  
84.64331177  
97.939442  
3.524484096  
158.8795234  
116.3851076  
11.34646951  
137.1670779  
95.20365214  
225.9900962  
3.120565842  
40.17716993  
24.90641585  
105.9127806  
118.3495287  
53.47841301  
272.2507572  
96.41945621  
114.0151657  
51.65883815  
37.91332098  
74.92885825  
6.391062546  
82.3710907  
5.824450237  
18.52301305  
