1.099848887  
2.563133025  
83.40554528  
256.1913283  
236.3169985  
743.3148106  
960.796634  
871.4369678  
397.8320684  
185.9151284  
377.8259911  
383.4987243  
136.0732679  
482.221574  
232.4519465  
540.7072744  
32.61404556  
1684.213304  
1163.731638  
1074.907551  
408.5339687  
715.584716  
193.4304878  
231.5676009  
493.1795734  
392.626695  
593.785213  
925.3418488  
1664.149367  
2141.70811  
371.6739442  
3273.363445  
237.1634154  
3097.243005  
953.1187346  
2442.491318  
1253.451252  
276.2904203  
2891.034991  
186.1307798  
2018.747117  
472.3912779  
291.8128013  
332.0783885  
2108.262676  
555.8603954  
897.007711  
3412.668371  
3055.639657  
753.1221568  
78.10982333  
5410.604891  
608.5452347  
1514.123629  
1052.153253  
2851.368425  
2762.99878  
1120.352967  
1477.872842  
818.8268843  
4240.330298  
1603.897339  
888.6446354  
8145.20864  
612.8629485  
646.9215105  
2949.139735  
2117.850577  
540.7839558  
2976.428392  
2191.631336  
2738.434892  
3878.526151  
1031.665177  
7475.901841  
4116.57035  
13084.55578  
4083.187799  
7294.312234  
10189.72793  
2006.005895  
9406.479958  
12764.72507  
1318.758387  
792.5394869  
4035.431201  
9025.372322  
3222.144587  
11009.67202  
35910.65414  
12622.87328  
20255.72967  
15396.78735  
5417.574938  
44251.49774  
60897.8588  
91862.87008  
186287.6999  
81158.67636  
6808.086566  
51851.16306  
15060.51614  
6442.006479  
53728.76125  
3401.308601  
57884.14614  
83188.92142  
18723.73346  
2476.56765  
20706.41514  
38020.01223  
3066.892581  
28682.48474  
28008.22802  
40143.37937  
57281.08245  
27948.37112  
5552.897348  
82296.84063  
21924.34711  
77349.75368  
151045.5352  
75786.7861  
38309.59634  
38045.09289  
3865.369755  
106373.3669  
57194.54037  
44085.89982  
18954.71602  
14318.5345  
4758.1327  
6459.095273  
3716.088235  
30600.88533  
473.641549  
8882.873911  
28209.04527  
2425.828735  
11691.68973  
20026.95741  
29287.80525  
2090.00984  
10448.11418  
19328.36588  
5701.729304  
3410.180707  
77.91342532  
6574.465445  
1490.874916  
1800.413727  
1944.910956  
3558.892695  
2646.509785  
5022.863202  
1598.59177  
2675.995672  
5215.107466  
5502.30181  
1487.985816  
2582.979388  
177.1806438  
2396.023237  
50.44029671  
971.3257921  
413.3236968  
1657.893285  
2867.869999  
491.4063188  
1155.212636  
3179.538365  
731.5425922  
495.1877794  
866.2377468  
1052.854743  
268.9392664  
121.8436306  
729.8828203  
3266.806779  
1991.505095  
3732.95428  
1613.051052  
2758.100202  
899.9242738  
403.4406121  
1769.682543  
2593.385445  
4199.180509  
1758.397362  
402.2887384  
718.3481362  
1597.203303  
1093.38826  
1541.316097  
841.8013607  
948.9585762  
1392.921928  
157.1787347  
3939.05729  
2702.170478  
698.6821947  
755.9358528  
611.8567983  
1961.666823  
948.7166648  
627.3002093  
322.1472142  
807.4654256  
685.2795958  
650.6112479  
5830.187245  
2967.2929  
211.773356  
976.3522073  
903.2128249  
632.343177  
3079.489545  
200.4006007  
992.0755556  
397.2833419  
6837.38404  
499.0787372  
2532.331878  
1294.27637  
48.43652454  
90.16275339  
3070.845006  
0.8113993374  
48.97703533  
308.0478429  
1132.776702  
782.0630116  
6793.103482  
3687.743566  
2633.745931  
1618.011175  
1838.228514  
638.9052784  
1368.810609  
2524.733206  
1598.194376  
2519.054824  
1234.10947  
2931.878353  
1224.13535  
156.4471213  
2135.510842  
1121.08072  
231.9181745  
1862.757324  
6786.844983  
1689.992856  
804.2495319  
1009.758248  
516.5971058  
1194.144853  
981.7610506  
1678.763979  
6600.209996  
1602.680494  
174.8762935  
2822.517928  
2352.498598  
433.5449403  
323.6510845  
151.2419254  
86.4601331  
2795.881295  
476.8012397  
1070.382465  
1783.763451  
1730.65625  
2866.561874  
1222.617978  
544.0565418  
1696.507687  
423.3689634  
277.1110254  
331.0907599  
74.55127663  
64.04927399  
987.6549321  
280.2506641  
187.5972966  
1390.490981  
1151.482078  
1404.866677  
511.5725784  
2131.002889  
1106.958981  
363.2909782  
713.984512  
773.6085336  
750.5967819  
564.0093972  
