147.9313104  
106.6108934  
238.1746503  
367.1683344  
1002.644503  
5133.53809  
3299.279698  
858.2379  
3558.499196  
6795.600513  
4826.142713  
2496.193814  
11.3545181  
4601.694681  
2017.031021  
10054.48601  
12997.39608  
12389.87312  
18757.17867  
7982.31059  
21163.17444  
2894.514089  
3875.689386  
17105.09612  
2090.408106  
6285.90319  
14458.90445  
9898.613341  
14181.11156  
2828.591955  
16194.66048  
9561.849121  
2988.491859  
3820.664732  
2220.467199  
4665.639355  
1956.478387  
6399.979373  
4515.227847  
3288.343441  
14917.54116  
6975.914913  
5107.941171  
691.5805325  
5245.236654  
4286.810932  
5327.719671  
5544.028219  
1498.842189  
13564.4139  
3886.519532  
1278.849646  
9003.142202  
1789.484232  
341.7424992  
1565.722199  
479.4614076  
1819.727641  
4773.949318  
3534.549853  
4534.479086  
500.0933285  
3435.514653  
169.8056824  
1272.915715  
8625.732733  
6675.063843  
2513.793726  
3434.02574  
1060.00865  
1675.259093  
1280.636281  
2708.63843  
3066.327775  
2234.088816  
846.2609611  
7075.258979  
472.7256013  
578.405426  
6971.570732  
480.6317475  
150.7235565  
879.1930934  
482.4834197  
2006.347061  
134.0405184  
4683.81846  
1232.296514  
4852.785579  
5419.8265  
284.944649  
6347.150689  
3677.239377  
6690.315291  
5915.16938  
1414.520473  
1494.691388  
5353.495405  
26.54691952  
4214.996686  
3403.500091  
18.3703277  
325.6931713  
5.812345536  
467.7211124  
7529.707999  
4830.322554  
7183.720185  
2679.829843  
1767.901597  
2643.850552  
701.520895  
1596.462751  
1993.95021  
1713.784643  
7717.7791  
3499.160232  
1147.765426  
3972.119709  
226.1933828  
7459.937119  
6074.067883  
10113.71524  
9265.201166  
2041.485969  
893.719605  
7402.733446  
5609.625015  
845.8973967  
4137.361865  
4049.681782  
2882.71854  
2332.688508  
320.3863115  
753.4012698  
494.3337266  
1194.417913  
3153.831689  
360.298661  
2247.65313  
2954.602445  
3952.511269  
3912.209933  
1097.7614  
4008.577098  
1864.359123  
1187.143479  
477.788804  
734.7956026  
172.1240422  
135.6620642  
46.27461184  
524.9538674  
132.5179756  
299.6513188  
166.4255747  
642.0188122  
455.2962694  
531.6709897  
266.6386623  
741.8827968  
282.7197699  
537.0837977  
443.8519749  
264.9376883  
739.7115  
142.4006946  
27.00921224  
105.2660057  
30.29632773  
800.9148772  
57.32199321  
62.56608731  
7.01773331  
68.46638952  
274.0105812  
675.1954837  
486.6495754  
88.52546655  
344.0588713  
666.1386498  
992.5911936  
710.6719773  
129.8481016  
170.4091623  
337.8183658  
436.9786169  
1057.045898  
256.3110942  
33.17945694  
530.844208  
37.08375854  
965.4350211  
179.7896857  
475.8760586  
294.2660612  
34.30258566  
53.7197186  
73.27354394  
62.30464813  
176.9025486  
366.694346  
281.1299813  
629.5488904  
70.67518297  
51.07175437  
106.1475702  
47.95169069  
58.43629841  
48.0469648  
1313.460279  
108.002146  
19.50869036  
252.5077858  
154.7108297  
28.09156972  
26.23283897  
43.367005  
155.422929  
288.7327031  
775.4168602  
114.9616074  
1305.731373  
324.9805468  
150.1725756  
6.099506802  
139.6604215  
255.8770365  
256.4993586  
20.11876953  
45.56204326  
19.39247656  
1055.883743  
393.6988305  
340.2716824  
67.26681993  
64.54208109  
93.63610115  
115.962485  
760.9404937  
678.6757634  
198.7644393  
417.0595028  
73.64849945  
12.24229621  
449.7271947  
364.6316029  
24.94040039  
180.167608  
191.8678496  
385.0429838  
89.72393073  
9.503237469  
156.024172  
6.210122483  
150.2212589  
137.8423939  
135.9089713  
141.1056088  
177.7377265  
6.028685213  
28.24546008  
2.568880537  
14.27358272  
299.0213341  
26.87602026  
34.94527968  
93.65314404  
39.23159452  
113.8132211  
5.903038322  
221.4851031  
58.23708461  
185.0428673  
2.689059199  
112.5579881  
151.9534317  
129.6538445  
151.8042373  
36.86426338  
37.67470727  
107.8589946  
125.3011614  
295.9067061  
21.94023883  
116.6819132  
301.5613545  
486.1257949  
2.279010514  
505.9133839  
115.6236644  
56.98749217  
143.5694386  
25.5470553  
7.163352781  
