67.5148049  
379.4756911  
588.1355704  
286.918503  
175.6684058  
1923.726215  
466.2415911  
567.1999204  
1479.99171  
319.1500092  
359.1842142  
1103.397534  
2515.667134  
3820.252319  
6363.264924  
877.2885973  
1049.046138  
13836.47599  
2945.118375  
146.3552767  
250.4659065  
2858.864328  
621.7492419  
9278.065065  
7360.635189  
3633.910219  
2552.979683  
1737.496484  
800.5938678  
1073.006506  
4160.292681  
1892.30542  
459.7916512  
1361.867673  
3870.42531  
8391.344512  
844.0328549  
1185.143452  
4896.129148  
1131.835879  
434.7651961  
2306.175203  
10061.29786  
2361.972385  
153.6110113  
796.2668143  
707.8007996  
9840.981379  
4445.839468  
5514.064006  
2220.71714  
5978.281018  
3436.081245  
879.5086881  
2044.872151  
955.7951951  
633.7129645  
67.90148486  
2475.478463  
4322.978131  
1859.97683  
5048.213004  
1674.561785  
1330.022953  
389.2256413  
7752.060868  
1265.118208  
962.7741874  
1349.791642  
2125.941238  
3620.059167  
3564.831583  
320.9728752  
904.068166  
1403.692492  
408.9386817  
194.5521599  
1676.996451  
1174.88378  
1028.512446  
1415.574808  
978.106605  
1890.100451  
17.22941263  
3606.052874  
46.67823289  
1937.761193  
185.7491734  
2907.017826  
7576.671536  
4511.154658  
355.9768755  
7380.775639  
379.7991726  
3295.479354  
2877.369511  
7054.478998  
13840.81368  
5888.158409  
828.0422124  
6319.07335  
3598.94483  
2622.887144  
3940.653491  
4.058099256  
3709.919765  
9301.99716  
1534.013541  
1838.197218  
3099.936881  
2833.567749  
564.7616493  
1073.767327  
3726.3945  
3644.590591  
2292.784651  
2654.804996  
327.114269  
3314.625377  
4554.566143  
5721.316207  
9106.214997  
4162.420141  
1123.617494  
4713.670795  
3349.942849  
3923.370818  
1840.365332  
4636.693495  
914.2777231  
2287.458151  
1019.734105  
2628.233583  
344.2909274  
4733.486711  
192.7135293  
1995.61194  
2717.684602  
497.9390655  
2350.018034  
3010.123801  
2510.156889  
326.7451706  
1450.773238  
3866.80467  
1416.065558  
552.7666255  
1135.308835  
1040.813279  
705.5433304  
256.7053031  
1012.599227  
1459.278248  
1661.454293  
452.6120438  
1370.925219  
581.1132083  
320.5499694  
100.6173827  
300.482217  
1177.578752  
1974.916465  
71.9716445  
2183.399124  
1245.349627  
29.83773826  
2099.213949  
712.8507353  
27.88870353  
249.1052109  
434.9148075  
40.4188859  
402.0554278  
63.03750568  
773.00085  
646.7168715  
527.4149373  
377.4439422  
685.5460549  
1023.237584  
6.128741252  
1103.300374  
109.8848921  
1146.609302  
670.3568882  
58.86614696  
2053.949859  
931.4159134  
2409.070134  
1787.41702  
2498.65392  
1958.906154  
1183.311642  
690.450843  
4803.18215  
2096.771333  
1190.634308  
81.04637814  
657.2044847  
2285.001329  
774.8418885  
2119.35248  
509.2166789  
1961.61031  
597.3053313  
812.8501437  
843.7037626  
376.3703633  
1581.726033  
935.3489701  
707.9512995  
241.2914921  
2540.494492  
11.21933763  
183.7758344  
3437.69993  
1012.79316  
718.9393338  
1218.887435  
1153.266572  
3856.508484  
3059.552986  
713.7997774  
2562.41378  
1425.604179  
281.5395107  
2305.092328  
2625.897679  
1828.350001  
1174.385321  
64.42511685  
498.0761083  
118.0494592  
564.9190872  
931.1384406  
1984.681495  
96.25246982  
446.2718127  
637.5229436  
61.5256288  
683.0981135  
2860.98667  
253.0173495  
63.24170617  
203.1060906  
2140.216553  
216.4086603  
769.8774867  
758.2950865  
984.2169916  
1186.375028  
1432.633809  
457.9340866  
458.2201279  
824.4312598  
297.3321309  
323.5509126  
1366.956844  
444.5360939  
965.5789098  
1123.831052  
3360.503529  
332.6820257  
29.28647806  
100.6461072  
1777.292332  
314.3472174  
635.6698949  
96.53247488  
145.6331296  
1422.664368  
270.4351214  
972.334618  
1509.668748  
3092.912576  
194.873249  
280.8259198  
143.6165017  
1079.921985  
332.9044833  
910.8185182  
769.8430325  
273.8539617  
12.0200281  
1161.50905  
47.55069362  
32.20277791  
916.2834613  
1776.279486  
430.0554377  
2221.820557  
385.3413957  
1679.430499  
736.2484407  
1.50211207  
