112.0813785  
392.3727616  
1568.448416  
874.9511413  
1683.495715  
2338.303335  
294.7781176  
4467.018353  
2163.405936  
2668.224564  
1673.334323  
7810.438599  
790.6993294  
7372.463764  
5204.088898  
7663.833526  
237.8035943  
535.7445953  
1497.892824  
8808.703609  
1477.103904  
9399.685377  
4386.709338  
1572.562076  
10825.68876  
4841.873185  
5570.075004  
2908.727501  
1607.030183  
11263.1572  
290.957036  
8786.664011  
16075.13212  
4768.974316  
2130.344527  
758.1466248  
103.3658715  
4473.377734  
16370.78572  
135.9224443  
8418.938575  
4632.106244  
5085.726868  
5822.033402  
327.1141199  
4839.579184  
4.658613541  
3089.357027  
5764.488429  
1.617379806  
11892.97585  
4465.328705  
5552.868977  
275.670831  
1592.092823  
1.34146998  
2185.513964  
2607.880931  
975.0607588  
296.5056589  
2600.356539  
3210.333937  
2973.057555  
3717.745388  
18.55936169  
5990.388847  
978.9433495  
3469.11281  
30.24599263  
1016.319646  
1123.176866  
3181.89558  
3784.122707  
416.2253962  
573.5463296  
541.3524046  
470.4170581  
1508.442697  
3467.477295  
909.0039344  
875.6293395  
589.613027  
2243.821687  
2489.983445  
685.1033699  
711.6242431  
4099.147528  
960.1704928  
1914.424  
2236.624408  
3.95457828  
2557.143236  
444.8269335  
16.81993526  
6126.342013  
4897.658032  
6937.887703  
15002.73792  
3030.161353  
253.4392133  
139.171094  
1514.176921  
722.452201  
1278.68965  
128.2775012  
3196.328277  
12393.78365  
323.1725953  
1141.50987  
428.5638953  
2647.875417  
359.104706  
1974.205581  
918.8187873  
4980.943269  
7368.326227  
4421.675758  
305.5798678  
1485.023847  
4939.846274  
6457.785961  
8584.760712  
3881.299758  
2200.732705  
1897.500916  
930.1743502  
7923.053778  
4738.098208  
3120.948695  
1725.532894  
183.8375693  
292.9731649  
1249.302746  
99.3574032  
3126.275228  
111.3436546  
1119.328059  
1566.1293  
747.4868838  
1135.199211  
1634.338499  
4723.277553  
258.393335  
164.757452  
2520.858807  
520.5576785  
298.1411419  
771.3348693  
1430.090754  
475.192383  
429.5071811  
658.243794  
222.3983325  
138.9717272  
89.79901167  
14.2451275  
108.955854  
269.588958  
846.1025385  
52.36504459  
371.9577462  
56.91083283  
265.1358339  
655.5457646  
606.2985843  
12.2290632  
1673.161082  
104.2294768  
15.01271151  
23.10711571  
102.260971  
105.4134173  
107.499216  
42.24493436  
286.8799724  
175.3976725  
1282.816028  
89.12352649  
412.7091405  
214.5876758  
283.8746117  
41.86414102  
411.2555024  
344.5819268  
506.3366266  
130.333026  
209.8192929  
175.0198893  
776.7520931  
177.3219936  
345.8102566  
307.90505  
190.6464372  
232.593989  
606.7915979  
55.82924878  
270.6261665  
141.1378517  
561.5457146  
191.4771936  
14.15168907  
549.0870794  
412.555864  
329.2917061  
420.9843892  
183.9735286  
534.9444863  
19.92231131  
190.5568701  
353.5778389  
412.0888563  
3.166021025  
36.69592548  
86.18706531  
38.45416187  
194.7434277  
308.4359587  
8.76190192  
54.77180809  
54.08728277  
338.4393356  
48.11697867  
622.5807452  
135.4534172  
42.38420187  
96.33879049  
880.6302483  
91.48203358  
192.1783678  
233.0292132  
333.1418292  
203.1684788  
192.8699329  
2.025620318  
210.1557705  
334.2481089  
64.51910908  
18.01220664  
18.30620854  
487.8400111  
295.3854194  
125.7852556  
718.8586845  
65.31023732  
174.4262694  
215.6269193  
75.21821205  
156.4475779  
165.2686128  
61.94318021  
666.41789  
131.4624511  
155.4608447  
184.3284611  
82.49888978  
283.5874686  
31.61715963  
28.2815349  
49.18370949  
240.1323921  
85.30318082  
24.50004151  
19.09672123  
81.73624061  
301.4138215  
155.3642704  
150.058096  
32.3993327  
71.89475044  
89.9285918  
247.501035  
24.10571535  
374.3336284  
29.69524775  
266.3421684  
3.498655451  
76.60479974  
185.852477  
150.8219849  
22.28152845  
188.950095  
65.65577525  
339.5210316  
95.42512429  
368.4653957  
71.52021185  
32.53617495  
3.899675325  
20.61707387  
152.2407668  
182.1939021  
3.810899874  
283.3734852  
35.92192682  
20.54610845  
