50.97423846  
549.7571899  
389.3886829  
858.0734764  
855.2350421  
459.6308275  
430.0966571  
3568.142904  
4049.105858  
1809.039711  
893.50051  
2043.585651  
5087.652275  
897.2662019  
2916.904158  
102.9098526  
1130.971398  
4943.560799  
4018.853731  
2677.413662  
4082.723515  
13407.31688  
20690.50912  
15646.04016  
1741.694027  
4088.436824  
6529.377835  
3440.670969  
4070.900197  
3817.887945  
647.1053989  
2408.731635  
1405.272654  
6047.346168  
4842.008533  
2004.373022  
2516.810664  
1406.756521  
9441.087458  
7090.976157  
2918.515972  
8316.900991  
9495.341589  
25364.31731  
10852.50829  
10141.71427  
19956.69692  
1739.358245  
4686.765551  
1959.613759  
1518.873496  
4896.850199  
9188.902995  
1369.681053  
3853.073945  
481.0806226  
548.8381199  
4752.179228  
1527.532133  
1022.5415  
4555.044878  
8203.863332  
673.015749  
29.29834151  
1558.030445  
5674.006732  
1699.799719  
2680.403664  
618.420585  
1397.568059  
1093.732415  
675.1428837  
2428.470617  
479.8213599  
218.6962423  
6220.147105  
128.0022329  
60.61025344  
913.9724278  
726.7099146  
472.6583228  
840.6616317  
178.8881849  
1470.869816  
1946.987797  
346.6581615  
934.1040822  
674.1886056  
2014.876863  
3245.37064  
1972.609163  
528.4446567  
807.3628356  
373.6376175  
417.5513293  
1373.706635  
2187.701927  
771.6483404  
1140.799827  
1308.37091  
2188.348016  
305.9346325  
908.0397835  
5.721914005  
64.72056511  
2513.455876  
287.2737515  
286.3557339  
287.0780239  
145.8062316  
1595.793946  
6.770373623  
1775.277262  
2089.939969  
39.14510738  
3009.892756  
400.4117518  
370.8701403  
677.7372315  
737.7593251  
594.6505914  
1085.062096  
961.4563941  
2073.607984  
14.43736121  
93.55907327  
888.0985145  
815.9184664  
56.46429301  
2543.674784  
302.7058403  
17.21736987  
12.00821196  
616.4782603  
128.4847781  
81.53357183  
972.4444549  
325.7207956  
464.271907  
539.1104733  
323.7842218  
1305.638158  
252.1059599  
195.6552105  
298.2146212  
551.1983404  
201.3232828  
192.5991667  
16.89739245  
51.2147872  
186.3770322  
88.37247673  
105.0469581  
11.12808923  
305.5010102  
9.318035131  
18.6779329  
182.9017006  
167.1495337  
352.0309759  
76.46132422  
34.05126363  
25.19238543  
66.70684861  
430.4937161  
230.0607177  
321.3042429  
7.965282647  
208.1505568  
21.19900956  
42.00099871  
116.1065401  
95.31817562  
48.67078639  
42.70052302  
5.630693044  
219.6856846  
11.6258049  
72.19697162  
128.3124685  
194.0903191  
147.9764336  
120.2883597  
34.78270563  
64.61379212  
44.62742175  
96.83813606  
137.27716  
28.52618117  
40.73642682  
231.0010132  
86.03094036  
13.22124065  
207.9093597  
31.27934598  
173.0094542  
257.5831547  
211.1687725  
99.62059176  
32.15769602  
133.1548871  
175.4232114  
177.7550369  
231.8008168  
112.178509  
16.99272483  
304.7588906  
316.4749998  
136.967744  
458.7466821  
70.39529193  
80.05993697  
21.4838374  
18.57934579  
3.604617985  
86.07864448  
169.1402099  
77.75508292  
94.87576233  
75.95987559  
24.47518765  
42.92731916  
72.34545438  
62.34600258  
113.1826922  
12.68524064  
234.0418177  
135.969641  
163.5578448  
12.53418599  
198.4997038  
58.54000241  
168.5490227  
209.6522901  
114.3934381  
200.4173975  
30.05494884  
42.60722861  
4.926349747  
375.9669439  
310.0617426  
165.4487532  
238.0764157  
234.6207924  
4.133047532  
104.4898201  
202.3254171  
194.0666495  
45.09522317  
101.3057075  
167.1490391  
183.7144619  
35.26684062  
222.0008418  
54.4022084  
359.8028302  
34.8619947  
320.8331059  
0.02682378479  
34.35012747  
45.95857745  
25.84785402  
20.82174558  
17.93989097  
39.3497849  
20.87455095  
33.93382358  
131.0300631  
3.521453414  
45.64255421  
18.64958673  
188.8993058  
150.2574532  
128.0796603  
126.2975889  
52.19717738  
6.984938608  
79.68609483  
307.7342742  
18.64420702  
19.48105169  
197.0294011  
218.1651926  
0.8725638929  
65.68076749  
155.0099307  
50.35630887  
30.7899426  
163.9710281  
208.305035  
11.85140978  
51.43009491  
332.0941337  
105.2439068  
22.81213753  
