180.4622276  
8.166549049  
107.8805447  
209.8247231  
832.2394756  
424.4913942  
1255.785746  
735.5708971  
501.109975  
344.8849626  
473.4280496  
528.6651296  
685.1426974  
2472.255875  
137.7549219  
68.17677359  
672.6101073  
305.3799671  
4292.908797  
9.578766618  
1400.14793  
1183.778715  
786.4310007  
606.5998162  
2331.159331  
2121.392702  
2977.562267  
3315.788323  
1120.365749  
2950.623398  
910.1980086  
958.4606199  
692.5668407  
2413.429129  
3490.346502  
31.35015577  
1845.033351  
2408.02891  
1158.723017  
791.806876  
154.6086929  
963.1475205  
1436.831874  
60.8583933  
3044.001514  
2082.771762  
166.6278789  
532.5671268  
1683.034203  
852.4543234  
1567.095191  
548.1887847  
1711.287295  
753.2418932  
626.7092529  
1820.593622  
859.1472244  
1434.39739  
318.0504408  
132.7351529  
3092.772469  
6431.173752  
2557.593917  
2393.226913  
942.4170786  
180.0829935  
4728.155186  
2294.374569  
91.13342823  
2596.945323  
984.2587294  
1146.568703  
404.0779251  
1185.33681  
4453.475057  
10767.13157  
2191.345964  
272.3864583  
2728.722975  
3197.964088  
145.4145912  
1051.121061  
1981.513839  
828.3892089  
880.9693642  
3543.380303  
130.7407556  
2458.963795  
1461.054215  
634.7351121  
2211.75343  
6215.215624  
3851.007471  
3176.342982  
2209.703559  
810.2025104  
307.8448726  
14469.46967  
9320.773333  
1517.385541  
387.3646294  
203.4229357  
3246.672998  
4020.433083  
385.3433176  
3008.171194  
993.8531388  
1810.899873  
1086.758867  
1719.817452  
3050.430613  
233.4745809  
663.0460088  
2613.886737  
98.35421907  
1101.375317  
1460.744875  
3083.132694  
4447.68592  
4834.576435  
1372.313699  
9363.256623  
5573.464767  
2618.522663  
1197.449464  
15.75390242  
2868.636388  
1202.474726  
8482.875949  
1608.169053  
1972.86653  
154.8799686  
768.7930699  
3886.971049  
310.5235117  
703.851717  
2320.579082  
3271.627431  
5686.685299  
3045.093379  
1321.929898  
1038.156356  
2902.958226  
3283.904897  
2250.202341  
5.78677895  
1182.403076  
2726.526835  
2856.381791  
4232.319421  
82.86440301  
2470.177631  
1261.793122  
617.0663136  
325.4322836  
5809.762002  
1465.688778  
209.5334067  
162.5132899  
1922.391057  
1711.578851  
3214.252677  
1272.001047  
1843.657017  
1582.053953  
4488.420949  
556.7402572  
440.2310815  
989.5114162  
351.5457166  
3767.094042  
1770.962035  
1196.484174  
73.74113044  
1587.784736  
4254.167204  
1472.461557  
2515.837022  
919.3339263  
5844.045002  
2800.184611  
3867.548595  
1881.229304  
661.250159  
1492.441343  
745.2859565  
3416.760074  
1146.569125  
1274.349754  
777.5091659  
3717.793577  
3076.966653  
5648.857392  
1153.279121  
1257.969702  
1641.737722  
1310.716981  
92.62963156  
1409.071738  
720.7386319  
20.82362237  
3327.635412  
4012.955729  
7287.243668  
3424.113618  
628.6832096  
296.0154119  
695.3835984  
3486.971491  
1238.92413  
304.5969545  
159.7434673  
3015.588759  
515.9718975  
178.630719  
3527.528141  
530.8591514  
728.8397131  
281.3534706  
1830.725635  
10168.64419  
4683.492487  
907.9853416  
3979.757565  
1279.229149  
522.4059555  
2856.084427  
2613.476581  
2861.843772  
1531.738119  
251.8526609  
639.2580087  
330.6876601  
2813.093539  
3197.42582  
2569.285696  
2179.703393  
150.2470771  
2588.895353  
1004.392782  
680.1896082  
4115.479447  
9609.110339  
1979.625717  
1481.845672  
2644.166952  
1905.226088  
1208.539601  
1354.79041  
4171.994847  
1654.707162  
5350.80383  
1195.521241  
2314.246476  
139.0001966  
619.8547212  
485.1089138  
1562.974548  
2823.717059  
457.1702423  
6986.994785  
3399.418402  
420.4865824  
715.7430191  
429.2597161  
674.1700278  
4057.109166  
1001.65387  
2897.788434  
216.8372232  
6892.328795  
1024.323832  
2992.041063  
658.3774407  
5568.789091  
335.2274557  
88.29608526  
794.311498  
1774.358016  
1461.012997  
3841.550004  
1478.604159  
175.3609778  
342.5695049  
3558.851666  
23.84350151  
668.105492  
369.9858608  
2624.266142  
1781.537048  
2059.824957  
1198.210414  
4273.69673  
1073.937955  
365.7426064  
