367.4822668  
336.9517619  
843.9317136  
80.46815378  
1446.589314  
8553.269965  
9543.713956  
1785.787004  
3884.09938  
5141.928845  
15288.9664  
5136.633936  
10576.6217  
8238.911789  
9979.968404  
11652.99661  
41878.08524  
6934.387471  
9085.341152  
23940.83702  
36209.79067  
5426.973795  
11032.59457  
22545.79164  
7140.6445  
27302.06731  
25928.40332  
356.5338656  
6020.142317  
14077.90987  
7371.686503  
25919.48646  
914.9902395  
3442.984626  
9413.550307  
8914.573247  
8545.637126  
4874.923755  
3861.356999  
866.3721613  
8721.348042  
4973.157353  
82.58440348  
4249.823202  
41071.54859  
6625.561803  
9790.703369  
17014.85065  
3709.081913  
22584.47878  
1640.163074  
85.07478802  
124.1366874  
3326.550541  
7673.875555  
1063.770595  
4911.290403  
4738.108028  
404.0416775  
3591.973358  
4783.423947  
9598.775156  
13889.21238  
11490.88851  
2595.967395  
13928.46375  
942.6568283  
349.2056708  
1061.677645  
996.3119225  
4226.747258  
504.672193  
403.0126917  
4986.851433  
3317.218975  
2191.612147  
3154.938813  
2297.044999  
2378.520496  
7244.520497  
4911.609105  
521.0606953  
768.6488744  
1384.516679  
524.4916258  
3097.25064  
3309.634025  
656.8592554  
3553.506342  
30.67384879  
243.0461472  
1678.001829  
2383.62835  
1522.780874  
1386.857757  
9840.766256  
2507.519383  
2369.789688  
7405.421811  
4554.955108  
5691.869101  
1833.222211  
2717.417834  
2069.073085  
1881.747331  
2403.952816  
1540.485669  
5743.693171  
1333.401244  
4904.520205  
1328.854355  
251.3763774  
918.0094259  
1430.785098  
9605.910511  
6191.075809  
1793.067712  
1783.772251  
1793.950857  
716.4854793  
2824.96093  
8123.208226  
6129.046313  
4474.683232  
3722.207848  
121.5821207  
6392.253713  
6048.543366  
3151.782124  
2165.551828  
1716.418834  
222.3054433  
2185.833017  
357.3515612  
1853.314191  
575.1320576  
4.079612811  
1418.459445  
843.6391621  
362.5243875  
1015.261439  
2078.988816  
882.4867267  
1354.049411  
3009.301304  
1151.293145  
266.600961  
125.7096729  
214.5476067  
256.4209067  
2.938569831  
413.3939032  
1418.001775  
571.3836584  
213.6927768  
989.6556985  
205.4395469  
179.3033517  
2350.406032  
313.6348114  
266.5896954  
368.8642551  
580.2309686  
497.7948497  
353.8928953  
359.4397675  
831.7580203  
76.87234621  
86.37658556  
725.0410359  
301.107011  
112.6874951  
279.4829991  
175.3862113  
393.5683221  
992.8012485  
175.3240849  
492.1117471  
536.4349679  
18.37817205  
83.54982805  
541.9938699  
209.2431239  
85.35832586  
230.992354  
176.233886  
314.0884193  
541.7562703  
7.215085297  
45.53650721  
7.051226449  
64.91894158  
432.3031916  
97.1727786  
257.1102867  
33.29646329  
238.1934237  
107.7701511  
29.10787058  
108.000041  
199.1565025  
66.97653621  
32.71379488  
66.40887425  
59.42435896  
51.11511177  
27.42525005  
12.37539433  
10.38648167  
210.9153038  
633.1251922  
21.63071524  
13.62542555  
69.52910067  
10.13353673  
77.08480459  
159.935128  
22.79416732  
16.41731605  
51.66943321  
257.962447  
17.30653965  
517.5688778  
184.4897406  
62.42740679  
139.3973841  
3.678968805  
201.4048503  
200.8330505  
8.724115896  
0.8542508326  
116.4813729  
228.5765676  
198.0524505  
89.41563036  
8.540834971  
202.6477419  
50.37898712  
137.2052716  
261.4999223  
361.5958148  
179.7261068  
186.0870188  
7.319648621  
280.7280423  
82.07900371  
194.5596513  
88.04496456  
131.0487771  
295.7474501  
132.1027412  
133.341045  
42.57449508  
35.6439539  
107.4427729  
265.3847026  
1.936960658  
78.54379048  
68.63358718  
109.4420352  
49.01637834  
65.54336087  
134.3429746  
24.88687353  
42.53762787  
102.5472339  
22.12494202  
126.6664421  
88.1518214  
29.8487464  
121.0502034  
60.74350891  
142.4561998  
21.08529405  
61.6141047  
109.7201931  
304.0093332  
3.575445792  
57.85818651  
29.36206799  
9.192427498  
15.2405929  
17.211452  
42.09973579  
8.529629498  
9.154048783  
120.0594539  
6.916350449  
93.43524743  
66.26222798  
35.49433219  
9.547797735  
21.65891836  
73.98213743  
105.1550735  
