150.3630159  
219.5128645  
879.3783972  
53.14360328  
466.5472055  
1578.198225  
1135.70682  
2443.258578  
6602.000138  
2868.508666  
52.08701113  
592.1646448  
3896.667003  
1920.647332  
1257.419599  
8810.731724  
9058.827979  
2037.903764  
7673.347977  
903.6629286  
1822.945613  
5703.718712  
2088.459905  
32475.46312  
3453.842805  
13653.77114  
1679.540387  
7625.887666  
4567.887218  
8697.511697  
18475.24476  
10906.79252  
18788.07767  
1510.560818  
7509.858124  
1172.654938  
5586.652811  
9837.678806  
10269.19319  
4268.921224  
12944.30505  
3390.927995  
13267.29603  
13873.27186  
4044.701485  
3500.963043  
6548.231167  
6166.704347  
1233.847943  
1856.134478  
4665.716107  
5549.670813  
4619.077032  
1568.188181  
821.3552275  
1319.6937  
2877.136687  
2073.393394  
26.36965367  
176.1385171  
9051.489812  
235.6001606  
3491.543967  
4380.559076  
3059.332316  
2044.688629  
378.1706234  
2179.746145  
3552.385884  
1681.565481  
2677.501101  
176.8103928  
1344.468192  
827.2115099  
2314.319714  
2262.668666  
601.10236  
2164.806228  
1067.240756  
578.3464527  
1692.223578  
1286.243045  
4738.274274  
2174.893481  
74.78040884  
276.5853357  
1905.150345  
2578.543397  
399.8747484  
1809.415122  
487.0873892  
16.07229672  
606.834284  
124.2821297  
1378.885457  
243.192388  
2772.595632  
5779.761759  
2326.537599  
1045.262612  
6384.029646  
649.7045458  
1082.727306  
962.2352597  
642.3788365  
1858.38449  
3740.405349  
709.5249958  
416.62426  
1565.421246  
2352.25109  
140.0487071  
4622.235749  
3449.160737  
2342.532739  
1991.934147  
1241.900891  
275.168495  
3333.584743  
1083.79224  
2526.784391  
2111.53247  
2698.266824  
2389.392996  
3205.395857  
439.9362238  
6803.711294  
1967.734564  
597.4634532  
2608.504548  
1838.281672  
933.1222445  
480.1082879  
76.25027802  
626.404967  
719.6485625  
332.708672  
1538.959684  
109.70561  
719.0980816  
2196.288057  
1100.93989  
448.2458279  
498.3818197  
1104.435785  
485.4830218  
823.6362181  
178.6697954  
258.2051821  
210.6764118  
339.0160702  
580.3590304  
303.6081258  
178.8787794  
244.988198  
161.5968525  
1.587093014  
185.1724108  
105.6937829  
500.100884  
532.2622184  
6.133257531  
261.1533596  
104.9400749  
140.2214278  
89.95058455  
218.3048432  
209.9129572  
357.5365293  
290.7078835  
305.8209018  
134.7193048  
164.642989  
52.29589836  
116.3764438  
117.9318844  
67.46144102  
40.01551149  
232.5449948  
302.5397097  
307.3128004  
46.75835915  
296.878535  
152.081934  
223.5807608  
148.3824291  
133.7192387  
1360.232666  
158.4084207  
87.28787214  
389.3639315  
292.9514293  
669.2106413  
793.995983  
211.2506124  
60.24411073  
25.29249617  
89.51201402  
179.0020691  
211.2796213  
161.0649356  
552.6948202  
242.674853  
77.85079007  
214.0373246  
172.7459381  
117.6437446  
251.5898955  
200.5941648  
23.11584857  
0.2247317552  
156.1840647  
71.37535103  
368.1890322  
248.6673389  
71.25024875  
81.12036827  
45.17106754  
16.75779564  
53.28082017  
37.69487999  
24.29837265  
39.33375179  
336.728771  
293.2217036  
1067.536313  
91.55677306  
132.5916824  
10.13340619  
0.460090476  
45.22877378  
15.46534946  
51.63223724  
4.283616346  
124.0037907  
535.0816315  
265.0183349  
87.86432258  
134.73161  
12.59285846  
147.2150238  
158.3127966  
94.71060402  
126.5104072  
38.07980309  
185.1601356  
204.4276524  
191.3630836  
244.5451369  
28.31928217  
797.3643339  
225.1735704  
185.8506532  
30.63619816  
324.0596069  
35.38553627  
52.09816426  
271.0404948  
36.36463942  
98.50745791  
506.8297942  
32.20935967  
74.58858479  
14.94556871  
100.2877172  
119.4164512  
203.0952026  
9.308395931  
27.18739751  
491.1520465  
225.6408416  
216.5567075  
42.54471775  
103.4662682  
10.83599156  
91.88760661  
4.125176885  
49.801826  
63.54533018  
49.02233773  
41.58785492  
59.47141671  
137.0108714  
96.74951659  
234.5576659  
58.93170052  
81.65712138  
0.743206041  
40.5470815  
93.88967737  
347.7758867  
58.68778754  
10.49670924  
267.6943828  
46.30409074  
