560.6784789  
630.624347  
2018.37464  
198.0010961  
2507.759456  
15618.23599  
15391.59407  
5834.985005  
11484.88106  
13689.13146  
56.75851834  
628.8545931  
4306.09521  
17844.78113  
24184.79246  
9782.727401  
23346.03376  
69762.03492  
55666.80891  
4763.664612  
15683.14713  
15485.69083  
10659.29975  
206.8467938  
59012.76868  
20315.33539  
34761.60191  
9663.88411  
746.6744238  
18748.72444  
23433.01027  
5732.230452  
6651.265829  
831.1555078  
13633.47992  
3662.2003  
1468.445752  
526.571747  
215.2842515  
16771.37734  
3195.123791  
4954.994407  
13691.18005  
910.4912703  
4323.485128  
5657.842099  
7749.196495  
21221.74788  
4220.92054  
125.3771275  
8932.4099  
3796.909258  
2004.30763  
6674.26504  
775.2250089  
182.5577476  
5220.026626  
5707.948077  
5149.743124  
6785.470938  
2341.180366  
5476.972722  
241.8236929  
1719.613745  
4766.090156  
1627.925873  
7183.758583  
1906.903848  
2603.314795  
3448.570068  
3460.240762  
3661.780115  
614.4682111  
398.3208043  
573.6336254  
7366.54085  
5889.129525  
482.0932889  
1352.952847  
1435.226053  
2310.572912  
519.7749728  
4318.209069  
2482.623987  
3845.720404  
426.9236592  
674.4878973  
1216.65986  
3146.703803  
8186.517614  
5930.431184  
7507.472558  
19040.20995  
4284.512393  
20807.12229  
9565.234368  
20741.61899  
32858.13415  
19856.25665  
486.8714817  
9108.73544  
3580.138171  
3893.091411  
13149.28282  
1050.647334  
13425.72985  
21559.11122  
13636.11388  
485.376706  
6226.108566  
11605.53357  
101.5635065  
7683.643976  
5817.909994  
15008.25475  
21229.77848  
6115.073314  
2855.22245  
8033.696777  
6900.695905  
12022.07713  
44698.54464  
19138.5084  
9575.667757  
11430.30706  
615.4776362  
28025.49175  
24963.11849  
13337.8883  
1792.084605  
3230.437254  
2495.817485  
4008.529416  
872.6285946  
7894.258712  
124.9059689  
1805.852415  
7403.383053  
2381.254093  
5489.272464  
9969.650359  
5930.907482  
2023.314906  
6196.537826  
6666.27811  
1746.202947  
1000.394117  
2050.873558  
2673.735775  
137.7318342  
742.7571066  
437.6678583  
16.4142192  
864.5971364  
884.5826148  
1948.948394  
144.6523339  
3852.139258  
2457.512915  
576.1263113  
48.45111772  
6.625069229  
4058.34522  
369.0068599  
82.79387489  
115.9899401  
1175.465808  
752.6060433  
118.5069869  
547.1284963  
809.3513588  
455.1967873  
411.1064562  
1226.57731  
835.3270005  
676.7588569  
254.7601783  
659.0056227  
78.51103541  
576.4082022  
147.4746519  
533.2627739  
297.3887383  
503.6260836  
728.3941272  
546.4125124  
39.91761539  
283.4287538  
402.930692  
450.1272125  
876.607595  
678.3051471  
374.9568361  
558.2612119  
88.67338636  
94.82643373  
977.5754104  
38.96613413  
111.4717908  
1221.245342  
528.0360929  
225.7822256  
86.65508774  
777.2616241  
530.2051381  
156.9213246  
625.8904992  
818.2673436  
342.3512039  
494.7615004  
228.7274969  
517.0829423  
129.7941867  
1183.685242  
111.3324113  
138.5019675  
218.9200365  
703.8628135  
244.5176691  
96.7798081  
1571.42031  
261.7893353  
483.477585  
1008.100438  
89.21253407  
421.3941889  
800.4423646  
709.1520045  
279.1294214  
109.1499894  
14.32990738  
150.2070128  
504.5805008  
165.4130434  
54.53291582  
165.6121542  
148.490073  
129.7307001  
15.40395978  
110.7452486  
328.9640491  
290.9046756  
54.27338817  
595.6126062  
347.3668057  
526.2499827  
899.4282742  
877.0876179  
135.5070896  
213.7196352  
862.5034181  
274.3683063  
57.23558378  
129.876458  
15.55255788  
185.4188633  
70.85499742  
48.73053389  
390.5986992  
101.6306433  
142.0562792  
281.1319684  
50.94703345  
124.8144605  
153.6690715  
29.79140608  
33.48962995  
120.5201557  
28.98853731  
248.102525  
250.7314404  
77.76131277  
203.2738138  
552.3429181  
535.723854  
162.9467315  
12.25442743  
355.6713954  
62.44972133  
26.21687089  
7.671603417  
221.9507726  
68.63507297  
92.67612888  
186.7037583  
400.9453971  
917.4586588  
221.2816976  
24.79531988  
348.3785157  
278.5886134  
398.2011054  
444.212338  
3.0557253  
45.0792574  
