37.14156616  
196.691493  
551.6638132  
585.1045517  
338.0651533  
359.9201889  
544.6995327  
1811.930806  
5910.014691  
1912.407008  
1456.720438  
1527.558447  
1190.198862  
1351.719449  
3648.436053  
8757.979563  
7563.196377  
1835.150743  
643.2281962  
6980.607363  
677.9207956  
16405.75587  
15450.44601  
30024.27397  
13377.44795  
356.8500098  
15077.77875  
19752.49096  
3810.632229  
24728.74213  
11068.35969  
16424.53837  
569.288423  
247.329468  
26470.44843  
5970.401125  
25800.43083  
24536.05365  
2663.827998  
2078.028936  
1432.869114  
6568.865863  
2346.234838  
5173.506585  
6031.448234  
837.0567283  
7814.902516  
4566.574181  
4372.928931  
5299.050076  
2718.744214  
1831.836697  
1589.471035  
5499.875154  
9137.02744  
1968.49751  
4834.330227  
5092.502322  
4067.133866  
2454.183663  
409.6322365  
4604.026716  
3928.529765  
1733.077276  
2122.493586  
6360.523597  
1649.672165  
316.8426213  
49.62530168  
1506.474792  
6012.516946  
239.8448536  
539.9040877  
1583.821047  
7744.535749  
3104.039229  
3714.019442  
1936.207968  
3228.334768  
1891.799688  
6856.64518  
1166.624468  
1669.892689  
1185.64418  
253.5512294  
1848.328912  
860.5295613  
714.0656561  
3238.713247  
699.3660713  
3218.726687  
1420.958082  
530.7619268  
181.8056138  
3384.996167  
2365.326438  
4827.996821  
7305.784423  
2070.100114  
1436.897414  
1486.234114  
1991.200177  
201.2242515  
6358.326781  
45.58589622  
2654.99337  
5802.361072  
707.9671173  
546.0731521  
892.217273  
266.1826616  
612.9788244  
1987.543291  
3626.44176  
1968.853403  
1850.569172  
2094.593006  
348.8058481  
4420.038378  
626.744205  
1092.63655  
8109.175556  
3103.148223  
632.2741663  
2004.607838  
626.9475927  
4449.594711  
3720.788815  
2890.621091  
890.5197593  
644.6082952  
1368.976471  
234.2807138  
204.7860084  
1091.095103  
384.0249266  
833.5711437  
2585.866512  
809.8508507  
450.749538  
181.7528531  
1026.965397  
388.7672441  
68.06133194  
1010.856753  
793.4737765  
428.1123484  
123.7608621  
443.0798597  
413.3321937  
50.1654721  
133.9536121  
268.1906624  
58.13867957  
262.4550938  
1.551187373  
88.81556147  
16.4270248  
109.3902224  
116.8590977  
51.11104508  
294.0600088  
24.32304635  
1025.402136  
90.24142061  
171.0304011  
88.33210948  
73.84304025  
152.2217547  
174.2843462  
208.9462807  
36.6852219  
55.02503057  
263.0860372  
178.2827609  
50.99375172  
205.6749054  
31.41668906  
274.4586267  
73.14275634  
135.719007  
50.88591258  
139.7232796  
612.9377967  
13.01635983  
329.0617843  
107.6749913  
49.07991174  
105.7392941  
40.22284146  
92.17996147  
153.9372702  
219.0475344  
17.66326105  
30.47116562  
268.0860458  
89.96672031  
39.77219262  
30.53196112  
228.5534674  
19.41917219  
176.30103  
138.3280419  
267.1416206  
45.39292202  
281.502573  
65.55162355  
25.29537814  
52.0041569  
7.807727484  
96.36907209  
229.2275534  
79.77743729  
15.18871294  
46.76034237  
37.49102978  
24.8454436  
36.98905455  
94.73759313  
5.249901054  
48.29293829  
58.90799215  
191.4636571  
18.15012283  
35.71910084  
202.6482192  
10.59280929  
3.044551317  
25.27299102  
34.11972293  
111.4865801  
112.7734799  
118.9058509  
4.863746166  
30.2032728  
31.89284065  
63.38789823  
26.3673749  
61.71616173  
8.166634637  
13.38982573  
105.6287581  
227.3152068  
0.8620520749  
16.72319126  
78.22263897  
361.149229  
29.14478034  
55.44616461  
46.70854487  
188.4480785  
16.47644292  
9.564093123  
87.75448461  
44.34484497  
48.59349109  
245.1457062  
5.5083453  
26.36306155  
18.34285008  
30.00879815  
14.06902441  
4.083347679  
183.4704591  
30.58239414  
24.42643542  
26.03579662  
96.54993789  
194.2902304  
23.98301214  
42.29054694  
6.056772878  
23.72407636  
5.979029727  
120.2888131  
40.39649153  
46.70356432  
47.85803217  
57.54219125  
3.85870577  
9.579966726  
73.96924821  
4.710445192  
37.73108874  
83.19935304  
41.30077158  
35.04439371  
78.1038028  
92.34579674  
32.73339307  
53.19437663  
15.61510064  
88.4019212  
2.860907687  
12.21818435  
