14.80952749  
408.6826653  
314.3097476  
195.0547539  
580.7505731  
1791.923232  
3667.300537  
732.1863462  
1271.307351  
4477.882228  
1702.443622  
4769.216753  
3471.120136  
9070.425563  
994.7837014  
3858.179924  
5298.071037  
4529.280429  
4691.279412  
1229.379877  
10475.05093  
976.076832  
94.6470801  
4174.928861  
3694.318318  
1197.614924  
3021.079868  
6687.074064  
4026.987781  
2134.498102  
251.6792819  
7628.889682  
339.9339818  
269.457135  
2582.571524  
543.6333445  
373.3113669  
133.4819608  
1204.395945  
2166.670004  
146.4195475  
954.1567514  
4800.088805  
382.5920454  
4329.711968  
206.7307328  
233.3723862  
233.0211926  
1824.029246  
1126.464871  
462.1527576  
329.4003959  
3436.978611  
286.5661853  
306.0129609  
5122.800063  
48.5883047  
2189.492933  
3830.980278  
2742.196427  
2363.457139  
526.6138576  
21.21681521  
525.7621519  
3077.415285  
7406.224761  
15.94215585  
923.3290845  
5699.130723  
208.228414  
1088.722004  
4547.698726  
146.5215616  
31.99111441  
527.0158683  
1083.261744  
184.2043585  
1550.441555  
3447.819771  
705.3952051  
863.670053  
15288.34277  
8109.252677  
5929.055018  
617.9207715  
2546.575481  
7.965698722  
868.1761078  
2215.948829  
723.8424173  
671.7791878  
63.21795336  
1909.198695  
263.5556355  
325.2931151  
1271.900416  
2904.413829  
1745.453412  
1471.989717  
244.5069443  
1013.521504  
217.6128236  
483.2481375  
1709.066094  
809.5220817  
313.8920619  
3779.157485  
1099.953444  
526.5698555  
1060.372334  
3231.834299  
1812.200858  
653.1478245  
935.1477795  
2543.66784  
406.3467458  
300.8385758  
972.8642093  
181.6487542  
479.7406751  
2903.957938  
2945.032189  
953.0528906  
2103.218554  
171.8978845  
467.2905853  
246.958796  
746.641861  
517.1204312  
482.3430146  
879.1561777  
1288.185896  
480.984031  
1445.038834  
945.4674684  
653.0708465  
1726.256058  
144.0526728  
665.7474471  
780.8361943  
20.83786945  
71.94108761  
414.7937336  
794.4553972  
84.92806646  
1841.276449  
789.1695119  
75.72344104  
149.9842561  
123.0615417  
743.4023043  
2097.142935  
3154.44797  
258.2727428  
227.2446612  
1034.611605  
329.2783038  
803.2342042  
997.1249921  
1896.162377  
1188.415833  
1714.204747  
1104.920698  
1809.56223  
320.5288371  
515.230152  
105.4561843  
2737.009422  
1001.899047  
964.4790315  
670.8658837  
721.0858963  
2335.290023  
916.4042704  
1338.19218  
912.4229679  
2261.379787  
46.26504897  
71.7233731  
641.1754776  
321.3892841  
122.4792531  
2635.988579  
188.3307919  
1029.689406  
42.3437946  
630.2486796  
94.76314658  
514.9445086  
322.0890893  
2345.776531  
325.4628448  
162.4858646  
69.55351952  
1505.971587  
978.8430274  
6.293621724  
69.71881188  
1192.654344  
147.0523594  
1190.56016  
238.7541767  
19.4869322  
83.64758108  
91.29044896  
42.43891652  
1.171485545  
462.501357  
526.7688117  
106.0011133  
14.67382283  
1012.487776  
583.1890876  
246.3577302  
971.653569  
547.416416  
711.6713002  
823.1530132  
706.874133  
439.543525  
2367.675477  
326.9944632  
135.6723664  
1864.494968  
56.71765951  
217.2463031  
1469.137924  
2682.644175  
808.8187611  
406.8079137  
1154.041612  
115.6804584  
33.89415719  
1067.115675  
457.1169725  
246.2066357  
233.1318818  
420.0779089  
337.5818147  
117.6716938  
1021.713911  
440.0033901  
37.85829661  
688.7683793  
47.32345871  
222.348977  
685.229412  
941.5558027  
133.7833732  
587.7695546  
3029.088999  
1172.953658  
300.7209495  
241.6494486  
177.3083129  
192.7663446  
467.4769904  
1605.341074  
119.5983345  
315.7827149  
438.4279999  
2032.94116  
234.2116701  
784.4611081  
36.66003697  
592.4764872  
1866.076642  
61.71324404  
701.0447094  
702.2823379  
844.3732389  
289.8942961  
13.41413146  
73.87424229  
304.3465954  
1385.790429  
669.5827538  
603.8700157  
16.38238678  
116.8881866  
323.0976566  
235.3542016  
411.9544161  
134.4821658  
660.0920126  
125.0582139  
251.7969532  
355.2310721  
851.3349732  
755.4273208  
753.4787368  
156.8134376  
291.6897913  
256.6429968  
1221.846152  
