20.55766175  
202.7093352  
751.5852174  
494.9723928  
243.0812677  
1407.021507  
1761.425768  
3801.882517  
7045.786203  
3601.832474  
3988.648759  
1559.699469  
2671.618056  
1195.774119  
1071.106031  
12477.20716  
2384.823851  
13566.39038  
340.2885699  
2894.927622  
2864.588269  
12200.13071  
153.3045389  
1756.260629  
4492.790165  
5806.376193  
6307.861667  
5943.080097  
3131.669696  
257.8306582  
17028.53121  
27395.53176  
4084.714253  
2220.185862  
9284.849633  
3705.623957  
13258.07246  
12667.21562  
6658.711393  
6198.627  
8100.901205  
4309.564562  
1024.748924  
2433.255422  
3059.566961  
238.0766837  
4624.851149  
6557.776228  
1513.824261  
95.76409155  
600.0784767  
4475.242876  
1688.736209  
2496.116296  
460.9273594  
216.1451661  
5472.23681  
3649.389099  
2477.985077  
981.4991158  
2050.128175  
938.4860519  
1218.181521  
1404.397274  
5836.180905  
847.6287591  
457.4936344  
1349.019378  
69.90277537  
2407.518354  
610.5050333  
422.3238426  
439.2224172  
1108.476531  
859.3204445  
291.9295406  
213.1781571  
2679.45666  
318.149962  
908.2974439  
356.5393861  
665.9416869  
513.4613213  
2412.435106  
606.5348911  
570.8966238  
1256.437765  
330.3489725  
719.9233488  
2336.808873  
340.3113535  
303.6822881  
69.46611883  
251.4691494  
495.5767908  
47.08871755  
1259.22689  
1434.092146  
1035.310143  
624.3674012  
648.954785  
19.35315756  
825.1315624  
244.6889208  
954.3634073  
1560.798759  
240.7038473  
346.2948356  
1094.317766  
1002.351606  
1000.854627  
138.8985114  
2003.447587  
981.0328777  
738.5030984  
347.5140257  
99.47017451  
158.5540904  
689.9298668  
538.0380476  
1472.927839  
1811.392623  
1769.353455  
1007.852395  
47.33287095  
224.5081163  
2635.465536  
1617.049226  
446.3309643  
1038.949351  
1542.220708  
55.24541252  
582.7608491  
348.8317784  
483.3624056  
119.3868074  
744.1755634  
483.0122274  
45.95884574  
516.0755796  
1472.760177  
406.6947395  
39.84442434  
952.9214107  
151.8604103  
245.9470261  
97.77948065  
92.53935213  
567.5676779  
414.3880147  
202.687873  
486.6277604  
355.3976861  
7.405490052  
136.7495501  
390.7334951  
230.1471474  
140.0897496  
91.51848247  
850.2283204  
109.8927044  
72.53547583  
335.8930925  
70.36082292  
22.14167976  
438.8938553  
903.4240612  
118.9189137  
192.079212  
5.483024811  
89.19981765  
144.5349014  
229.5465618  
66.81193834  
232.1498443  
216.578498  
82.34928181  
88.05187696  
60.57301198  
409.350234  
468.8829661  
102.4241181  
312.579497  
115.7452556  
43.85365359  
185.9013847  
431.985062  
1298.543793  
74.87305016  
140.5060871  
125.0879029  
113.0283432  
556.4488872  
266.1699701  
269.2663363  
42.49337829  
94.94729247  
178.7800658  
96.66768553  
38.30972345  
218.876283  
66.25703629  
446.0684814  
77.53327143  
42.43100343  
49.92429453  
277.8914778  
126.2168682  
23.01043078  
68.62517089  
236.8052918  
481.4934506  
25.51870536  
115.8725332  
201.5600909  
55.34986798  
202.7980206  
128.8850923  
38.80848983  
512.8049073  
8.382125339  
133.9409033  
365.4752016  
185.5187463  
500.4395706  
64.43236579  
264.7464742  
230.5281252  
81.39681059  
12.9955439  
90.54998507  
7.316956765  
9.863798734  
34.35013821  
220.6543227  
130.2400526  
223.0984517  
92.55516385  
69.08649207  
123.6910249  
33.5899494  
140.6016947  
107.4051024  
75.96783796  
303.6758298  
61.45197399  
403.3674358  
76.6807712  
20.58322928  
42.20217894  
1508.823393  
562.5607063  
179.4163739  
33.34615892  
289.0793347  
108.6974726  
232.4589586  
261.529337  
295.9541085  
310.6773605  
171.1579345  
144.3713185  
329.6561001  
74.36639572  
53.57483331  
189.1588064  
233.3579911  
104.8759751  
111.3063201  
17.76184709  
161.5372207  
204.3708906  
16.91753309  
32.1182562  
42.36356139  
11.41475637  
186.4804663  
139.1457232  
51.12828527  
41.20071113  
181.115147  
11.99981225  
111.5030185  
20.82202532  
203.3038303  
246.3866003  
195.1483764  
9.364469341  
115.4754483  
113.8734834  
136.9731395  
99.96687704  
131.4996832  
148.8529022  
4.427362802  
