141.3641162  
690.0244917  
1106.264127  
480.0016414  
1402.9443  
2394.695935  
517.4136667  
2099.519343  
1629.871897  
2295.203624  
1810.757739  
269.430518  
2116.915653  
8670.399535  
4380.8088  
1974.76703  
6311.968779  
6376.476319  
5605.18801  
5506.267146  
1123.29589  
6874.299279  
23116.96676  
46911.58738  
14515.49923  
17162.87894  
22125.42189  
4749.055967  
1108.250572  
6895.985415  
30182.25396  
1912.003857  
28842.18595  
10456.46476  
25221.88136  
6985.208708  
13789.3184  
12629.25655  
28328.73121  
11890.11908  
23386.78184  
6271.557394  
9701.152164  
21727.93564  
24728.30059  
10036.65131  
23416.24126  
1289.047085  
6748.375055  
2602.220815  
7536.801735  
8335.955302  
961.6975427  
2951.473369  
1161.216036  
268.5898291  
1245.439108  
601.4776539  
1076.519961  
2770.108574  
1685.610112  
1377.273025  
2018.048554  
812.5734941  
1784.874396  
2794.079738  
193.8835694  
3619.00355  
720.3745943  
2066.823991  
2496.510534  
1939.503314  
2011.797226  
1102.131927  
3735.380054  
2472.719459  
385.1062978  
2736.10682  
717.7882303  
378.4349671  
275.3491425  
1097.854235  
122.3226596  
456.0795626  
1350.22991  
4559.082116  
2332.113737  
1310.914478  
183.5785676  
2757.355754  
4206.600007  
1312.79996  
424.5236381  
332.1795766  
1318.533093  
1950.137406  
3690.959556  
3335.588622  
2598.687261  
335.2235735  
3344.761229  
16.26605784  
392.0566194  
162.935403  
461.6510018  
4664.094148  
1668.291441  
881.7869107  
1001.848137  
3075.058485  
2464.723105  
915.8384964  
1911.851999  
631.471918  
4028.130957  
2027.023619  
558.1229091  
769.5185556  
4332.033419  
227.3641686  
1457.51677  
6885.36387  
7916.24527  
4446.541929  
2169.268534  
231.9304244  
4184.250881  
8713.965388  
449.4023767  
3015.062792  
2357.078674  
2149.994972  
893.9967922  
609.0517587  
827.504519  
17.53189629  
90.01795691  
1761.991352  
198.2388534  
2283.66916  
2582.541536  
2786.055301  
383.0732916  
1713.067957  
1535.774732  
1580.266879  
896.394928  
100.7234733  
369.7778325  
594.8000735  
79.11611328  
674.0548177  
688.625528  
63.37595122  
136.6503062  
245.9035414  
228.345176  
363.9119089  
427.9590906  
510.7074652  
444.1274701  
353.5836358  
158.5260928  
64.21273661  
191.7443425  
40.36277698  
551.2869809  
163.9257981  
84.67171324  
577.012666  
464.8889513  
0.9445063219  
12.92614808  
54.51232152  
57.89111454  
296.0335267  
105.49227  
357.8624281  
132.6923373  
603.0196896  
147.8696612  
153.9742721  
5.828423284  
436.5087426  
152.1155898  
195.6576906  
11.44611973  
329.9022345  
93.66570271  
91.95649885  
158.7725573  
5.846309464  
541.534929  
60.13578494  
51.05580347  
90.43678455  
5.731219974  
31.82115004  
730.6117501  
48.04653067  
154.984346  
71.8036586  
385.5867882  
29.9870829  
79.62357918  
239.4493889  
6.939057975  
15.50621998  
32.55891285  
427.2619981  
75.01017246  
25.66925935  
100.6105224  
96.54222616  
9.129884447  
36.97681466  
252.7804494  
43.69926096  
170.0347244  
61.6156888  
1.431034316  
131.2436981  
248.6757209  
53.67697832  
51.13955512  
120.3831571  
37.65455787  
240.3996992  
144.7421181  
111.876596  
330.4714429  
166.1140746  
72.23805162  
136.9479826  
26.30330298  
244.8256052  
408.1686946  
57.78072253  
17.61657551  
373.4943195  
38.98126828  
101.2821052  
9.248986207  
113.3463154  
26.49259763  
26.74957536  
161.991205  
22.67264708  
1.539374703  
102.9783691  
11.96519775  
79.07556642  
173.2815343  
10.66606144  
57.92871858  
119.990691  
175.9573718  
54.71731193  
34.85160473  
55.82193091  
238.1020375  
176.0921365  
31.8411163  
10.85765578  
3.035054354  
129.2594832  
15.42425235  
11.06432655  
35.62752427  
46.17611707  
296.2146553  
2.113397931  
86.9746967  
78.7057381  
206.1889406  
41.22996581  
1.931067195  
32.13799103  
60.68687494  
28.06511696  
97.33608914  
88.19978035  
4.083957624  
79.56695219  
27.01349887  
10.98955879  
29.49381302  
219.0531772  
391.6887752  
176.0259016  
167.8021361  
24.32495231  
5.484449571  
55.48227153  
146.2891397  
