16.67131159  
484.7295742  
779.705622  
789.1249337  
863.3831499  
1590.54512  
2165.879937  
1721.960726  
2582.700595  
1265.449343  
2420.0654  
9824.460741  
1655.61002  
2072.745762  
14486.23026  
1010.108454  
2693.798933  
151.8929104  
8172.135174  
3532.002219  
4613.948824  
3915.826399  
17890.79658  
20602.47294  
22327.22365  
9055.440734  
29538.05977  
22635.80204  
1988.687281  
29906.12854  
21916.77413  
14633.18356  
31860.18616  
3077.848432  
38710.27893  
5783.42015  
33024.21573  
39716.48629  
9972.15152  
13389.92571  
30703.96255  
1485.316292  
14224.78234  
45017.1891  
10629.91483  
18134.29279  
25281.54264  
8486.793972  
16105.23553  
4126.265012  
15073.16944  
267.1249249  
8431.599919  
1653.65217  
5833.575506  
256.1024158  
2069.622454  
2502.527251  
591.5337476  
4954.155178  
2944.438648  
1849.698728  
2437.296906  
8268.354948  
2910.58543  
2038.230438  
4582.455068  
1222.148282  
4615.462902  
2134.10611  
2359.290796  
1149.493913  
9276.717399  
8450.638701  
402.8565917  
2661.360431  
2905.638138  
1121.162745  
1192.991412  
1365.654706  
978.7840426  
3296.382328  
5541.836181  
2210.887609  
200.820336  
1143.595816  
356.4765529  
5.941522656  
3190.473786  
4403.928568  
2557.561228  
1431.451855  
760.7791063  
1319.093341  
5960.910593  
2696.827419  
4928.918459  
13210.83262  
10935.3046  
313.7538929  
3774.501571  
4501.98393  
1548.372051  
3826.253108  
281.8092966  
3606.119496  
7677.993814  
2777.501568  
2692.260437  
3552.488474  
2220.882266  
386.1362049  
3032.699389  
4053.110069  
3672.191253  
5752.404054  
2373.824224  
656.3319399  
3346.824429  
4152.311347  
8609.730704  
15891.31092  
8328.316871  
5129.304552  
5615.433748  
782.1432207  
9015.43005  
5669.776039  
3967.460253  
1494.220676  
1095.848444  
970.7599102  
1756.330372  
426.986119  
3975.176353  
56.26522813  
4141.959607  
2680.022221  
101.4105213  
4359.945905  
4178.865679  
4345.409922  
386.658069  
2754.589901  
3494.410874  
859.7710038  
1728.573982  
66.7556355  
560.3968349  
8.270333769  
69.88704044  
287.1449179  
510.4098123  
543.471806  
502.5713965  
847.8867418  
228.8406303  
2063.288137  
1081.622722  
211.2258587  
633.0071798  
45.97899299  
212.8832499  
324.1603383  
209.2869735  
202.0967242  
57.85593934  
160.2935159  
4.595563603  
0.009172111141  
460.1300641  
95.1371977  
175.7033863  
52.56908127  
61.02740929  
25.67535781  
65.05653303  
126.355801  
267.7964806  
122.8899514  
887.6568874  
724.1819447  
320.923641  
61.99032387  
112.113336  
292.4393328  
429.6913889  
43.5269695  
123.6471614  
111.0942984  
251.2133419  
224.5725116  
142.2890337  
73.91038901  
37.71795742  
78.90344419  
172.45042  
12.27322177  
110.0241503  
229.5083189  
83.43176977  
322.7080279  
11.82154268  
196.5781875  
1.673032924  
30.82366062  
7.072464  
332.206029  
44.91205666  
8.821217106  
253.9170025  
442.8017713  
41.86849396  
333.104615  
157.8092669  
43.06506198  
557.2001005  
78.79530453  
101.9650779  
29.03762935  
447.2413447  
130.8253181  
156.5636829  
90.2634256  
58.72103562  
92.14750602  
250.0514331  
34.5980461  
57.57643665  
62.63856502  
6.904100477  
41.60209728  
350.2739155  
410.4757349  
351.6039113  
193.5582086  
472.5284286  
58.04456679  
161.3569572  
197.0286212  
435.658007  
514.9146143  
77.14198051  
158.9685715  
55.31698552  
35.79747974  
151.2579601  
58.63784888  
30.07126342  
101.2625047  
146.8660368  
37.78837391  
11.07020479  
124.0276398  
3.928178593  
136.7299894  
70.57427952  
214.3361441  
143.5310667  
230.5775281  
193.3945069  
143.7588839  
175.9180218  
142.1511817  
49.74417627  
80.01479912  
165.8491662  
34.6848373  
88.88478207  
24.81372666  
187.1099949  
27.29450983  
72.11699536  
119.7235476  
4.267226735  
122.8640662  
185.7361409  
9.208578777  
28.27557573  
47.67097431  
65.55615097  
125.2240748  
34.75567241  
85.65229266  
146.13458  
171.4420556  
18.14363529  
14.99956652  
167.1433118  
91.34275927  
18.5433118  
30.45030964  
25.43110291  
58.41686644  
7.856975661  
