336.6372993  
169.6061431  
410.3735724  
1597.201123  
9263.542206  
11667.51429  
13029.3523  
8265.649131  
2001.482483  
4627.470875  
1515.766835  
9391.504896  
5799.311734  
15.21790542  
12247.39412  
8187.723768  
3827.989473  
139533.0925  
115642.4367  
3311.292898  
53807.30196  
19915.5293  
11076.28689  
12100.03675  
43560.50859  
9243.605524  
37131.00737  
31762.98501  
1302.249476  
19848.28094  
12685.13412  
12153.38008  
5487.108473  
7274.746436  
27434.26222  
5582.248635  
15205.37885  
8493.412739  
3906.671845  
9981.542548  
2482.794186  
1086.233888  
2779.217525  
468.5889555  
2425.379948  
13691.2523  
23019.31884  
958.052202  
8820.932434  
513.9878947  
3512.291333  
1602.615664  
2476.76463  
3916.442101  
4201.165076  
1845.56521  
4339.156438  
21560.03797  
2154.262706  
1835.005075  
64.09339021  
1799.411353  
6773.917325  
2640.953027  
9433.867575  
15921.74853  
4050.855572  
1546.778543  
8120.850454  
257.4293147  
2680.871607  
287.3020312  
6536.738332  
864.6452294  
165.9187445  
1380.134541  
1410.570649  
2979.065132  
5328.888791  
1001.439884  
2331.369085  
356.5787032  
2566.125543  
1256.15577  
2179.6279  
1695.157547  
6522.434414  
2653.260455  
1912.830349  
2391.409773  
94.58073952  
1222.54624  
10702.84113  
3898.028224  
187.329474  
4549.54472  
3371.356414  
10015.60453  
1325.402672  
1244.409649  
1842.867651  
1356.256599  
2892.294691  
3432.853215  
1202.051077  
1549.192304  
3334.749705  
1112.846812  
1006.469909  
937.2144763  
2916.999331  
1166.726064  
1895.952682  
1511.277704  
630.0005014  
3501.969654  
1498.855392  
319.2316484  
285.6958147  
5492.822669  
4192.797731  
3058.373388  
6819.49482  
5408.359498  
5896.456189  
2931.598507  
1760.268108  
694.314631  
291.4835852  
7833.224555  
667.372239  
724.5425436  
617.225327  
468.6055451  
3113.021193  
1842.230315  
489.2918177  
841.3029248  
919.6287566  
1220.132013  
1640.803761  
1461.067445  
2328.656729  
1033.722631  
597.8215055  
644.7008378  
233.2723731  
1189.719452  
486.5384339  
272.8527697  
335.3881324  
1066.838794  
225.0509726  
790.5384848  
399.9804652  
1114.701726  
56.610772  
186.1943428  
561.386124  
419.9843188  
532.6137272  
283.7202655  
273.1554812  
470.8381049  
400.8110528  
1804.273386  
602.5725557  
2.916796994  
722.73057  
12.95027758  
860.7574352  
47.10898235  
486.719827  
283.0208528  
865.4957082  
246.3475806  
102.2344934  
190.2341507  
84.23814275  
73.21977904  
475.8507891  
903.3738102  
246.640051  
26.41191483  
245.8415447  
376.0228176  
928.9282576  
30.4073415  
252.2798875  
404.9506838  
523.2357547  
218.5842071  
125.3837831  
67.49759919  
200.0077441  
191.9385456  
31.24731567  
158.782258  
137.9826222  
173.3780332  
90.31223722  
182.3555303  
625.1722458  
49.79209147  
459.531888  
43.21771916  
56.06288326  
72.29731467  
397.6142771  
213.3177256  
153.7192648  
119.4372518  
64.21828762  
309.9899183  
328.2735174  
345.8354137  
158.8028191  
763.0302764  
60.68974004  
107.1092698  
131.4777394  
126.3467955  
121.6445984  
86.43158353  
258.2145586  
177.1321053  
46.77921757  
361.3977956  
47.39873795  
84.38102961  
60.78870965  
109.8400578  
115.6903011  
123.1803618  
79.83799703  
91.43512526  
80.8789222  
167.8215162  
18.24395682  
141.2007703  
136.9459003  
75.00730828  
4.917842814  
212.0885155  
168.9308836  
176.3528411  
21.03411536  
5.558248543  
109.9650773  
291.7581801  
204.3288962  
110.3978886  
81.86846316  
70.1016936  
13.31468386  
224.6560886  
30.9952461  
34.77978711  
20.19377435  
84.87106408  
18.86036854  
284.8952371  
181.4471914  
273.0228825  
48.85407844  
28.33485416  
111.6591146  
31.59805664  
26.71528479  
25.23209076  
111.9370089  
8.373826101  
59.14549875  
429.3864567  
191.4963207  
5.483490276  
11.9857314  
68.51551415  
2.715002274  
76.22310563  
55.82454474  
39.33525387  
4.608956326  
36.96089066  
18.05134087  
81.83975975  
14.53855156  
91.16829287  
41.08487062  
181.8427451  
187.5831525  
228.1633056  
24.76804109  
17.19942929  
9.936552643  
