4.27261553  
8.602894748  
190.3363627  
412.3138921  
373.9367067  
303.120596  
64.10157876  
1886.424748  
182.3563067  
80.74535729  
1151.385465  
654.2179569  
128.9351458  
205.8298017  
327.7940884  
1894.364391  
2108.953266  
131.025444  
409.3915335  
1099.079624  
253.3044906  
2252.898722  
113.828769  
844.9878459  
1602.904845  
188.2102845  
424.6415453  
1512.082779  
30.16264358  
1024.125771  
1165.326776  
1234.827531  
8001.229606  
825.446248  
4307.091694  
706.2270709  
3584.263082  
4002.415048  
988.2293998  
1405.997163  
393.9362716  
353.6259888  
1334.802263  
1559.101601  
246.7572733  
2218.279418  
126.9041957  
552.9863146  
701.5095799  
872.0117916  
771.5112681  
2311.47926  
153.2766588  
299.1916057  
85.34627608  
1582.858856  
2091.153139  
699.2114552  
288.7104396  
74.79339696  
959.0424279  
126.6864971  
277.1291617  
307.0653974  
2013.010439  
1165.108604  
1507.996343  
216.384351  
537.6682008  
136.2529096  
341.7945231  
14.39029874  
1646.567136  
357.207092  
4080.967399  
3706.964142  
2076.293274  
1232.09914  
1332.789577  
103.8777552  
2999.640564  
3463.555977  
7485.865389  
1760.395664  
82.91292846  
2235.571809  
2338.722085  
1725.195921  
3456.093004  
7483.854709  
5852.599017  
5079.75206  
4647.238353  
5469.425743  
2473.10504  
7419.275559  
12494.79771  
25568.25938  
7049.575234  
2127.655167  
12358.34901  
4506.150995  
4283.284485  
5405.014301  
2717.592892  
10919.62132  
19090.50136  
8005.49506  
1249.054465  
5125.944637  
9735.615609  
768.4613669  
5869.128626  
6502.345133  
7114.10477  
10301.01408  
5294.979264  
763.4401518  
10833.74765  
2719.806002  
11874.19038  
31855.98982  
19568.85334  
11815.91171  
10838.84293  
5172.303413  
25421.55436  
13140.35326  
9585.140489  
7382.381144  
5322.721966  
1063.952258  
1429.467654  
2610.607156  
9678.001104  
352.619652  
3661.028035  
7505.850993  
324.5069089  
4970.258538  
9978.176254  
9032.224286  
412.2785898  
3175.681204  
3087.914599  
983.8494862  
1125.92027  
460.358383  
591.8175382  
389.737838  
105.5633955  
569.9925271  
1196.154135  
200.820698  
447.480471  
593.3483455  
2430.825344  
100.1240671  
690.6389593  
287.047848  
354.6818459  
972.5589569  
2878.272844  
18.38976508  
280.1468101  
88.78707189  
69.66882167  
13.33972558  
517.6884012  
74.32961654  
857.1173655  
175.3999684  
710.8364654  
272.7712108  
253.7518342  
531.3384769  
262.4048793  
1352.575154  
355.1710544  
2463.443291  
1989.439084  
75.56788185  
10.58795418  
2073.111531  
557.9691541  
1419.515718  
3040.049695  
2684.270868  
212.5704083  
159.4401283  
187.8662791  
1277.178146  
2770.12895  
1675.82544  
524.5358264  
2596.21061  
384.627865  
300.8946725  
1919.09894  
1408.744658  
551.0403696  
264.4168103  
1272.803093  
749.5518303  
32.93174862  
152.6817925  
1785.48161  
1034.048786  
1363.161278  
4.941624757  
2413.174623  
782.8244216  
1016.400404  
1928.390185  
120.7265126  
1413.311337  
949.5406543  
678.9943864  
187.9294133  
592.7668496  
1008.026951  
166.2441374  
969.2240554  
34.2035095  
1059.069847  
585.9806214  
1780.8084  
717.1866613  
494.7818085  
5.77298399  
683.6621203  
47.08058074  
2106.491169  
2751.080945  
788.6180914  
297.7984782  
2389.479633  
555.9431771  
12.04816579  
377.7479448  
55.61327698  
1056.391725  
271.253914  
288.1236378  
294.7289522  
87.7893253  
102.7487075  
576.9846465  
856.3399442  
1179.569139  
5268.517829  
211.8991026  
181.773279  
106.5152003  
500.1902785  
1153.302557  
552.7770229  
982.9024157  
993.9973214  
14.54010904  
424.8753555  
1628.487873  
1375.162428  
21.18987314  
285.6729159  
92.12310173  
39.40114986  
111.8006983  
1550.557888  
31.52469709  
299.1437042  
104.7256048  
211.4563989  
818.1805442  
1287.247741  
442.5559902  
209.6009504  
344.5427081  
462.4581899  
266.6698303  
355.6197635  
650.2226876  
469.1976272  
423.0159695  
415.6878795  
946.2597371  
583.2335083  
238.7760621  
688.2819423  
137.4262214  
492.3418229  
413.4024016  
283.1182601  
53.98783073  
45.76241555  
