224.7107213  
323.1915173  
227.2784411  
25.88572606  
1207.510009  
8191.41598  
4384.985804  
738.7234504  
3989.072395  
4325.870858  
7446.655001  
14881.53582  
3411.750725  
8637.895357  
12984.65822  
13010.83482  
50662.80833  
50172.53514  
74306.06832  
34629.65515  
74420.93053  
27742.76568  
14114.67767  
22463.67697  
13022.71433  
33390.30319  
29158.03524  
69380.0001  
7429.826504  
4175.375576  
26797.3079  
1936.49034  
1890.741438  
972.6028274  
24958.09826  
1367.830944  
2759.664565  
13671.6836  
1927.263443  
1965.770356  
2043.986605  
2911.289111  
8136.092576  
3270.765754  
5900.347728  
14128.91987  
1142.288679  
2026.336617  
10925.16771  
3889.712901  
8874.726349  
6353.213548  
34.05853461  
3026.001124  
3131.025206  
9914.13902  
1979.286346  
11130.84438  
585.0298685  
7793.536743  
2609.378676  
1643.402895  
3071.658421  
5706.179069  
2380.025401  
21681.1301  
5384.251595  
5684.027519  
3189.221885  
1738.831789  
5625.884121  
5304.55642  
1418.625453  
1339.662237  
270.3381478  
1848.83369  
2787.33545  
161.2372677  
822.067198  
3583.382421  
454.5462404  
2111.587582  
2620.586919  
64.37330785  
1708.691152  
359.7541863  
3230.721311  
2223.244859  
1937.216432  
691.1687852  
41.85397068  
3319.780974  
4903.494279  
6682.995837  
6317.297871  
6818.313542  
435.1570991  
2098.775353  
3837.545396  
4842.541277  
1145.380173  
1329.928762  
1087.479832  
364.3571382  
949.9900292  
1605.94291  
1347.427156  
2652.279226  
2134.169046  
385.4305316  
1290.283247  
831.4112638  
263.3745178  
590.878427  
4397.074119  
4649.439709  
194.5940516  
1547.200324  
115.0934536  
1755.796411  
2219.589451  
8816.33841  
5317.075744  
4889.10646  
3891.706702  
1212.573522  
6362.002731  
605.073157  
1483.932892  
1003.056436  
2713.849294  
511.6129215  
2334.262381  
333.7362689  
23.76761613  
589.6216215  
122.8702378  
548.1228021  
592.1154605  
2237.037367  
2412.654952  
173.3448448  
4162.715528  
2971.497871  
559.9441483  
651.1977437  
1262.421284  
78.52341044  
939.4245738  
1321.723053  
113.0691465  
9.439788169  
148.9722222  
33.47548393  
418.1758065  
471.0034301  
335.7868852  
1345.143671  
1399.110061  
1374.740314  
105.6140067  
152.2962387  
318.2839834  
155.2387439  
102.4999592  
1294.439252  
601.14159  
133.0143207  
1194.007669  
1173.108471  
598.0674492  
872.4738081  
373.2192376  
133.1440056  
307.753727  
8.260723189  
297.5053679  
573.6752949  
347.9962878  
152.5408852  
440.6831715  
535.7028014  
142.669134  
572.8400725  
987.2983253  
715.7307977  
2.173376793  
49.73264641  
119.3283324  
729.1633892  
615.0498958  
486.2460278  
48.82511855  
124.0283481  
985.916736  
48.50882114  
72.5153623  
95.05350975  
367.4347939  
183.9004991  
257.9884947  
95.97499243  
93.20806124  
4.944031455  
15.03127166  
60.90129512  
121.3493327  
127.7182929  
479.0733967  
342.5131541  
141.4097427  
340.2789071  
72.88393451  
318.4616521  
41.18862391  
86.35706257  
17.25565813  
223.9851396  
260.3173838  
173.2772723  
577.3729534  
239.2263891  
85.26586771  
722.8552004  
345.5885554  
142.4587917  
238.7372214  
153.98127  
301.2452622  
14.68486449  
112.6239524  
128.7197086  
11.0518283  
12.81464891  
1.06378604  
732.3492869  
65.90416739  
400.4968941  
76.794446  
107.9644963  
331.4272779  
83.31017889  
117.4479097  
43.89221783  
258.027721  
83.37671711  
92.29930037  
115.0193491  
84.73550219  
302.9632739  
349.9697394  
40.44934705  
56.92896789  
60.35629097  
147.6297442  
27.74136773  
71.80652972  
21.28534572  
291.2273651  
136.9892645  
18.6546782  
13.82692787  
248.7151875  
111.3149138  
11.99535866  
39.01766633  
5.766138943  
239.7918245  
78.88921009  
146.8517309  
45.67589893  
117.8210727  
129.8757781  
174.181102  
460.1946309  
37.84141059  
106.7602118  
123.5221585  
58.68341156  
4.648635079  
148.4350916  
115.6014381  
30.43795769  
132.8163029  
68.32617487  
21.0461623  
299.4454744  
17.81441861  
9.574066582  
132.5835958  
401.7734694  
267.1085477  
103.3012064  
126.0488625  
0.09911801436  
