66.97586678  
212.3045279  
347.7117581  
261.9350787  
142.1204903  
724.1103954  
1050.290041  
360.6484031  
1246.482543  
84.67117144  
3506.306268  
225.0176808  
700.482931  
1157.607227  
472.6913955  
1390.172977  
1068.112051  
1026.352475  
2890.929132  
2714.552744  
3667.07615  
3056.022545  
448.0483506  
741.9148347  
102.7684008  
294.2395046  
2138.050823  
2952.333351  
532.8902251  
1093.22513  
1587.020136  
2258.284505  
1171.752836  
2043.283704  
382.5795074  
1204.580024  
4.942852932  
351.1473417  
2110.386112  
1856.630688  
1532.656678  
1259.74526  
824.7406954  
1250.665208  
738.0938493  
145.2531007  
91.94038467  
794.3855545  
14.71955338  
2158.228903  
2010.71632  
33.93160229  
67.14253331  
380.5593437  
401.2050195  
1046.333159  
3245.223585  
714.9368501  
676.9239079  
625.3411253  
3.615927281  
1768.043097  
13.50090572  
1217.063624  
3567.185977  
1368.371988  
1260.248454  
618.8932194  
3222.941262  
15.83734966  
586.8184046  
2123.174904  
114.6027994  
2562.510042  
47.64897046  
434.7481824  
1294.772635  
48.63291632  
1364.471208  
798.2482244  
488.897934  
9358.347191  
17754.8421  
12688.09472  
1622.546905  
237.0165232  
356.9405624  
236.0870797  
1948.650866  
165.8243629  
395.7632097  
338.129319  
1875.647613  
1630.089839  
1266.455587  
823.1461982  
2929.947253  
719.0134223  
761.2739901  
2762.125038  
356.7025726  
817.0865158  
160.7489136  
1140.794534  
334.302976  
1196.577805  
1936.199972  
440.5317338  
17.89546893  
308.0826426  
1528.765476  
239.3419783  
1859.724259  
20.91422211  
1659.104882  
3277.305876  
822.7097075  
267.459026  
458.4430769  
1012.006023  
739.1986702  
3948.580874  
1539.125447  
713.4189925  
2018.304134  
1357.805541  
1661.596684  
356.220718  
4046.163747  
1727.735556  
542.1443123  
559.9579151  
214.2781878  
260.7809136  
4089.357796  
1053.217511  
923.8594451  
4688.156237  
128.2927154  
470.4197537  
826.5351524  
1527.536159  
495.4190313  
69.06368908  
338.7105241  
1658.275341  
390.4424209  
157.2442988  
210.1543043  
679.0396748  
691.0821069  
1338.203552  
3322.758615  
151.6295186  
97.39211293  
740.7989612  
170.662446  
1258.781004  
8.664115764  
169.4249694  
739.7901438  
1678.821236  
2129.3757  
91.69973797  
780.0027992  
574.9969509  
861.2714462  
236.8839226  
858.5087439  
363.8900823  
3239.032981  
160.3116909  
30.7890089  
1061.644022  
1917.712654  
1825.658342  
2931.077647  
15.38763417  
249.2321333  
430.6392311  
1301.457585  
246.8507433  
99.37621512  
66.67838033  
792.3677124  
2612.318026  
18.78815704  
1580.212441  
120.7897972  
805.3962245  
35.40096269  
506.3349045  
1079.537497  
1175.706616  
2507.208492  
27.86889136  
625.6688123  
622.9399826  
11.01172527  
922.035328  
634.7495958  
474.3504169  
396.4379765  
1245.416182  
671.1874781  
299.4370795  
417.8589012  
485.2998804  
692.8468897  
906.9629752  
168.1153683  
1467.533518  
353.0554443  
473.4133296  
181.9436656  
239.7771824  
170.8866475  
591.7839264  
383.1644768  
250.3033086  
1299.745157  
1630.177444  
232.017304  
378.6025469  
357.945903  
276.7588101  
595.966437  
1702.009186  
654.9400248  
24.1113802  
802.0463299  
14.13799955  
316.1600765  
1324.094753  
861.0783139  
252.6738973  
28.09559792  
1516.94756  
334.1652299  
1526.636127  
387.0923226  
585.6580429  
2129.312872  
1767.900793  
831.8084043  
243.0362009  
370.4095275  
385.278787  
366.6946641  
445.409378  
2638.75507  
557.7022384  
104.3327811  
654.8634282  
1050.573814  
161.3136599  
403.6624472  
655.973508  
245.6478462  
836.4475019  
477.3649352  
586.5766865  
92.22310876  
836.348436  
1350.481345  
210.8791475  
1237.799342  
398.7723399  
30.34949328  
1633.835444  
1441.890058  
331.9072602  
306.2582031  
388.071002  
144.5495919  
529.6818715  
1279.854192  
827.1607288  
152.3465822  
432.1254878  
674.446302  
453.7102  
41.72758382  
22.6586203  
14.28152859  
167.8133944  
58.45127565  
681.1973288  
2448.455851  
673.3864242  
576.4882012  
460.8891634  
874.9318895  
883.0940702  
234.745402  
