101.1243573  
311.9148364  
584.2905672  
147.3673066  
206.834836  
4656.62723  
2977.414097  
1343.017495  
14.8821676  
1287.555658  
1830.219151  
1413.534906  
2453.919576  
1220.67157  
4643.330609  
31.50751265  
2417.862114  
24452.28389  
17340.2634  
5307.467057  
2913.563294  
20218.23974  
1521.687571  
11836.35329  
7304.978793  
8610.707852  
5087.657142  
13622.0806  
3227.166496  
6222.537523  
9102.878257  
1851.997134  
9463.786347  
4849.319322  
1880.995331  
13736.60391  
23714.58734  
15181.14869  
2692.963531  
2579.084099  
6354.712477  
7146.863193  
4328.190591  
1366.49219  
8686.654677  
347.6603061  
7907.392538  
5650.886293  
14341.42073  
7513.921257  
1965.766095  
5189.683411  
2239.441999  
3175.371415  
4371.971164  
385.9101243  
2276.71771  
226.485959  
5416.692726  
280.9758674  
190.7917692  
689.6309327  
446.9752445  
749.5975951  
470.5211168  
3216.042803  
2589.171891  
2868.807112  
1245.454906  
2563.864974  
2906.142877  
531.2549898  
983.479157  
1730.557301  
3818.642629  
811.7677087  
4440.816244  
2629.840221  
1013.569914  
6162.073555  
2824.298682  
1831.191349  
2503.397769  
434.8742266  
1001.712478  
1.747533982  
2452.616838  
2805.45603  
3683.840861  
1105.871264  
1263.387829  
576.4503497  
446.1525951  
3374.881552  
1751.625447  
5141.544859  
4335.826911  
4054.316974  
2709.443451  
2171.404825  
2775.952363  
1292.701556  
1630.694502  
953.5396931  
168.6486916  
84.02655968  
1100.395054  
1073.553751  
849.4762154  
2976.77002  
2613.142761  
1508.248815  
16.32714337  
2812.771984  
837.8989293  
2483.707528  
1880.693809  
164.41932  
2225.946088  
1568.5271  
773.2306339  
5976.574825  
4955.797037  
3337.032797  
3646.380109  
1051.841098  
2764.925667  
1757.180265  
1484.395454  
1223.165799  
1837.444919  
847.7252535  
209.8300001  
1010.93975  
2824.416551  
824.2552259  
358.2805591  
4465.073217  
607.6570993  
714.0796447  
1539.560975  
2560.184887  
903.6867836  
2090.160743  
782.46851  
242.2002452  
391.5965127  
933.5110699  
488.1102343  
531.6412434  
94.49174828  
605.0178748  
127.8935092  
37.16569749  
267.2232948  
470.608955  
142.7991212  
105.4247928  
121.6296481  
125.4610617  
59.02032853  
24.04614683  
922.4524539  
14.23423774  
16.8583673  
209.0577102  
610.0359604  
31.84737693  
580.2253366  
98.69268762  
11.20471297  
73.28565656  
84.39730382  
12.78443198  
284.3057603  
104.477787  
168.8507074  
97.52742234  
247.0384037  
280.3518546  
155.4639594  
42.06809823  
136.8862597  
176.3701444  
182.3875045  
208.7306974  
187.0342368  
107.7937591  
151.161538  
390.5088256  
703.5495527  
101.220037  
197.429865  
249.8846159  
563.0921748  
68.52959988  
30.97719022  
57.4662746  
59.84122268  
280.337344  
48.40096121  
171.7068426  
12.58137317  
357.2296345  
248.8073116  
144.5179154  
334.4685681  
26.36127843  
146.7332788  
431.5817865  
576.3902284  
233.9655929  
24.53520548  
161.5038366  
302.794391  
10.63036232  
4.823748232  
7.008451322  
65.25297983  
268.2958008  
181.340581  
36.08411392  
55.29962655  
40.15985645  
259.5146195  
99.63291201  
90.32940407  
146.9601941  
39.23969463  
173.6304695  
155.996232  
121.8115565  
113.4028182  
227.6384078  
35.68193628  
238.4580746  
63.01401448  
490.8290698  
16.47223333  
134.931363  
282.2726796  
342.7102326  
192.0232828  
102.9809367  
24.31170955  
2.7979016  
6.353191782  
112.8049618  
64.8872482  
93.34495793  
382.4884944  
164.4345975  
120.1664003  
27.35422577  
36.69404448  
196.4054364  
94.94350153  
266.7418445  
322.3002181  
54.83778455  
17.96220898  
107.5061554  
92.51789545  
14.36774676  
12.38742051  
40.83458355  
46.20823189  
21.88599699  
31.69333706  
61.16861057  
2.056494153  
42.54737305  
53.57968248  
136.0748837  
86.96435263  
35.94976413  
58.32261187  
80.15943822  
212.0348662  
48.25152053  
32.67849398  
221.14653  
187.9725237  
21.43640312  
7.507499595  
27.34142688  
22.67544177  
76.67676025  
70.32798422  
70.79584639  
19.50787039  
49.54529265  
53.633316  
356.0556682  
7.59912806  
