49.53755824  
171.7500525  
822.1816034  
498.5405908  
74.31564889  
369.3487663  
4442.727363  
8575.981083  
9171.787679  
3206.574916  
275.8097732  
3619.063165  
278.3076286  
3033.240804  
3113.108102  
2035.832749  
1951.749395  
1562.281113  
1058.137666  
6914.324326  
4787.95131  
2172.036479  
2215.570913  
18384.8714  
47081.41619  
5068.373023  
3279.355598  
18148.87799  
8957.077173  
30428.89857  
19644.39672  
3658.275308  
47553.27326  
18966.34221  
8836.375748  
1508.756633  
4949.06071  
3015.546128  
5570.465752  
14229.85887  
7585.825532  
698.651838  
10852.71707  
3007.809267  
1626.803243  
4772.640179  
17569.43808  
10507.14144  
7502.665675  
1187.277765  
898.3983019  
6114.365294  
63.72131474  
3559.251  
712.8848322  
2894.025375  
1451.822191  
4524.490918  
757.2030808  
1451.633905  
357.3941865  
2172.491313  
4866.02969  
119.2739468  
1787.5927  
3347.617104  
159.2824672  
2622.120366  
2077.386493  
83.82279592  
9164.742381  
4836.423098  
343.8087115  
283.9814689  
1117.273906  
2160.728118  
33.0262744  
1725.151982  
5195.361702  
262.7114477  
1350.768595  
2426.159032  
1927.746525  
65.52621363  
795.1290292  
322.0311666  
2621.920279  
3289.127913  
521.0580147  
250.3965679  
505.5945039  
1253.782516  
1519.923238  
312.8392326  
2111.925951  
1426.9212  
3459.879356  
2712.255261  
326.6919582  
257.5698396  
94.13609314  
2892.85477  
20.3348906  
3617.265759  
28.05623195  
280.450686  
3332.827878  
33.66981193  
596.4477593  
204.7991102  
259.1377532  
209.4703991  
640.4970005  
109.7952336  
444.3476934  
631.6187478  
216.1132479  
34.23973919  
811.9693607  
324.1421277  
208.7185409  
1501.122535  
1291.744979  
671.3784848  
512.1647154  
38.21506241  
504.4657722  
4.317680793  
1422.537522  
105.9500568  
5.442817868  
66.70142589  
114.9741462  
89.38355172  
1135.631949  
255.795493  
192.9766886  
419.423878  
29.68716534  
112.7544079  
119.8427555  
298.2213635  
211.4269037  
385.1124672  
28.8824373  
255.8512246  
385.7514951  
126.8358858  
73.88615518  
306.3515105  
251.9947702  
103.3195791  
144.4441071  
36.32316334  
121.4561572  
89.69618286  
35.16154921  
140.5500401  
814.630268  
491.8364474  
160.8168813  
118.7247249  
400.3470675  
515.8664067  
65.66839281  
205.0812007  
42.23058368  
121.9379061  
99.4176484  
157.2503773  
21.34795398  
35.36712808  
17.60036985  
15.33674468  
120.7917161  
38.01931455  
293.5806808  
80.30309708  
173.1462609  
55.65545837  
246.0204143  
68.79796514  
65.8977275  
120.5081135  
213.2876079  
169.1002079  
85.4984713  
145.5532492  
71.44834762  
103.4164423  
95.55992328  
63.22585019  
345.5960659  
494.2549154  
366.0552162  
229.3163843  
288.4205056  
0.3124411768  
102.849878  
37.42348307  
111.6958278  
100.0808738  
79.66964462  
10.56839897  
45.90468178  
283.2711363  
91.33595603  
133.1957548  
14.40216025  
119.0383262  
19.02441178  
100.3091767  
100.6850699  
204.8643488  
73.63222125  
3.630030675  
39.00137915  
38.69801473  
66.71386164  
2.413888373  
118.2661663  
114.9971655  
136.0568777  
298.3411433  
38.12447589  
288.2932723  
77.51455434  
71.20804328  
62.51430051  
19.20574428  
43.5726416  
67.49332061  
20.77422208  
56.21415395  
104.8585825  
26.35312614  
59.79024436  
143.9280127  
88.29226065  
25.21938462  
96.58220189  
380.0378467  
137.914643  
32.81150348  
10.49273352  
84.05435384  
38.2319424  
8.44040416  
42.25894312  
9.810343824  
113.1495142  
76.415839  
27.82094984  
59.88783826  
106.1902939  
131.5159748  
92.149779  
109.0776884  
35.10765698  
64.70767691  
231.4789895  
0.4410465436  
54.15157095  
22.16018845  
74.51646663  
103.4979908  
111.4817717  
13.1648769  
11.4550997  
87.60265637  
115.2106919  
55.8079392  
80.20778838  
12.36422852  
69.25581352  
13.96286724  
20.24905016  
87.97735297  
79.34816223  
23.82359845  
27.67062503  
53.06105701  
66.81801818  
35.67495775  
28.14253691  
54.65067321  
1.226932276  
31.73014282  
0.3461528223  
47.07132331  
17.65686433  
5.138781763  
159.7767773  
48.62130131  
49.117936  
