87.64209555  
580.6737606  
144.7567604  
676.6454478  
204.0135879  
630.8067536  
775.1058318  
632.370314  
3368.085678  
3674.969019  
245.0418895  
702.3678571  
2370.240838  
1476.138487  
231.9347783  
14422.84793  
2914.265855  
5167.152911  
7853.282733  
9894.330924  
843.9900017  
24437.0132  
50356.57307  
9540.590305  
4921.801814  
8965.714643  
34682.39166  
5753.128226  
11318.84779  
26597.38407  
21486.13129  
4984.908031  
6573.143826  
27565.43781  
14545.27389  
1520.868272  
13577.77636  
4003.004478  
17787.87047  
3751.522897  
2186.827311  
5786.829478  
6027.133277  
31681.62348  
21596.2013  
2719.226803  
16189.25115  
2159.101093  
6357.720093  
707.0927441  
3310.229368  
2415.733808  
987.3148559  
2250.734757  
5260.280479  
32.52333628  
2462.324547  
532.6034043  
763.7519619  
481.3175202  
2181.117475  
5717.123142  
1916.499852  
1887.541656  
625.6884135  
3567.519856  
1439.595672  
3492.728491  
1312.339167  
1629.080617  
1138.203821  
5260.564733  
8.17460569  
25.94612726  
251.4550348  
1815.094864  
4905.912342  
233.2114345  
5113.108459  
127.2404932  
721.6341271  
3116.494183  
1801.087859  
43.20970349  
1620.015877  
2419.277674  
881.9227726  
792.9528191  
6237.132195  
2240.6488  
1234.346781  
789.8121099  
1146.419937  
1597.017819  
599.0766398  
846.349319  
1533.473459  
6465.187837  
3924.80785  
251.3145493  
2674.961853  
184.550756  
1132.851778  
810.2784626  
283.5371132  
3241.271825  
2336.03294  
1406.865683  
911.3356264  
942.2718924  
1123.768488  
20.41510536  
1635.393255  
5429.877647  
2216.361169  
5157.863445  
1632.199277  
1086.710766  
3665.793419  
1333.956836  
1697.932558  
2683.474072  
1730.02819  
926.7929622  
2490.711501  
357.5693382  
1860.756778  
2532.440954  
1330.818884  
2192.281231  
736.2768901  
169.8257278  
518.1725444  
226.3004672  
669.3442697  
350.8648218  
919.121455  
881.4795574  
44.0144149  
2089.107466  
2519.360923  
3491.802388  
1.105070769  
1612.170219  
228.0193386  
596.9289812  
782.1638279  
283.0269436  
105.0249769  
106.7567908  
27.0080829  
7.487671143  
924.6001059  
425.9135273  
66.10682958  
918.5272553  
408.1859502  
3.483062355  
859.6767421  
19.28778765  
303.7564698  
23.67908298  
29.64292546  
288.2474185  
202.5553669  
143.3951325  
165.1852424  
142.2580742  
146.7928318  
499.2933684  
64.41076726  
709.6403948  
287.5179916  
38.42273827  
1154.625324  
168.9993291  
304.482303  
175.787344  
81.58124888  
301.6326112  
174.0164527  
148.4618738  
142.7386569  
78.05359918  
206.426369  
161.3968616  
1.943582082  
185.5453225  
353.5440504  
113.5595074  
61.99438175  
247.3780373  
204.4586713  
939.505498  
202.6612471  
15.12169913  
49.51110921  
347.1739793  
948.9864986  
333.7397425  
129.4230017  
438.9741245  
68.83770821  
115.173687  
702.0580884  
175.7694455  
335.5853205  
50.96386836  
34.18980876  
436.9822157  
2.848770321  
337.7356675  
14.20618013  
212.6856105  
27.78789356  
14.92154374  
64.46055334  
204.6856097  
320.7489464  
92.56171137  
16.4851201  
308.5573724  
260.5003316  
66.13304883  
53.18641196  
518.3543307  
523.9331244  
168.1370594  
200.6564036  
10.45090563  
305.3595369  
505.3733317  
34.93745811  
307.8597508  
127.3723477  
136.6557112  
412.6583047  
19.86392617  
77.05570462  
83.5949963  
103.2861833  
220.4758711  
6.646269059  
3.907817111  
156.8289641  
185.212084  
254.7578909  
138.0928388  
30.52597205  
114.2162517  
25.58740331  
194.9699563  
26.69152269  
377.6929337  
163.5822661  
267.5988553  
207.3524705  
407.10453  
73.81602744  
21.99460587  
98.03529059  
4.280332698  
31.76004404  
57.14827154  
46.81409919  
38.74394015  
3.032950451  
317.7694554  
26.4722704  
364.3116119  
150.7114111  
367.2756598  
112.403187  
457.4913893  
5.771237291  
72.08080565  
49.6174662  
79.29956891  
106.9808905  
16.74389678  
40.97846566  
21.83043051  
30.69247386  
59.05392047  
94.12770345  
13.43907779  
105.9456439  
41.28334291  
22.96087409  
235.6703024  
11.00720379  
102.6271661  
249.9336471  
4.415529353  
145.2687536  
