154.0224496  
74.29416494  
198.5160479  
213.5601888  
693.4830103  
219.9192411  
1839.454628  
278.6241565  
1448.46224  
49.25456111  
886.2890162  
1913.151981  
612.2103411  
932.1995897  
5173.035731  
1268.788373  
59.05858536  
10545.54453  
2168.226106  
931.8756522  
52.45400931  
1701.103507  
391.5334834  
824.242971  
1501.380181  
2691.443724  
1463.64124  
2197.837322  
6512.092272  
653.3453792  
2452.673672  
1772.924746  
2210.719693  
427.769421  
926.9546838  
1901.604539  
1014.170719  
472.2477051  
721.4960957  
4118.628509  
1116.689447  
401.2385463  
563.1453891  
946.8082724  
544.9483159  
3334.790066  
1543.466611  
11.88037714  
523.6733159  
1189.615711  
584.9733413  
722.7494263  
2111.835296  
244.4723585  
428.0428524  
1321.638659  
1317.918982  
742.9029296  
677.257817  
1439.901289  
2569.138191  
186.726963  
246.9583002  
617.3009395  
1675.891022  
505.5660322  
562.3572853  
225.5160639  
3452.452985  
191.3894016  
1812.014373  
624.088615  
509.4918505  
360.7482224  
887.2676134  
826.1177292  
4278.28191  
886.3889121  
1758.346039  
3293.294847  
1682.078231  
8373.308103  
1758.340188  
1039.600774  
926.1894771  
617.7824112  
846.8382228  
1111.417707  
1262.629115  
5476.314176  
4851.582813  
2309.041422  
1629.692329  
1351.385007  
4055.519041  
7603.194373  
14615.37649  
20306.34242  
10740.53813  
494.7434622  
4194.613641  
2574.575586  
770.9828334  
4152.208648  
1387.896807  
9177.024674  
5019.488857  
1785.042695  
311.507202  
2344.469732  
4915.810781  
321.8689447  
6513.904444  
1050.885954  
9285.400556  
5734.895711  
2988.763928  
3389.083595  
10338.81855  
1195.016485  
7315.485913  
22562.30586  
7785.550392  
5876.902246  
7652.938752  
8098.70201  
9363.113922  
8336.159997  
3633.961179  
1300.310777  
2049.587354  
418.9743932  
1544.159999  
249.2824312  
7549.230114  
1570.98313  
4478.856028  
3779.602343  
1055.482871  
3009.988242  
8732.647962  
5955.750148  
1647.584467  
1729.603665  
2680.729301  
281.3278822  
1470.88147  
975.9100767  
4640.475834  
3229.832221  
614.9066513  
2716.040501  
593.613271  
448.9971563  
375.414059  
58.5435586  
2222.071099  
2210.177596  
956.8051926  
3266.992385  
200.5626313  
341.3577698  
1315.019559  
1417.052662  
2504.57784  
1233.801838  
357.5669644  
1520.990046  
384.1423554  
552.5341931  
2715.080999  
604.6601837  
363.0699491  
26.08245469  
126.2742511  
570.25405  
391.0422081  
314.1966268  
532.218729  
857.1228371  
1031.69092  
528.4443957  
548.3067863  
331.5045838  
851.8704063  
354.0827758  
4672.413693  
55.03996299  
665.2247853  
2131.899647  
528.6164562  
919.1251103  
1084.67675  
69.43083408  
520.5373297  
1797.561942  
1379.983397  
116.3894952  
624.2309636  
941.1489807  
1251.801696  
1729.093707  
438.9680584  
4797.934193  
1615.312252  
445.1754309  
2218.388961  
258.5532323  
716.1458268  
529.2314546  
48.40373891  
1299.762105  
1122.496676  
490.0437727  
109.8453298  
1379.248139  
176.5418612  
782.3612351  
43.27576428  
1059.33244  
393.780322  
1490.69174  
1271.922436  
393.3945418  
196.1788163  
296.2413607  
2118.991053  
1480.97569  
936.6938983  
163.9109408  
300.2176332  
710.1207822  
193.9363007  
178.9493302  
20.21371885  
397.5543742  
1665.125837  
690.7455954  
43.69818146  
1037.827899  
83.16853453  
786.8304049  
2822.038115  
1124.056408  
96.3455048  
403.7065965  
287.8621263  
462.715097  
202.7207267  
390.1981077  
220.0834295  
1239.874208  
593.9557496  
2679.205919  
91.1799985  
2016.110783  
580.5045297  
195.8232055  
277.3249348  
44.6506417  
414.7546056  
1796.042595  
361.0974346  
244.4087038  
750.0430628  
304.4959134  
742.9043446  
244.5283406  
116.999336  
296.4520771  
224.7752797  
89.1935713  
1180.932523  
159.527257  
1677.854228  
137.7397305  
51.37849547  
78.3508924  
192.766541  
244.1374602  
466.6963691  
925.7321978  
442.050466  
335.9425998  
594.3137423  
14.22766343  
160.135462  
175.6963288  
436.5325187  
1181.912667  
590.3147148  
693.8618032  
955.2930455  
198.8360632  
217.7162434  
