293.9253481  
427.0643534  
1031.246379  
1362.196346  
6118.384714  
8359.065059  
7121.916684  
3388.297101  
1847.56405  
10086.53725  
363.5881394  
13449.97479  
10955.22834  
3017.990843  
9712.239083  
13072.6177  
35894.13657  
88260.34019  
149462.4103  
13205.3323  
67033.69689  
47066.40662  
18178.00612  
14784.55002  
28111.06439  
15198.03944  
70994.4284  
64796.23605  
23096.03382  
83815.41193  
6059.399652  
34824.15144  
1086.268942  
5578.37782  
44109.22017  
16289.75393  
26113.05495  
676.2892372  
9416.054379  
27787.72349  
5885.215364  
1494.883983  
2280.069446  
3712.596404  
25387.92834  
3407.293166  
9591.133059  
2815.633027  
22178.63501  
2130.567071  
1921.865433  
1567.668068  
1218.539663  
1554.032427  
4789.706729  
140.6821327  
10083.94978  
25131.82686  
11145.38476  
8831.598597  
6459.67655  
1833.304632  
3458.399368  
10975.88281  
7077.233035  
31616.33531  
524.4218932  
1510.981686  
3185.123936  
4008.377918  
1486.13318  
1283.053229  
677.1215615  
3078.588219  
2498.727589  
6778.210993  
809.1661658  
7493.330501  
6191.605155  
8128.263611  
765.3918802  
7245.462394  
3848.656657  
5361.923006  
147.9145235  
2521.507924  
6000.768798  
1071.625813  
1084.845233  
3792.943657  
1358.268707  
1163.363332  
11868.62367  
5174.252222  
1556.722622  
5929.851717  
224.4570109  
26300.59265  
542.6850578  
6448.708345  
665.9462548  
1525.501733  
271.0198939  
923.2205211  
827.4510155  
480.0471651  
4380.676323  
9592.934185  
318.7615195  
2008.144914  
1167.190097  
415.8458442  
887.793336  
1968.950725  
538.4277759  
8184.5281  
3963.281146  
369.7255487  
261.8668135  
1010.591294  
6599.818649  
5919.477453  
7714.650841  
11851.38524  
3065.605065  
3625.999656  
5045.075029  
1104.464422  
139.6697294  
10591.68808  
1711.032456  
2924.271414  
1131.520068  
321.8613488  
408.2293007  
1878.500018  
914.628867  
2207.244508  
1907.532759  
3718.478792  
1379.019785  
1363.382066  
5389.639134  
4671.95513  
440.8220479  
3570.350688  
717.650191  
495.7001745  
2628.225677  
581.1927905  
886.7868386  
923.3654859  
2007.038894  
1586.12958  
155.7144179  
1587.941778  
192.9538398  
1576.975182  
2789.497281  
69.48442858  
226.5115383  
421.6500916  
548.141155  
465.1791087  
489.0570991  
1141.873223  
1082.07  
350.1537077  
391.5163877  
1389.283077  
566.5301533  
471.7953895  
716.062127  
190.1177749  
1485.018028  
51.71045902  
322.9331178  
108.6977225  
656.7734242  
321.4977066  
750.1354697  
670.7390046  
176.7923071  
311.7207518  
1883.445847  
1991.262898  
446.9852791  
637.145271  
160.2523018  
910.2730243  
602.1669007  
2078.315983  
939.1463076  
235.2424887  
52.21104007  
183.9697144  
564.3247529  
42.27423493  
396.5238831  
81.10651422  
129.752956  
166.6876646  
362.2403111  
209.8881766  
48.85046056  
40.38209903  
21.98947998  
70.5054161  
50.94348055  
15.22167388  
980.23644  
302.3714612  
90.40734326  
847.9269329  
21.52012735  
166.0604966  
427.3049057  
1401.503701  
207.6543541  
983.5489762  
94.7411964  
364.3830269  
74.05653904  
283.651713  
483.8774871  
192.5961646  
513.8804758  
227.1704519  
247.9391945  
111.861692  
90.14001147  
92.20630123  
456.801958  
514.3948121  
64.80179913  
334.9542475  
163.5567677  
591.0988295  
87.88299359  
637.8187231  
113.6044152  
52.20477751  
169.7047186  
352.2048944  
35.93452026  
609.8407707  
119.7270356  
204.7609409  
166.4915239  
635.2807818  
223.3274043  
290.1233925  
40.50550418  
235.1164099  
86.85424271  
59.45143584  
50.00742798  
349.2553555  
58.7187442  
718.7608121  
221.4668756  
208.692319  
121.7438731  
510.4103273  
130.7968597  
441.8521487  
103.5885236  
45.19393405  
198.958579  
222.8537034  
144.0763203  
146.7697642  
90.84677457  
335.9915907  
29.63026656  
108.0826785  
91.03132893  
368.4683062  
22.0367004  
76.83324685  
322.2281308  
283.7232706  
79.35114199  
162.339444  
129.7064653  
48.25165074  
73.76192506  
47.85231853  
494.5481595  
248.6026961  
501.6053664  
76.75135051  
227.255174  
388.3628001  
6.715436024  
