22.96131783  
65.25892981  
1.058019666  
90.52497246  
201.7232118  
266.0939793  
403.8559351  
636.303735  
382.2169924  
1461.710117  
16.61303891  
1.437118993  
1296.68438  
1878.192663  
246.515048  
1047.556407  
1230.631195  
2385.655508  
805.8099572  
137.5844832  
2209.228849  
1336.364688  
830.5464415  
585.7779021  
25.48051383  
546.4357892  
1312.394233  
2217.06493  
78.73833247  
443.143807  
5107.829498  
113.3756076  
1230.520806  
981.7025099  
63.64332244  
276.7521591  
1509.075142  
414.0972559  
571.1005279  
1011.455187  
1113.889632  
190.6036687  
1188.722041  
125.8911407  
1729.231025  
21.19721552  
1018.668592  
820.0552035  
1718.170786  
664.902519  
74.16733679  
118.1452256  
2181.843606  
514.3640344  
1466.668578  
831.5575169  
2688.966582  
1199.554824  
461.1536488  
702.4682642  
347.8195344  
453.0259771  
2304.60715  
1581.684393  
1242.852868  
3754.371319  
707.5171269  
1194.595389  
870.6175371  
371.1926308  
868.7603817  
1640.303517  
586.4658833  
49.90048049  
635.8450938  
240.9292926  
5098.651491  
85.80211888  
625.5168687  
1122.960964  
1105.947916  
1722.975314  
10755.65098  
4643.584112  
598.3409705  
222.2131225  
1739.736249  
70.58532059  
2031.267765  
309.6130144  
1277.474758  
79.41438036  
712.997478  
60.896224  
194.9499259  
3606.505647  
2318.392024  
8151.429875  
1146.745051  
926.2220777  
1962.257931  
183.7613524  
696.2738186  
2335.243748  
401.8953912  
1545.491986  
16.39527702  
181.949949  
628.694572  
272.6486686  
1641.902529  
660.6176352  
597.8729135  
756.0631673  
5635.118558  
1810.158722  
2054.542158  
921.1349658  
95.32818084  
823.8614758  
2553.17313  
5416.830438  
1332.341291  
1300.582652  
783.5420003  
504.8858125  
868.8561316  
1170.327263  
160.8695117  
940.2282027  
1149.036845  
423.4736214  
452.5288293  
552.4066627  
328.5238301  
2.010910605  
1195.99717  
1337.830614  
663.0232289  
533.2397196  
244.6464328  
409.6467026  
344.1832003  
1500.935564  
426.8788921  
1008.264084  
187.552879  
53.18174735  
494.4942745  
936.4890768  
678.178461  
187.0663128  
1441.455096  
602.2499686  
299.7050976  
241.728127  
5.388928479  
1009.825646  
56.92869979  
1950.037099  
1169.9738  
1216.400733  
221.1752506  
1245.914603  
345.4926656  
507.7590208  
198.9923449  
1234.784539  
353.3239833  
188.821892  
58.48230919  
492.2545438  
107.9995416  
328.6911154  
3090.41094  
2699.03723  
143.0478412  
52.08858842  
14.97210177  
175.3006521  
156.0733512  
228.8233461  
173.9110102  
79.88775641  
1574.585032  
9.349320543  
1432.421701  
699.5186753  
16.50825454  
462.1972736  
1377.645561  
150.7956427  
457.4923791  
2919.473108  
365.6784994  
722.8807168  
55.53944522  
129.8284506  
285.1119867  
226.9382476  
1585.199823  
733.7751788  
653.8440637  
110.242601  
896.2686208  
211.2356759  
1297.219447  
70.09719493  
196.1162504  
886.479955  
336.6052864  
346.8434848  
172.1824359  
229.4295458  
1081.938012  
566.48846  
506.0382965  
136.8012197  
435.0874484  
823.6007282  
1363.289187  
524.4610075  
651.0761591  
2464.607698  
298.9621512  
585.7391422  
226.9755851  
38.41026563  
1.474237411  
459.0673104  
862.0762561  
206.990823  
153.0693414  
1606.426404  
866.7244637  
392.576421  
196.3849404  
703.19175  
27.53839868  
541.5681639  
53.92122234  
77.55378033  
917.9919022  
471.7057511  
385.9623454  
204.0693076  
87.18345112  
8.111561562  
163.7117504  
1095.349424  
71.03052347  
529.9069977  
264.6376048  
563.7882281  
737.0167659  
329.3693299  
768.6644873  
22.13929057  
43.1748364  
18.06259976  
615.3995137  
534.7097217  
261.5802309  
271.1697267  
170.5824638  
130.2767421  
1315.819354  
781.1928668  
319.4541784  
573.6296558  
890.7516183  
335.1053266  
240.8636613  
3.799327943  
5.842246062  
192.3673803  
232.8063904  
295.9595754  
261.5872582  
502.3327704  
230.2869127  
20.55868776  
262.0730487  
309.9815346  
649.4102239  
813.6591027  
54.08413459  
53.87027579  
123.5456199  
106.2899011  
555.1545787  
6.536126138  
30.51725299  
500.7099274  
385.5451123  
