189.1568533  
458.1667992  
730.7113316  
869.265549  
1325.310395  
5591.279424  
645.5603079  
1218.332822  
4111.507082  
1489.517284  
732.1778858  
1675.256148  
9162.825208  
10001.67898  
14920.23146  
7379.235929  
5594.300353  
48981.94644  
29738.18925  
6592.642522  
21966.03779  
12133.44115  
5264.149367  
11994.29365  
5930.808318  
20623.10766  
35556.1641  
16973.25849  
9027.32036  
19238.96591  
16554.34393  
10543.10756  
1845.613996  
119.6802211  
40357.33109  
3701.334646  
6979.055561  
12960.96274  
6991.025106  
22166.94614  
3167.099643  
13047.29106  
13328.00296  
2540.873695  
553.6054524  
332.5491185  
2181.217914  
11840.08131  
3805.38126  
354.6365097  
388.660709  
2216.120752  
3122.724176  
2250.0245  
8487.975689  
1364.675373  
1220.603966  
2134.496658  
1274.352672  
4226.492277  
2389.39073  
4861.201098  
83.68236019  
2794.260211  
6713.19843  
6449.451205  
2141.037796  
1589.3518  
407.5673923  
6369.865083  
895.7638379  
107.0265368  
2418.717904  
6069.646608  
98.08822365  
2419.797467  
3532.848953  
1657.718102  
1948.903631  
134.2773938  
896.9216394  
1810.936107  
3670.827123  
687.6864818  
2707.855496  
2071.805355  
84.15047387  
1245.851734  
838.7568474  
179.7533183  
726.1823608  
1489.097624  
2584.529958  
1321.170858  
1292.520462  
907.2874206  
2883.424643  
2252.292869  
1713.59322  
210.8893962  
1745.08378  
1334.375732  
1089.254586  
2934.470622  
752.6071939  
4473.657971  
436.5832171  
786.7478141  
87.68701707  
60.20680249  
719.2703584  
99.79473637  
1146.393485  
68.61968751  
3956.408564  
240.5744363  
364.7228992  
175.3178625  
91.04486034  
237.9516335  
855.2977006  
4032.372849  
1369.061585  
703.3965  
2431.625527  
590.8425529  
2180.144568  
359.5285544  
63.02814978  
348.6367795  
660.617527  
385.0722155  
383.3729768  
538.8071536  
821.4124244  
715.3128122  
332.8107076  
1036.195781  
95.49640441  
734.3118095  
308.6252093  
3151.561043  
470.3998941  
1999.659409  
521.9255606  
885.445023  
463.1094018  
630.6479564  
624.0842537  
176.3849256  
46.31237499  
177.2329712  
21.90719897  
807.3672866  
4.216845594  
809.3752869  
11.71952931  
812.7527257  
202.6594589  
431.3913425  
834.95835  
307.440152  
703.0647436  
356.9081982  
1207.389823  
730.8767785  
16.00949241  
14.14378762  
173.2985046  
150.4680812  
125.8552237  
323.5142474  
46.44193166  
383.0339755  
544.9386907  
1263.396536  
183.5317908  
24.13715173  
327.9160622  
764.5006526  
19.34526369  
335.0663089  
72.44942269  
41.40808196  
465.6564308  
12.56431721  
648.7377035  
656.5070691  
11.26209061  
83.25037418  
75.35065632  
290.3232908  
56.30976089  
501.7778866  
400.0951385  
373.8199385  
411.8744716  
72.1955149  
171.6450395  
236.5365615  
398.9204604  
310.7395697  
45.76817843  
12.18537243  
136.119659  
62.8056489  
32.50855081  
398.0100346  
157.5051866  
186.9516639  
595.1226478  
174.0190288  
18.18435182  
92.45301364  
91.51076974  
118.329891  
22.76973061  
90.66264246  
2.466705591  
22.17760954  
661.3937647  
55.57558598  
670.9225174  
306.6964095  
545.7775003  
2.959542239  
223.9261019  
35.5461584  
279.5233515  
36.56388089  
26.66311142  
2.653247491  
255.7472823  
102.6887515  
1.337769569  
73.72996048  
103.4124902  
127.5023055  
158.123121  
580.0439209  
74.30447851  
25.56563639  
12.43455935  
551.4514271  
143.3204696  
27.19353599  
73.12529141  
2.525586318  
49.48011316  
721.2847713  
883.2501267  
353.0333107  
64.12301214  
340.2148321  
176.6471241  
106.9114196  
277.6051686  
153.6098206  
123.9411251  
121.8377029  
164.7116361  
421.7919052  
286.7320257  
44.58904981  
163.7248201  
36.18031523  
548.2732643  
80.42041737  
192.9938718  
191.9901074  
501.3958993  
41.84114662  
6.50450184  
35.99892224  
72.86341653  
192.661956  
9.642605798  
2.980823519  
14.43779638  
106.6385795  
41.86921985  
15.96228513  
41.76212572  
91.70397235  
5.740440596  
7.006757776  
358.6516929  
47.54939121  
12.72149411  
15.5537701  
49.23507622  
94.807374  
96.21688804  
69.16124766  
30.01673616  
