83.6941571  
168.096686  
480.0256995  
247.1898921  
229.6669058  
1371.146906  
821.5775239  
1440.666007  
202.0508755  
1080.282593  
446.2284481  
4650.368981  
5114.040164  
410.6894432  
7719.18659  
1997.412573  
730.163036  
8947.137691  
23860.41141  
3014.506646  
359.9426637  
9912.992059  
971.0238815  
8880.552262  
6008.976726  
5982.626443  
1513.371384  
2975.70652  
2506.155664  
3090.250117  
15887.07685  
5977.682432  
8388.790475  
2311.492987  
2597.24425  
5851.232234  
3897.563904  
9913.328447  
520.9519863  
77.5086508  
3862.186363  
5679.875002  
3331.414861  
1103.819063  
5155.935159  
2540.031221  
6501.093695  
10067.72923  
11292.49874  
4496.733426  
5872.49281  
5692.821028  
5446.865998  
403.8916678  
4410.569352  
1169.036977  
1212.733083  
77.01025587  
731.0251332  
2361.796414  
1473.666412  
2216.136177  
1714.351465  
964.8741243  
2552.545658  
2216.518976  
4269.851187  
3267.31549  
437.8994577  
1939.95074  
3721.193068  
1084.834892  
556.1321381  
4678.177135  
1182.063132  
12.97312335  
2021.184278  
1232.996881  
117.6270379  
1470.327467  
6770.341261  
1435.662091  
1458.317646  
921.7739857  
3619.423229  
582.6035682  
275.1783017  
1988.684433  
171.4298544  
680.0428526  
2737.527073  
1706.035348  
1093.004878  
227.4244561  
4309.163441  
4628.354479  
2113.796054  
4511.313294  
2311.430604  
2479.535867  
2827.59731  
102.8035593  
464.6923089  
1598.107885  
464.7176116  
823.205864  
1625.888823  
177.0674566  
1252.854924  
2159.552397  
584.4658627  
644.6814919  
1683.023066  
899.6468597  
47.24621481  
3394.702572  
1510.13196  
692.1609232  
584.6997061  
27.17607409  
2169.614376  
5452.317811  
3366.556319  
127.8120091  
1279.636937  
553.0329384  
7842.145888  
137.3891099  
698.9635014  
1226.318149  
1023.373787  
1804.739983  
642.3813191  
1136.803249  
79.2377802  
810.786146  
294.2580369  
1261.286929  
132.2436206  
434.2379675  
865.9706102  
1185.510407  
108.6120864  
279.6974526  
1169.489571  
32.92302647  
819.14085  
92.52452949  
607.0772378  
260.2754436  
323.625506  
937.0001467  
136.7879129  
106.5347046  
497.3123376  
88.15647022  
497.8330233  
244.5317517  
853.5710418  
91.34230281  
226.1687333  
507.3867658  
569.7611336  
480.9903947  
56.80322608  
133.4488035  
358.1737233  
573.634338  
1.278343293  
241.6446306  
91.77948714  
640.7941301  
156.4095425  
13.34512218  
481.4372617  
182.233017  
230.7914279  
14.86426335  
110.7725803  
161.6423169  
247.4407013  
17.39262192  
441.8822201  
301.1504539  
291.5191943  
74.4793527  
84.20808704  
80.47331438  
386.0553691  
3.588793921  
34.07978105  
48.04587331  
187.595512  
204.6634881  
49.41096731  
129.029029  
209.2752062  
190.417269  
66.51190732  
105.3195055  
59.0908698  
400.5527172  
216.5663206  
257.0996455  
31.0031702  
27.30118734  
41.41836671  
101.4128275  
189.4527985  
1.75636844  
18.66124883  
6.831252831  
100.8172334  
152.4390632  
43.65023158  
165.0426035  
75.16028458  
169.3090512  
20.83984604  
47.54984916  
6.325435761  
26.24752299  
141.9672309  
295.6852902  
79.24038405  
3.108342349  
116.4531104  
142.5675116  
31.99816253  
205.7077143  
154.4123629  
186.5050608  
56.47146645  
110.4046371  
0.1724581979  
78.58524687  
78.02506983  
96.0127667  
36.3482309  
12.69313471  
121.2778203  
77.83211801  
30.45113889  
524.7023566  
43.32645116  
215.4146541  
1.938981612  
406.2624968  
26.09759756  
124.0788397  
5.255630528  
89.07600743  
3.388855889  
188.3550093  
14.46111572  
8.890894462  
37.46566475  
29.48428192  
4.192538671  
65.97724975  
69.78059427  
45.92534707  
115.9589874  
1.151919347  
82.39745198  
57.78015804  
112.6427537  
34.40668632  
9.845549976  
3.983955762  
3.09899092  
54.64761438  
40.20193227  
12.64427811  
44.30898107  
0.6986899437  
104.3805363  
31.75211384  
37.8111806  
27.78399103  
20.32775864  
10.79752004  
58.22502823  
71.05877466  
96.88872004  
0.991326532  
4.795697671  
12.36045689  
3.762841166  
18.86383917  
109.0822802  
1.414238941  
0.916337319  
71.82545977  
24.18643356  
