134.1341051  
266.4113884  
728.2746416  
589.3805448  
523.380073  
1352.501711  
3193.495057  
2290.427455  
4864.199928  
186.7541466  
5184.045427  
2005.931176  
4495.051055  
81.03112681  
1518.839834  
7561.190475  
2148.36038  
4062.128225  
10884.12447  
200.7912186  
1620.761284  
4060.133604  
223.553399  
559.5904355  
5150.446209  
2023.836675  
1765.277558  
4344.601221  
168.9832958  
3147.357638  
1634.259842  
883.0794731  
589.8928266  
585.3114032  
691.9983865  
5801.654914  
1198.36476  
108.9548685  
1261.839377  
539.8608716  
2021.147537  
165.6872376  
2633.770315  
695.506204  
554.6401963  
3024.396862  
286.9286945  
3910.776178  
4330.162683  
1034.895561  
3797.716251  
1138.216879  
1081.726728  
3953.412263  
1186.033853  
27.96676729  
1664.688999  
1809.648147  
3397.127636  
889.8642663  
1669.831994  
4573.852251  
2798.937818  
329.374386  
7208.295554  
8631.904158  
2574.589764  
1803.444344  
342.2962848  
2621.414696  
1767.364951  
1789.482891  
1601.610936  
1429.398608  
3366.053043  
2366.396122  
320.3541485  
535.8347923  
357.3767528  
780.3738399  
2316.16412  
1714.148824  
285.1934513  
901.174134  
3435.374978  
833.2948668  
606.4881164  
114.4835058  
1508.279178  
736.6991763  
1949.485951  
624.6617704  
1235.765451  
529.608725  
1231.123595  
183.5693469  
296.6225005  
2009.059799  
239.847665  
256.1899904  
3356.04634  
1635.127042  
1513.80372  
8.785226138  
2892.438726  
318.6619307  
275.1379237  
284.5645077  
1579.756243  
377.7169671  
1158.729065  
50.44578459  
750.6986642  
1196.90154  
1100.302041  
1289.110912  
177.4305481  
532.6678852  
1076.622521  
852.4628376  
219.3667005  
1312.038643  
107.9377553  
598.7108788  
346.539398  
325.9133232  
366.6109858  
294.6390715  
167.3961394  
3.076097072  
28.74821797  
245.2517247  
110.2342951  
157.5671675  
627.0067604  
68.96105073  
1039.252345  
163.976008  
12.62395778  
234.6880086  
467.7236868  
163.9397078  
56.03451593  
664.5556976  
247.2476337  
522.3237417  
13.96092972  
1156.591585  
88.00719953  
1534.475034  
794.6658757  
944.9867613  
162.4333775  
254.6219065  
224.9568116  
212.9750108  
209.3706371  
358.2789103  
692.5761053  
1586.928462  
595.446618  
113.5914278  
262.917544  
833.7900066  
61.82190257  
1921.618388  
593.3448394  
572.9496506  
457.2154265  
3.568576299  
217.2442961  
159.4920875  
109.8342803  
595.4344807  
242.048082  
26.78247061  
304.5782175  
1.929699917  
859.1005243  
1056.535218  
1829.363183  
102.8796597  
1506.363354  
185.0855586  
215.3071784  
945.6336831  
363.7821606  
1234.125992  
76.37222703  
456.50345  
480.1930574  
124.9197316  
1014.294781  
1037.547493  
442.6965238  
798.5233843  
239.5700461  
83.15025748  
700.8531013  
146.9549248  
502.2320742  
65.30716751  
18.62210424  
57.58957247  
760.3422064  
134.9351723  
79.3139277  
381.6781427  
78.71066028  
317.1904629  
224.8431497  
1384.239832  
143.8666791  
262.2301557  
476.0371304  
65.44769108  
105.9017796  
211.5594633  
2.004438856  
48.33213304  
153.8050223  
448.5928034  
97.29575544  
576.1889737  
728.6968036  
918.0760934  
1168.427031  
562.0082161  
287.5411416  
127.5421192  
110.9518383  
120.8493399  
577.8747378  
1027.828038  
321.8011148  
103.3568476  
22.5726143  
287.6803434  
125.4796598  
44.19187708  
215.1620187  
605.1100655  
430.7001273  
714.5671136  
97.05440967  
109.2582703  
190.5985693  
781.0576911  
47.40975781  
339.2458856  
2127.881442  
72.4125563  
149.279771  
0.2703082601  
437.3639605  
154.3632274  
281.7979612  
18.39720828  
161.7334092  
165.271812  
164.6055026  
486.5063894  
110.7840667  
205.3241222  
2.299991538  
249.752261  
648.2730043  
143.9628509  
65.75056818  
249.3413949  
590.3582662  
110.2215728  
403.7230333  
190.6850796  
619.4961922  
69.44857303  
19.92805381  
108.6214924  
131.0494152  
2.523103741  
185.3159584  
106.5362251  
12.88759073  
119.291129  
327.7778263  
275.6127766  
701.3008987  
395.0516308  
513.0360365  
14.41122608  
223.1707351  
419.0229782  
54.19056405  
482.9638062  
11.35335481  
