49.14471585  
131.4756099  
341.5483844  
78.15404955  
90.3983905  
19.37347291  
2002.692689  
21.38041715  
1244.772875  
385.2183823  
724.3697527  
137.3488768  
321.2431302  
580.821755  
1531.986748  
2165.526542  
118.8344394  
590.1920238  
344.381234  
137.9423931  
11822.49266  
5043.566105  
236.0460444  
5046.403132  
693.8776123  
668.0327966  
692.9117288  
774.3999014  
712.0208879  
1379.003581  
595.5552582  
2852.032859  
356.7774483  
8.573979346  
216.0997005  
1758.319155  
760.791373  
3506.437189  
314.9414159  
899.922212  
1413.229323  
1377.090341  
1116.552312  
523.8669541  
2629.68966  
635.4833122  
47.31207609  
1395.8007  
5806.408809  
1225.799567  
4326.950213  
4790.845973  
1836.143467  
6090.369911  
2059.750284  
3526.710259  
63.98379978  
769.7217162  
316.317648  
483.5235966  
801.1461024  
465.2530387  
875.5566198  
3408.398578  
286.893548  
1266.677401  
1594.238719  
430.0881742  
1074.727542  
1563.372609  
1392.018702  
2833.004342  
854.4224473  
1146.981973  
1790.434868  
946.719558  
2856.803346  
1112.641818  
5454.794487  
176.7757299  
637.5093825  
2525.528238  
4963.10682  
1115.267827  
1172.532062  
1217.103997  
645.7123624  
233.3910559  
4715.934438  
1257.570728  
337.8903722  
196.1939132  
129.636291  
508.6634728  
3687.17051  
1408.46758  
897.2127426  
2577.842038  
3264.197814  
440.070926  
1861.38617  
96.89512209  
1545.085607  
4189.237388  
152.8681802  
115.0236639  
4591.267021  
371.7481877  
241.1298234  
356.6437743  
584.5486458  
1341.284968  
94.49165639  
2020.774168  
55.67642182  
3618.736316  
428.9467678  
814.0766781  
932.9840692  
1701.337163  
301.2185277  
937.1064289  
4097.718847  
1032.830265  
1732.161839  
1541.206396  
3172.393696  
3059.462592  
348.0483029  
1902.488277  
212.3269581  
1290.080867  
1748.577396  
1786.529727  
274.8792891  
945.7209461  
104.4124443  
4576.530912  
816.8550769  
1078.372895  
77.16153553  
598.7528057  
761.2387308  
832.8066243  
1316.622078  
1852.703393  
57.22168021  
849.1971224  
753.8628839  
2855.962809  
2278.665719  
503.4431228  
1043.675812  
244.895166  
1427.19002  
242.1668533  
1385.120508  
4097.956398  
986.3234835  
3698.654311  
169.1874163  
2542.685199  
236.7206534  
3294.131407  
5510.16627  
612.8234086  
974.0622024  
1062.395748  
152.6526442  
248.354558  
49.19557799  
1172.102163  
280.9943796  
414.4727303  
141.1027326  
2122.981832  
1937.065457  
966.9327866  
3284.712987  
2009.953264  
2792.860485  
269.6673212  
1590.990221  
993.8417987  
2432.84135  
2736.256561  
1877.584699  
1333.332363  
5207.990191  
4642.430771  
2088.725039  
2758.772039  
845.6782582  
825.2334288  
3148.438115  
782.9974666  
945.2176322  
320.9973173  
9024.654927  
3438.289788  
2016.959301  
1001.106981  
614.7176189  
1807.958953  
3410.845954  
215.0594438  
2756.36445  
1772.616436  
3633.779007  
5442.852028  
2151.807671  
3476.911257  
2668.563055  
1129.270419  
9.406767719  
3216.875828  
3331.05273  
2494.509496  
292.6784742  
1467.438407  
1793.078642  
2986.681241  
4888.270002  
3462.169816  
2908.010455  
935.1210478  
9064.870094  
5288.973215  
4284.325696  
460.5297705  
138.7056857  
18.22319023  
70.23362674  
12.05346616  
3308.544489  
2978.672656  
1052.24321  
887.6098849  
1048.864627  
732.1678058  
867.9893558  
1791.80994  
631.666492  
3217.20393  
1542.609754  
975.9129354  
389.6693626  
3195.418964  
1761.05598  
1546.355493  
4999.309222  
1102.924164  
1013.538944  
1930.208073  
3893.263023  
255.595246  
1671.984051  
140.1748768  
299.3270661  
1904.57475  
512.6814047  
1961.101306  
565.9935943  
61.96337005  
909.6004891  
1281.103339  
619.2557517  
157.3494486  
98.18916667  
1042.19611  
2715.337994  
81.30550185  
491.960105  
910.4902732  
2370.220911  
322.1359148  
342.5251429  
269.3502794  
513.3538666  
509.7894904  
683.4357811  
272.3016367  
266.5054285  
182.1455715  
2289.320678  
433.9589268  
928.2074676  
606.5151317  
2487.288548  
86.988141  
2363.389167  
850.6152914  
1423.273095  
1451.48506  
1.413505552  
