25.08839328  
58.71596466  
66.61864366  
54.80739106  
242.6674047  
292.8357797  
57.28427935  
17.30420819  
68.53637255  
561.6207506  
497.8082049  
180.9863476  
174.5013631  
14.87840997  
715.7770919  
1507.882071  
553.7861099  
2397.135314  
1313.317387  
322.2430046  
162.8614085  
227.1155101  
701.9949235  
1757.808409  
17.50513526  
1545.619769  
157.3995725  
1497.476654  
246.9127395  
60.3989292  
61.64175555  
385.0577127  
619.3066059  
678.900358  
146.7335549  
375.7819463  
76.97166469  
326.6070514  
146.7517536  
884.6324809  
623.0476535  
814.6362066  
182.5757389  
97.01627218  
236.3766012  
619.276644  
76.59156642  
1273.903437  
97.4012967  
1279.699175  
777.876032  
232.0559167  
834.4965454  
3455.947591  
686.0411338  
40.30612357  
99.94161002  
74.67816859  
171.9145282  
91.37260379  
1028.366703  
1305.103736  
1362.557859  
102.9414835  
649.009827  
388.8708535  
118.5006476  
310.1509206  
202.5641571  
452.7444722  
1175.495719  
46.48533122  
164.9428726  
582.9025296  
342.7114638  
34.5813831  
112.7620162  
366.570813  
490.678436  
73.33825769  
166.2781795  
445.5991735  
654.3834088  
34.06647433  
72.37689453  
522.0783675  
87.12240569  
299.3972874  
104.6440889  
1705.045786  
13.30966403  
1026.176258  
439.9863476  
208.4776649  
391.9839631  
579.6402131  
227.4433947  
1347.259546  
1089.21955  
738.1919861  
2024.9818  
285.0612251  
776.2115561  
742.4361568  
876.8635715  
2534.362192  
684.2218255  
7.310166774  
760.4636094  
130.5250745  
437.2576982  
419.8599289  
286.6724241  
384.9588302  
1737.165222  
1044.743588  
863.9914849  
1081.071673  
2079.429526  
568.9016904  
920.6847437  
1429.005031  
251.8775348  
1512.098726  
0.4360198037  
138.5362255  
1763.166385  
513.8900467  
457.3955361  
13.20310155  
139.856673  
232.1651025  
494.8748057  
822.0319726  
111.6619358  
318.8183375  
178.6987204  
738.8798086  
494.1299326  
35.43987779  
159.1937295  
340.9097309  
50.43754018  
1616.297035  
461.4150031  
160.0830015  
145.2368589  
835.0491605  
936.0950557  
292.688851  
760.6511313  
913.5447168  
1099.764193  
181.7921016  
178.7845193  
15.18518352  
25.18270159  
684.5675821  
82.73562292  
1594.83533  
456.8960159  
1196.974585  
2773.03715  
370.1139745  
3431.153577  
396.6251537  
162.5751057  
78.04011953  
281.2968245  
39.98691133  
540.9070201  
1413.800541  
295.5209368  
953.3193564  
106.4144654  
131.6869319  
2391.296156  
25.36103295  
375.4923892  
783.5888489  
4290.440346  
211.677715  
1996.21339  
1704.487054  
396.648595  
832.63466  
696.594684  
1207.69113  
2149.306852  
3077.416708  
1226.914728  
2997.787715  
1849.927227  
2388.606713  
577.1502184  
71.32058738  
2087.440612  
1083.204629  
3755.113592  
503.4304458  
1919.313458  
263.6675881  
164.6469746  
3958.934663  
3206.571996  
750.9863845  
1779.720608  
630.3832807  
491.1918926  
2781.697669  
249.1540148  
1658.541087  
41.96011219  
213.5122997  
87.25489514  
1156.103166  
836.1746373  
726.4420524  
406.0940433  
696.1096016  
710.2191275  
985.1999989  
3547.703363  
39.43692388  
3918.021285  
125.6408971  
4327.648781  
2682.053061  
2263.630398  
136.3696944  
1227.353789  
72.95844678  
328.7535519  
561.1749944  
1151.265093  
2672.45903  
1038.616389  
2417.383671  
1331.993156  
2803.387319  
1094.373135  
94.27237637  
7051.731193  
4365.283511  
1365.396777  
1185.946659  
807.8695271  
279.5777248  
1122.98666  
316.9020408  
2758.07815  
1262.488353  
1037.293256  
2611.313987  
1404.767743  
709.8291137  
967.500478  
2884.010881  
582.6887462  
1731.97889  
1112.476881  
205.8023389  
439.4599781  
319.6209226  
4068.153655  
109.1968229  
2401.741227  
1323.10198  
579.4052151  
1280.966327  
1506.164168  
999.398399  
34.80217359  
919.2909595  
1044.794216  
1765.574247  
1230.617278  
937.4635497  
538.5117587  
34.70026903  
1066.764886  
1118.121423  
315.6889424  
915.6074927  
200.342786  
576.6438349  
1063.469286  
740.3160629  
1134.107497  
498.2812632  
1031.623415  
97.36157397  
3031.088319  
2270.944487  
229.6086899  
