181.8360797  
229.1741433  
533.9719165  
46.81598522  
917.8144499  
1370.546542  
2940.826238  
3002.210901  
4408.500272  
2703.39225  
1357.126732  
247.5889074  
9563.037844  
5193.845009  
6277.895917  
6087.934426  
3929.023962  
6779.632067  
13520.00361  
7362.572001  
5234.69406  
14004.81717  
7926.335249  
255.7576133  
2754.938407  
2506.340901  
3902.140976  
15363.93945  
6940.008022  
6131.758256  
2994.202487  
17555.14236  
4619.439016  
1714.327217  
2154.38373  
4347.303538  
6604.797199  
934.7085162  
5598.316145  
1280.183068  
284.8487278  
2198.045624  
2364.675422  
1224.753982  
3176.962859  
2824.084646  
2998.478751  
464.9774704  
1472.289746  
8055.017263  
2070.948355  
29.13202469  
2196.403605  
2723.994915  
87.04601893  
2153.670705  
580.5042989  
648.2593986  
1477.716802  
2561.69561  
5024.995931  
3855.116979  
3819.651664  
2417.429913  
670.2556913  
865.4199513  
3545.893076  
2545.659429  
120.3016761  
2441.885121  
2557.420748  
52.69172333  
6795.271929  
435.1856914  
3647.404005  
1661.680066  
1204.07493  
827.2717229  
2236.45616  
462.2433677  
1290.376568  
2366.899412  
614.0708164  
384.3778271  
2673.784986  
164.163932  
112.8475372  
1065.841804  
0.5887157468  
1257.424102  
1058.138623  
3227.565298  
473.4473117  
961.9265443  
2698.841013  
204.332254  
712.5143361  
2069.25533  
3638.818875  
1376.034034  
181.5708002  
527.8901308  
305.9575738  
4048.492564  
871.3796784  
2852.349653  
4069.730157  
930.2111342  
54.69582305  
574.4699157  
1476.694343  
221.2377005  
877.9232881  
35.88364875  
526.9548053  
1516.271328  
1121.095511  
1371.518786  
1442.921592  
626.6260578  
1470.782029  
3010.755061  
4687.973786  
822.5937877  
1460.138347  
170.9718214  
1965.088191  
329.2330066  
200.3689504  
920.9524733  
419.5108405  
1156.17137  
336.7393613  
29.28207129  
1098.690847  
255.6247259  
886.5003397  
1136.615373  
95.67555678  
396.3919872  
1057.412264  
1385.716266  
718.5365014  
119.1850378  
426.7936368  
211.990166  
611.3668712  
120.8075976  
263.0350027  
51.36493373  
329.2649828  
221.8979391  
233.9372632  
143.2873503  
89.65328868  
297.4083252  
647.0454811  
458.3412826  
106.4936926  
196.3834764  
562.4059383  
55.87326805  
528.403534  
811.8902866  
288.8871451  
912.6201413  
263.6356846  
28.59190579  
41.4715025  
70.66169995  
202.6946264  
6.958796968  
442.7747805  
67.13445858  
24.323039  
115.5687024  
74.28768847  
198.8268631  
17.01413586  
52.19355185  
1124.160415  
100.0495966  
244.12464  
19.12069516  
390.7039635  
72.77805546  
144.7428305  
11.07574332  
268.5713078  
61.83162376  
287.4998071  
234.9505504  
342.7619337  
417.3156995  
61.66965901  
2.108931345  
25.64478644  
69.52623432  
732.9836002  
63.98777519  
111.8595947  
119.1089481  
0.07532667901  
5.498993488  
19.44676186  
400.0922783  
5.467879142  
2.421318125  
17.44163324  
11.90540928  
1.014781589  
156.2350787  
26.49233605  
31.16148308  
174.0548632  
27.00581999  
222.8629671  
69.52285965  
283.5463865  
281.4721117  
104.7782105  
133.1443734  
204.7467169  
40.87500798  
298.5839086  
18.11640079  
21.10520113  
119.3579169  
61.76819025  
22.52393053  
7.574423866  
88.90401832  
40.54394851  
45.61657986  
68.07684398  
114.0581717  
190.5539511  
63.42268014  
22.69722022  
33.09203561  
66.98770782  
95.86573644  
36.95435248  
149.2104447  
4.071814138  
0.8941357386  
104.9406502  
59.63328555  
91.63737585  
119.7523285  
316.2614498  
185.9095444  
131.2682573  
37.95388809  
3.977634705  
16.07149259  
69.56999845  
216.4796375  
209.3065442  
70.57147606  
64.38382487  
20.53054372  
4.683284529  
48.9245612  
31.57310618  
171.6438436  
42.50605267  
3.828541731  
19.73212765  
61.11986074  
90.9264319  
21.02590487  
14.42147949  
23.57144758  
68.07114554  
75.4782905  
6.41160457  
62.82129847  
15.23211798  
70.99478995  
87.22675534  
46.04750188  
57.94176902  
26.01971262  
19.99763792  
5.654483179  
140.9271241  
7.574659813  
144.6830911  
149.8317699  
10.52537484  
111.830995  
90.81142151  
66.23721741  
35.32495428  
