127.1223015  
125.7650932  
498.535887  
12.65044386  
680.7759779  
1698.986711  
818.9909338  
1213.986437  
2500.63699  
852.6447388  
2199.83791  
510.7382554  
874.0088648  
944.3462842  
4551.15624  
187.2135205  
2075.311242  
9494.437695  
12563.37283  
2686.421462  
2665.256345  
5578.049001  
8799.87938  
1871.005652  
5409.551415  
1319.973237  
2534.088274  
6650.306246  
5792.188412  
1563.308973  
559.5634346  
1938.195753  
1420.844121  
424.6498913  
805.1827874  
2847.028093  
360.8397478  
22.56115226  
4084.723424  
8019.983899  
2325.277482  
1360.400146  
1919.870744  
1824.734  
311.2074211  
2317.909029  
302.9737967  
1443.906204  
7857.628733  
4808.514302  
126.5434725  
2537.902292  
126.1093351  
510.9414245  
454.1015328  
368.206308  
350.5427656  
1730.087864  
1317.629446  
512.1078262  
533.5105109  
1167.685439  
936.4464076  
1111.342728  
3407.406046  
2807.616405  
4825.055955  
3570.789529  
1054.184415  
1358.70322  
2629.283466  
186.3754209  
182.9659891  
2673.820732  
2644.194516  
721.8193754  
820.4662756  
415.0287767  
1674.893935  
1454.883941  
2969.248727  
3283.811109  
5850.145611  
1069.844592  
232.4513858  
1667.408556  
1797.46195  
1026.886951  
39.95381427  
3360.471792  
284.19125  
101.5301644  
1582.838738  
101.18068  
2374.101849  
3618.351558  
865.1738315  
2248.072308  
906.6767231  
31.26418217  
387.0534281  
494.3013631  
953.5983288  
1071.561016  
119.1264504  
4326.3155  
234.598649  
1334.494584  
955.0699833  
1090.473042  
57.35578731  
445.9160952  
537.6527499  
121.8741797  
1887.27137  
2224.571844  
489.9807938  
798.633568  
1485.682412  
929.6573351  
452.6140466  
3263.846542  
1022.944526  
1045.333939  
541.0832816  
922.1331687  
3236.716719  
4303.378396  
1640.430537  
124.0658805  
21.8314923  
641.8454032  
3.630772927  
236.7988072  
957.995153  
309.9746061  
980.3656682  
79.9744123  
260.0142272  
497.1497776  
27.63468927  
154.8631486  
277.4954987  
42.05039936  
320.1159935  
147.1618663  
877.7606967  
541.6662394  
289.4488078  
1309.914574  
526.0491941  
210.8207643  
649.609484  
1173.739937  
213.7070754  
406.7980283  
60.54060938  
1324.183333  
280.8710803  
1126.316606  
3.305712906  
312.3484845  
585.3374788  
1871.359201  
57.96966196  
308.5884324  
1439.903736  
73.16367538  
114.2940123  
37.03533855  
90.04890835  
687.6370911  
322.1588663  
521.374398  
342.0123789  
276.9445922  
48.72259316  
505.4141429  
23.07693559  
385.0282085  
266.0354815  
70.36338034  
287.4845064  
308.5156384  
138.8642269  
82.37633291  
283.4090377  
1181.264258  
183.0447729  
407.028974  
1436.949049  
1.963893879  
354.1567097  
303.8521081  
2.843715062  
196.6918895  
3.809466415  
61.594911  
68.99970544  
543.4655406  
298.455234  
306.5023781  
341.4912812  
469.0850894  
58.46350297  
465.3377198  
136.9131602  
321.7169145  
231.6803856  
146.4754602  
17.35083128  
303.9460483  
102.1786764  
120.9903752  
741.2388093  
520.2424187  
130.1575239  
163.198196  
171.4593692  
201.343704  
340.0294949  
305.7826433  
168.2584389  
84.43789274  
131.3009368  
14.08414546  
280.998788  
582.3809925  
124.851736  
205.214136  
301.3437585  
343.7994022  
680.373758  
36.50617847  
341.0651235  
638.5011739  
209.2015101  
146.0402053  
121.3520137  
448.7490851  
91.24936619  
14.62240856  
148.3442746  
69.82657797  
50.97275374  
14.74249239  
287.425546  
298.3968124  
76.69297767  
405.1018069  
271.6482293  
64.61352126  
8.368440737  
230.6323452  
97.61996352  
15.72821041  
394.9539987  
90.35733213  
235.5373257  
41.51191365  
105.7810057  
158.2187242  
29.16960518  
80.80233703  
25.92340698  
85.79361519  
143.1477002  
887.0558523  
100.5946748  
33.7565751  
55.13549068  
387.339732  
121.5035007  
44.06942604  
294.2850545  
29.34699925  
33.36076796  
144.1874647  
18.55138909  
8.909234787  
290.0745768  
342.3960094  
228.5141432  
8.450608649  
35.66757069  
69.27445222  
232.2038333  
216.7622563  
35.31488908  
48.38387649  
25.08474035  
286.3149632  
18.75522778  
50.86604106  
163.191552  
