225.0204369  
243.5899991  
749.3960195  
224.5152846  
1208.185141  
1693.23109  
4845.184668  
263.1661899  
2687.815613  
5671.617689  
2371.637335  
310.4558623  
2029.953472  
1068.503195  
3163.410181  
5912.063215  
8691.352805  
6507.230352  
9104.226003  
7262.19206  
8197.737291  
3935.748378  
10.83867504  
2262.63941  
3221.690762  
281.498639  
33790.22939  
5916.571947  
418.9837563  
25408.57912  
10924.46615  
17042.54719  
1041.136389  
8256.52308  
3304.075573  
4495.396451  
19112.41353  
3221.174424  
9396.123647  
10718.51183  
6037.86929  
952.0536344  
736.2312529  
782.9682658  
4114.389094  
1039.236276  
7583.018872  
1838.369042  
11694.98666  
10193.32198  
890.2832094  
4413.176712  
598.1951293  
3520.736832  
129.8028861  
2490.588678  
2478.442223  
4671.027999  
5055.599057  
1754.752218  
2272.557825  
915.3131844  
1165.873582  
7539.367457  
1744.542029  
3891.831953  
3023.079993  
30.2398328  
491.7437874  
1168.953562  
245.2732895  
122.7541362  
850.2673971  
3532.045409  
2284.520498  
1486.227126  
3734.431114  
354.6837923  
7270.229085  
1187.16846  
990.1093816  
5242.485742  
616.1644273  
453.1558008  
387.5548959  
1327.631674  
1645.52241  
2025.971336  
2140.625155  
8736.297356  
782.5551005  
7317.767469  
55.22731779  
651.3091897  
1870.124727  
1736.673899  
6869.71051  
15701.56079  
10643.19903  
917.307382  
2766.936633  
3240.075123  
135.5866188  
5425.254413  
178.6007478  
3868.23265  
12694.74236  
645.804868  
1388.61406  
695.8934854  
8962.625241  
2488.361963  
5472.529897  
1302.213232  
7265.695712  
1707.249284  
2823.737152  
1418.89343  
12171.70025  
2335.967453  
10128.23123  
18938.20092  
8652.60503  
2171.518455  
7602.161398  
2757.242117  
6153.513507  
4665.599059  
8111.014507  
878.2266163  
946.6627609  
4300.612085  
1182.234309  
665.8626056  
3669.321268  
2924.088395  
3650.346498  
5319.252938  
146.2151555  
1953.477523  
5937.625643  
6394.152291  
969.1078736  
129.7763324  
3824.653491  
229.7843899  
1075.610721  
362.7292324  
1551.361795  
306.6110872  
203.1468487  
396.9626482  
59.59108176  
401.3066725  
303.2266322  
227.6815487  
1051.808692  
1218.770539  
441.4313447  
104.8579755  
672.6207809  
114.5246679  
82.28992388  
131.1054589  
1004.706906  
82.03459705  
300.5061457  
368.1247248  
29.96997347  
29.61163007  
966.7072948  
107.3720839  
399.6563182  
251.6090077  
403.1831617  
712.1327173  
750.9368091  
259.3909165  
833.4914889  
441.5126559  
950.8750716  
207.0431549  
717.9207363  
131.9606124  
179.5443784  
854.8011614  
1467.076535  
178.9123117  
912.2658585  
78.23152655  
477.8512847  
587.9211692  
221.2784932  
19.90805185  
310.5552696  
1.783569472  
4.606212982  
312.025185  
1018.770743  
253.1934481  
328.6872522  
85.78939818  
1162.043284  
94.39763595  
212.037521  
17.78211766  
454.4366266  
51.10339168  
11.26851378  
542.4375411  
618.876227  
1184.939311  
142.6413093  
386.6549504  
197.0288974  
38.76920349  
218.3759191  
56.37301133  
56.34225741  
138.1158177  
82.06003659  
140.1523049  
22.52134463  
90.72051035  
284.0177313  
58.7873808  
655.2697678  
617.0292593  
278.1878175  
10.25298539  
274.7825824  
341.8082314  
58.26054184  
98.63987883  
197.7406247  
128.6281329  
1.600367043  
1023.615584  
274.620717  
198.6298139  
178.3485457  
644.9748248  
903.7417992  
543.4711339  
64.29941467  
16.78691693  
269.9822165  
330.0081124  
112.4843356  
178.7174184  
114.663525  
17.14281131  
251.3187112  
30.82438477  
427.0958406  
325.1188079  
470.6050303  
735.9893114  
186.8220345  
113.8638522  
44.23908534  
194.3728503  
36.28384832  
154.4171422  
220.531444  
72.2590307  
71.38825688  
15.25149526  
70.10818231  
61.79232202  
279.2826315  
124.57115  
437.9352042  
308.6861455  
113.5412854  
60.38837664  
25.86008836  
45.82662092  
47.34891093  
60.82965366  
168.9030187  
71.18060674  
72.74367985  
16.39536625  
158.1521678  
228.7270654  
288.6569178  
223.0608558  
232.8836685  
143.2045671  
203.8519219  
230.0168447  
75.97582267  
154.4709813  
179.3672261  
