80.88567296  
167.3010754  
71.13492211  
278.0784143  
125.4282167  
166.0007198  
2413.103181  
884.0460417  
3418.288446  
1497.170379  
1625.996779  
1204.196503  
3458.862654  
427.8779629  
8787.074827  
2024.439431  
2636.058548  
1966.143059  
21323.51358  
1245.604064  
10999.56646  
6686.354097  
9637.565851  
7406.785852  
2270.55454  
1156.188049  
2478.124307  
6414.006614  
3803.739761  
7435.679781  
5418.101129  
13032.59725  
3917.388537  
1423.226725  
11349.42897  
759.7462856  
6675.721141  
660.6041724  
1901.333657  
1594.341173  
2804.074527  
1630.16541  
104.8508791  
491.759855  
6791.1444  
1162.209603  
1329.968077  
4068.093704  
1673.485607  
4391.08164  
5364.935825  
110.0694763  
694.9010059  
585.3364731  
933.4242318  
889.5072426  
1665.744391  
833.797664  
2708.306215  
32.39567803  
1670.058112  
2464.784059  
1974.126231  
2528.223512  
964.6582844  
3917.304495  
659.3637253  
208.2014717  
2404.688755  
1136.143856  
1917.777999  
647.4905925  
11.45903806  
71.00146202  
45.88008715  
230.2889403  
2980.225245  
3000.616216  
6555.308271  
1714.132195  
1275.871706  
4838.638194  
7828.091079  
4900.652342  
310.9060538  
832.8575319  
369.1400225  
1727.298532  
921.3339375  
6615.221503  
2453.370154  
6938.981011  
2419.232194  
1480.594823  
5153.804423  
4379.240177  
9288.291954  
14352.95114  
1945.226589  
613.0330826  
1187.005401  
6543.234248  
1232.345418  
6415.447245  
83.39284576  
3375.919062  
11202.65091  
6768.482273  
3363.798841  
1983.155996  
6835.413497  
2420.878161  
1309.669228  
1866.077874  
5858.905157  
5811.720971  
3994.328601  
1222.358383  
3015.49607  
1896.587752  
5279.977814  
14750.18837  
5966.270583  
3980.205242  
3265.900248  
2120.546227  
5791.038896  
3955.324415  
4911.245381  
4932.627198  
1244.156921  
1755.789716  
1263.82294  
2184.916746  
2846.871814  
1148.041951  
3551.705707  
4696.92502  
658.8528331  
2137.251177  
2372.828936  
4590.501989  
3422.804223  
1769.397337  
2910.300403  
434.7940881  
1478.558188  
375.5726745  
1104.482605  
459.9116385  
1262.337438  
4.507315687  
1114.239136  
338.0028007  
99.27634949  
93.81225051  
131.7597464  
1029.002113  
1154.855884  
818.583197  
355.6677317  
180.5028278  
763.9583069  
1565.56336  
43.3201164  
1067.323051  
10.64382617  
397.4937616  
33.82990117  
483.2351508  
571.2520307  
1406.477696  
644.460062  
533.6227874  
837.1708754  
452.2463126  
810.2559195  
772.4120189  
697.5353977  
421.2801755  
1573.635159  
1226.495044  
324.0265024  
0.7846719914  
1692.738171  
648.0294029  
494.7544916  
11.47306613  
656.0727951  
94.83022797  
246.0502234  
897.9790608  
487.2164126  
2791.439544  
1015.049872  
34.76269821  
120.9321259  
59.39131292  
196.5235932  
776.7402477  
716.6023901  
196.7146395  
59.70524947  
39.0653796  
1002.561653  
34.50628582  
438.6986132  
12.37313349  
118.1442371  
2181.498244  
117.0659776  
838.2563813  
154.1760939  
46.04360082  
379.9653175  
346.0435189  
121.4317677  
187.7590432  
797.36805  
1008.584209  
1172.899839  
75.02204013  
561.4333282  
1032.641966  
531.6421577  
441.0848776  
564.0919034  
2.237987613  
106.6746437  
131.8465953  
836.817189  
218.3209666  
128.2705072  
1191.995951  
20.29861865  
96.18077116  
844.9565437  
1288.454838  
435.6123847  
113.3578623  
101.1899653  
672.1274411  
474.3133554  
402.060168  
233.4886022  
141.210987  
380.1317261  
370.0635769  
194.3459764  
615.1795148  
270.3247028  
413.8255594  
12.07523901  
498.8855594  
422.0585127  
275.7816827  
125.2904642  
158.799694  
700.5091782  
38.54559914  
259.0227639  
616.4772691  
249.6967609  
600.7706241  
52.54946926  
158.5578884  
333.2195532  
131.8791132  
97.9640384  
192.1618456  
491.3214331  
292.4172045  
193.1349066  
820.6481778  
122.9859118  
142.7190802  
896.7121491  
528.4322253  
38.0407512  
9.631329297  
218.5494519  
22.21759215  
57.07144789  
243.5870157  
71.78817026  
253.9649955  
805.5767794  
36.4163925  
103.2293625  
506.7177868  
193.5310264  
576.1271051  
61.12391234  
61.30692082  
4.757069441  
