65.15100798  
118.0261306  
73.322755  
25.81424808  
608.1471013  
206.0130116  
698.8507549  
1534.2446  
1818.097386  
1192.270987  
411.5691818  
1684.50286  
983.751267  
3755.597501  
95.59733274  
591.9931328  
1233.496292  
543.0646054  
433.6890524  
41.81162353  
828.220643  
1022.954839  
2063.645419  
446.0236567  
637.0923934  
20.82104526  
127.643371  
224.0288552  
235.3479535  
566.7113955  
212.9906719  
835.4986322  
1087.910935  
206.4641811  
286.0234205  
1705.614276  
1713.085078  
533.3359773  
1455.68761  
1088.859022  
1213.068658  
28.07296565  
1592.585305  
499.0171809  
35.05381619  
439.7009205  
128.4254266  
27.97674952  
846.194774  
3561.409623  
1704.370657  
230.2264645  
1967.3505  
746.6138194  
209.9118825  
345.2415604  
909.1908687  
192.3744719  
129.7570352  
1066.454651  
403.2561388  
22.85507657  
632.0301496  
1.009742808  
2577.039657  
1218.890657  
1416.816922  
359.1025873  
718.9470442  
1703.031846  
2007.805388  
1336.281844  
172.3860264  
1704.493289  
557.241479  
601.3944266  
4279.06755  
52.41395043  
2451.913339  
564.3719198  
521.8382535  
55.36622006  
4745.070393  
1483.269051  
128.8848269  
3483.29968  
1488.519126  
766.1518384  
1903.84901  
4138.543435  
122.2333076  
2226.315613  
1156.980437  
2067.197039  
3392.32878  
4321.073066  
12627.98272  
17695.81304  
8805.914342  
2454.452927  
8794.680069  
1324.970272  
1081.150824  
4881.577514  
510.9216966  
6387.026315  
6194.959941  
2132.347074  
685.8292402  
5545.390313  
6413.47279  
1657.178127  
7002.193082  
2620.204626  
9923.228237  
15591.20071  
5154.145688  
2136.3404  
8189.998628  
2261.314188  
9020.381928  
29671.42325  
21838.43426  
9595.268034  
12236.66138  
2099.661867  
18179.74544  
18021.78498  
10884.76534  
5242.25473  
4445.982271  
1330.810763  
3586.24406  
598.1764355  
7745.908723  
1118.4006  
2027.825061  
8396.720201  
1674.809315  
4790.936238  
3341.109354  
9341.469256  
1192.04592  
1953.403992  
7348.119141  
1597.041859  
1707.362147  
24.93720236  
2318.635953  
451.997714  
649.3464761  
1102.327533  
1116.69857  
873.3630576  
210.8587  
984.4401036  
517.4366953  
1382.296451  
1475.892944  
278.4983377  
344.2787023  
357.5813666  
122.8625759  
1255.694768  
851.4738249  
29.5528242  
93.34882932  
371.7055679  
814.7375672  
644.3272617  
10.89079875  
55.36186926  
92.06479142  
503.1115313  
1471.279376  
510.7342965  
629.7925769  
1005.930653  
813.9963101  
1934.987292  
541.421067  
158.8044433  
511.5981833  
593.104341  
619.6554767  
1107.425148  
412.6132887  
1647.627745  
679.3049333  
274.8649809  
297.6516954  
317.7650287  
275.7613305  
659.9115148  
654.9426353  
469.3835906  
778.7109451  
327.3775304  
356.5711341  
896.6271588  
1195.939101  
218.2617379  
16.81723501  
813.8707597  
585.8960248  
46.72463621  
682.7538142  
293.5596156  
700.9356266  
584.1042478  
851.2167143  
27.93493832  
1160.022647  
763.9092289  
19.24385197  
212.6062603  
467.68367  
344.9538059  
464.9701701  
15.98483045  
690.5496116  
264.41857  
898.0424626  
145.8234258  
626.4671323  
116.9910831  
2385.768514  
432.9305994  
170.5024621  
119.0742027  
69.14395825  
106.3995241  
177.6558584  
1258.039911  
539.8484287  
906.1210536  
185.0209623  
157.3299523  
41.91173886  
143.7484752  
407.9105604  
71.20391989  
479.3587481  
1035.558788  
3.730362737  
213.0900837  
462.3853262  
17.92629269  
768.5194718  
171.2074057  
1659.817463  
482.1894591  
146.9147305  
186.4499682  
320.7817638  
14.82478215  
55.84080499  
390.790052  
505.9948546  
203.9368341  
177.151471  
972.8209109  
913.2977679  
332.8450487  
320.2840673  
289.7303405  
341.7677193  
69.73959605  
341.6612842  
19.46442478  
96.57560513  
177.1395086  
364.2013892  
350.3817441  
764.922387  
50.49797844  
125.6346452  
77.15868599  
246.0743148  
68.10841884  
583.6903258  
223.2921219  
74.4787011  
338.2917786  
100.7270461  
407.4501047  
2.190674315  
103.9756081  
659.3133878  
651.2214874  
1453.175756  
169.6905244  
990.8445377  
69.27472567  
332.8842879  
