21.27608001  
171.3708368  
126.5554535  
100.9573881  
104.6791269  
1714.098185  
1479.155423  
543.6489484  
918.1890452  
210.2946825  
1995.967169  
1120.50631  
2314.013028  
1622.909209  
166.4096035  
2490.90109  
5391.942403  
1284.533186  
2570.887717  
523.3669132  
2657.70686  
1643.222104  
15259.7489  
11713.64924  
5166.9033  
4699.820164  
8312.464158  
7107.739451  
5839.561159  
7289.775597  
1269.186746  
19500.17621  
2762.377839  
1024.73789  
360.7286259  
658.6267382  
603.2628644  
23223.26774  
7420.267568  
5567.457227  
1183.963265  
926.2943146  
7.68770395  
7480.215165  
4437.720853  
1831.394857  
142.9356577  
3177.485872  
492.5265251  
501.5949614  
827.0684019  
2907.267711  
634.969899  
1145.468607  
1824.048488  
154.6378646  
767.73391  
200.5304538  
1013.521466  
54.14121421  
926.2264205  
992.1327637  
909.8823035  
587.8308378  
2117.410468  
966.1371104  
3372.708799  
377.3095799  
580.6186653  
1902.800998  
196.9550502  
561.3472592  
423.1971325  
158.502473  
190.8980594  
577.3549863  
3142.827462  
163.3905157  
1273.986436  
272.3534659  
436.4161064  
106.5400311  
3657.263547  
166.1213354  
1067.937756  
3577.513099  
4856.601574  
153.5053058  
1777.33897  
1523.848203  
781.4251018  
1052.239609  
2417.916048  
1013.667227  
117.5507582  
540.6394158  
912.2418669  
2711.463175  
1647.175895  
94.65900778  
637.2517034  
3152.414817  
1146.6345  
393.0951227  
1579.32871  
555.435829  
1213.264044  
106.2688248  
1210.134303  
1493.25809  
555.146652  
628.7352969  
681.8231402  
765.9350465  
399.1723121  
590.3296119  
82.57987624  
348.2660914  
1170.064256  
812.7997381  
771.3617488  
2051.823416  
835.027097  
960.3129135  
1344.411335  
100.9236813  
2292.624992  
318.1303172  
215.0854945  
125.0978691  
1192.692227  
240.7849128  
28.82965397  
245.5972366  
797.5407401  
830.6847985  
232.5166224  
183.3948031  
303.8023363  
672.2219747  
388.4064865  
565.9146701  
605.7775555  
188.1061297  
49.22706473  
14.36734206  
1621.399445  
86.07813882  
314.2394988  
426.0002201  
26.37325875  
474.9453521  
141.046975  
214.143259  
223.0631265  
717.2811208  
487.3428372  
79.2880438  
187.2056723  
82.01039518  
179.7263733  
359.2712995  
111.203501  
195.4604288  
37.83956834  
423.2712498  
163.5240194  
505.8745326  
156.8852027  
26.56736623  
12.70184955  
73.06608901  
340.5354754  
274.111588  
0.7918604566  
494.5868575  
189.689529  
52.42943955  
262.9252641  
215.7542435  
1.028808119  
313.6432647  
74.60390162  
177.8425609  
181.7755441  
219.2174144  
137.1785651  
362.0655503  
159.3717988  
187.6526752  
24.24136376  
38.79757282  
6.401621092  
318.2891895  
159.5586207  
119.2300278  
59.62829913  
52.11346312  
227.1331784  
26.58938078  
456.935371  
142.5228611  
98.32341008  
103.7392629  
217.52314  
25.52226203  
66.85009857  
42.77484753  
30.70922295  
210.9592536  
49.02569434  
192.8197236  
85.18025096  
124.9530524  
224.1286343  
31.12488329  
23.29437517  
169.1114678  
238.7938836  
21.55875448  
47.44020275  
39.04161128  
68.00005258  
150.6784666  
233.574635  
403.7695295  
27.51312387  
143.7984157  
55.2247745  
78.30021206  
127.2722793  
114.1378072  
100.8465278  
15.34583443  
54.04117486  
91.27132779  
11.12168934  
585.8873565  
18.28237302  
175.4812237  
174.6400296  
264.5294351  
132.0623877  
96.51005398  
82.61527396  
55.06259436  
65.09800493  
123.6342625  
20.31547217  
70.27262118  
50.44601804  
0.7976989256  
66.46098079  
142.4834857  
124.4953106  
44.26587682  
54.72698454  
54.38322149  
259.0967228  
99.02087247  
221.1460058  
13.85675952  
75.25346299  
59.06166198  
145.8092077  
61.71204222  
331.0727047  
68.68596901  
17.70507452  
57.53198264  
144.5897069  
115.4732465  
35.83824414  
61.80464082  
196.0589433  
50.60781646  
49.10530511  
81.93911021  
297.8797573  
14.47700723  
58.12585947  
45.90698333  
11.75646678  
30.82403165  
51.12334875  
40.9657022  
150.0387083  
66.34333763  
108.3494552  
81.25734924  
94.75603594  
49.03096703  
1.156382634  
161.0913069  
9.297755496  
