56.75390289  
21.43539504  
89.4144269  
139.1579824  
424.6932846  
229.6573805  
94.79870548  
178.2945904  
221.7778522  
573.0037524  
411.5147038  
26.86397159  
93.28487167  
511.2744201  
247.8846761  
815.3943266  
170.6012731  
1205.337571  
1352.860764  
171.221011  
242.4513191  
139.323179  
0.4903676649  
1780.02452  
1754.768401  
215.0137461  
958.0532178  
1284.355449  
297.4548892  
229.1564823  
1402.728139  
369.3510201  
1689.669589  
338.1439704  
391.0485295  
71.35811572  
323.7189104  
2038.640739  
58.78463385  
741.0717262  
819.6818488  
97.15959943  
449.6473973  
440.7672258  
67.2264886  
910.6792698  
335.5754701  
19.60601909  
911.0472347  
972.1259625  
1608.393582  
476.759135  
123.1900847  
36.05844925  
577.6810333  
1760.699118  
851.1212264  
432.6087013  
858.8459008  
56.96713336  
860.4627125  
908.7323835  
133.166006  
825.7828162  
1934.956975  
259.6302029  
166.4482944  
1721.527571  
1066.502925  
2876.679706  
27.93630832  
1124.385837  
46.05174653  
195.3041255  
243.6989894  
99.78843289  
149.2439263  
34.7494803  
102.2815606  
614.8942212  
2551.480586  
901.5187225  
604.8960185  
1493.055311  
297.3468815  
104.3473802  
174.076993  
190.0334456  
453.0631165  
1584.69192  
516.1775494  
903.9128194  
112.1381538  
409.6561323  
1598.744524  
1369.378244  
3324.422252  
1015.436605  
65.42203478  
714.1776233  
774.1996874  
391.5327378  
490.5149211  
912.1518646  
376.9584034  
748.2053571  
2234.087471  
1102.292522  
463.3414974  
1115.52237  
121.4113775  
701.8959654  
69.45144014  
784.4552563  
238.6613561  
773.5909418  
680.4175673  
656.6287833  
443.6166634  
153.9551357  
234.6067202  
913.7129114  
180.9563247  
54.35884354  
208.3570075  
1228.208132  
187.9835477  
174.5990005  
532.5098294  
128.6041713  
1350.237304  
344.406748  
174.4271005  
1233.682935  
854.9726179  
2500.819498  
304.0968072  
1571.029875  
233.4510861  
366.6557229  
108.2758064  
499.5825168  
47.95497016  
498.5242801  
127.0438068  
169.378473  
464.8097914  
100.142816  
429.0919435  
2284.348034  
109.4684322  
1301.525865  
2082.784681  
1207.220218  
86.27373508  
742.2145542  
302.6711556  
1.9796853  
697.3598951  
1090.235923  
163.1652406  
699.1244046  
328.4460786  
1987.176899  
451.4541357  
239.7116841  
1330.042796  
419.9802085  
445.7201962  
96.19654443  
315.556823  
535.2544525  
203.5815435  
332.5116875  
133.44044  
340.4416145  
690.8010055  
397.4038256  
593.6560837  
20.90761276  
213.16816  
688.6468914  
197.3953401  
29.93784173  
738.6046719  
539.5966654  
1483.319627  
481.2683911  
137.0941182  
385.2171737  
2370.415688  
227.9709498  
237.3683389  
1415.8559  
2934.412488  
923.2958052  
578.2650456  
142.878104  
1637.099941  
506.3083767  
121.6329762  
86.32240558  
849.1691398  
245.3204009  
4101.401414  
706.3084515  
38.37778854  
327.3053447  
240.4811423  
292.2940096  
386.160022  
1383.32087  
160.2357111  
505.3792586  
438.3705878  
308.5962923  
1867.036757  
181.3051682  
1416.622364  
1328.462884  
92.68416932  
465.4131002  
383.2985894  
1613.802601  
1383.49032  
550.1745053  
2820.489023  
1107.75616  
433.5583848  
82.92745816  
135.6238519  
46.38930897  
547.3880209  
480.7447365  
657.4865637  
380.3774441  
107.95502  
1197.80855  
448.7056265  
97.66540794  
242.3516046  
1506.88359  
1777.783493  
218.8650572  
567.7803008  
166.1665367  
563.7033417  
777.1126395  
509.9980291  
105.6548458  
1024.40531  
15.32922696  
781.166568  
115.6883486  
1562.901974  
16.57598757  
1317.168443  
605.9301422  
317.397895  
494.4190143  
24.60939611  
549.596052  
455.6362925  
159.1358353  
412.3163996  
189.959905  
1394.420439  
932.2855298  
231.365224  
69.18459495  
1085.182293  
829.1987153  
13.99859715  
190.8673789  
191.1783393  
106.3573341  
2.970259736  
52.60199856  
117.7371988  
34.17951442  
6.204712762  
332.4896816  
41.03654958  
141.4012142  
383.7051125  
497.8182966  
857.0709789  
652.8633096  
834.3672958  
212.2493297  
1447.496619  
1168.038063  
203.2724183  
456.8370588  
1.803440705  
