165.4936998  
401.594246  
861.0514825  
485.5442774  
602.7766056  
920.8229682  
2.987310938  
2217.042704  
2479.843536  
2830.370937  
1998.542751  
1264.732991  
810.3163134  
595.573305  
7484.061867  
1409.912854  
454.7678206  
265.6601708  
12480.15475  
4746.440633  
1711.755028  
13169.8862  
5239.878143  
10332.73339  
8269.973124  
501.9673912  
4848.689432  
519.8804774  
5251.803883  
4499.397564  
27526.91205  
24602.07483  
8006.412466  
4730.444799  
3748.447781  
1834.5395  
2565.720872  
9936.370401  
7298.674688  
4899.118188  
2149.44943  
4382.140201  
1356.254658  
9585.066039  
237.7981279  
7618.633419  
5619.501539  
5083.414275  
8281.960555  
2866.7653  
1284.620245  
9936.37086  
5587.716486  
2828.44846  
537.7179468  
3762.180359  
874.5940022  
1439.766108  
2548.574366  
3067.984997  
2026.034791  
3355.764816  
337.8019132  
450.8038022  
587.4192141  
1767.404008  
597.9032122  
3076.943316  
1767.250759  
2117.712736  
2607.12729  
1041.959413  
1914.147635  
3918.498844  
1109.913115  
224.7314165  
1212.29015  
790.4843982  
1015.894199  
185.7696176  
6354.879475  
5101.152433  
1879.757171  
295.8315344  
25.75761868  
468.949593  
4032.811358  
271.0321067  
1150.18074  
3129.798582  
1437.089062  
1412.359364  
6435.221755  
532.7729296  
1547.736138  
4191.597584  
6502.402697  
17582.44313  
18023.20087  
1653.539942  
4568.437343  
461.7313279  
1189.411191  
508.0480054  
551.9680266  
2604.61521  
4280.772728  
6849.622216  
157.0003616  
2016.254618  
9390.005713  
390.8804621  
2358.605569  
158.8537629  
8101.460225  
8644.59123  
2941.761272  
1099.515903  
6897.671809  
2537.948782  
7377.612312  
26195.03382  
14867.69656  
7280.332657  
2386.809848  
612.3102623  
5173.031801  
15886.00425  
3594.274164  
1771.721609  
5429.997032  
433.8095735  
3181.155704  
489.2867261  
6128.607658  
91.22581087  
934.2914312  
3387.834873  
1767.293765  
3654.553558  
3885.410441  
3015.335089  
413.0151797  
708.1603404  
3129.643392  
1216.988459  
813.7250704  
141.9135123  
1831.728534  
1418.679871  
27.27563937  
579.2855047  
1147.840462  
70.36353141  
72.83521045  
17.58228908  
7.326789604  
1188.276343  
646.3629146  
372.3091251  
64.78016206  
254.2725254  
1642.833772  
485.275218  
1004.346987  
3.332372797  
1553.419384  
502.4511945  
36.21019024  
458.3488968  
1459.832953  
637.4029014  
12.37894362  
481.0240543  
144.3382491  
439.6908122  
479.4691537  
24.92238899  
935.031433  
543.9327932  
91.64025956  
759.5150511  
114.4919847  
372.9665671  
53.43230736  
206.555871  
909.2463476  
174.4580442  
93.58677104  
135.881013  
474.7748851  
559.6585078  
1381.665126  
85.3895701  
136.135826  
187.7527371  
56.37106772  
30.78679767  
581.3750483  
412.2113383  
539.2215599  
1456.738304  
81.23930607  
247.9602918  
738.7066241  
309.6568455  
100.0681641  
143.755073  
215.032722  
138.839257  
193.2838511  
95.25056272  
169.5722824  
75.03621005  
302.1063738  
187.2557509  
561.8045046  
199.5958843  
393.4648772  
108.342362  
380.9201318  
450.9312215  
8.980220838  
10.20557066  
342.4900148  
224.8018244  
715.0384278  
479.8530946  
1030.867874  
186.3469734  
303.184839  
403.848006  
404.976079  
215.0710275  
183.1338966  
385.4201645  
722.4517166  
224.4793162  
40.31712034  
67.88261006  
259.4303178  
257.1440523  
50.37642384  
371.8588457  
352.7684176  
240.7811905  
548.4091296  
141.7373961  
324.6785273  
738.3277518  
559.0168054  
558.1825815  
139.7289382  
388.4610847  
44.65790918  
2.288400354  
816.7562228  
82.82031945  
584.286822  
11.60059105  
11.32801444  
17.68885402  
210.2195695  
155.6652599  
147.348012  
134.279588  
174.4105684  
452.2642562  
537.3773492  
210.0136556  
156.9454317  
281.2514546  
30.80419316  
46.59756183  
190.8844254  
216.6593627  
125.2210388  
110.985541  
18.40247288  
84.91421594  
56.50812572  
170.8377292  
260.3477729  
151.2369057  
85.71419404  
140.1435655  
483.8763931  
19.12244709  
21.21078672  
19.87816362  
95.70934916  
185.5155577  
557.7159682  
81.48916002  
20.13842645  
