43.23541102  
366.3281097  
329.5828775  
753.6187536  
682.0536625  
2252.087841  
1315.564326  
1280.745314  
700.6320137  
827.1154147  
5875.148951  
534.0617096  
4451.807333  
706.7694926  
5834.278471  
1382.289206  
2372.909754  
712.9263669  
7039.483612  
2645.078261  
1078.529328  
9675.011088  
7566.355595  
21314.99155  
242.5757368  
1182.560216  
2739.71594  
4080.727695  
514.383166  
30.55336891  
28457.37397  
20198.36444  
6075.906973  
635.8971312  
5877.294673  
5250.11302  
2228.440122  
761.773291  
10415.75113  
4626.734416  
3383.243493  
4481.280882  
1510.489805  
33395.6031  
947.1172008  
4371.908085  
9838.64036  
492.7584926  
4464.436181  
3398.02978  
73.87702932  
9542.296356  
15462.0575  
10367.57868  
6357.647651  
2013.070713  
164.4561982  
454.8441318  
2005.370565  
3464.177238  
402.1723204  
561.9536441  
100.7747837  
1203.881683  
195.8431657  
2236.214919  
737.1910053  
152.6193978  
222.8035585  
1562.770889  
486.2299696  
3513.871027  
344.5184304  
3339.786735  
2074.955358  
125.5896488  
3425.652521  
4658.247115  
2663.416367  
114.0069787  
665.9065766  
3489.641645  
1613.311531  
1898.250892  
676.240093  
1734.444718  
1373.844547  
432.4326684  
3082.176386  
7762.457374  
1620.499469  
2677.888378  
16.40857947  
17.79164553  
2392.611599  
1107.0611  
2586.277095  
3746.169606  
333.6655747  
350.7677392  
682.2411002  
3760.412206  
424.099555  
3941.452393  
521.1694863  
4805.149303  
4383.609877  
4027.065277  
2485.281087  
4080.843698  
914.012995  
271.3416052  
2954.524369  
1799.193812  
4005.756069  
4163.530044  
4614.383831  
670.9088981  
2237.52106  
2138.460511  
4704.997391  
8418.496309  
2738.887372  
7322.575147  
5025.407517  
913.4003234  
10560.31061  
3681.678948  
835.2720135  
1796.868164  
89.17601879  
1968.475008  
715.127918  
1237.82181  
2849.064485  
191.8457294  
3089.219414  
2283.040937  
296.5385663  
1203.009658  
3700.292165  
4221.151384  
429.5694451  
1410.465394  
1835.271641  
62.73132006  
1405.189321  
272.6153392  
1503.639931  
249.5158177  
345.4986536  
39.03703504  
153.0901085  
159.2898265  
1040.302108  
201.7061728  
65.57515804  
628.325345  
1045.290356  
985.9829214  
548.216599  
21.48415226  
402.9947095  
138.7901236  
456.17178  
260.0199099  
31.26533068  
274.6313614  
109.31585  
171.4767482  
11.07663182  
1.08518196  
453.797156  
89.97766901  
538.6338264  
130.8520987  
100.0106279  
543.9281158  
59.21089148  
227.6706025  
1036.516171  
302.690337  
160.8573213  
317.867199  
667.3303959  
96.47304823  
305.4394581  
243.4944449  
90.20263699  
90.77414296  
16.65134603  
149.3854279  
506.0013553  
348.2780966  
217.6522848  
19.29008837  
21.77512178  
300.6825174  
143.5288698  
8.813969608  
226.1607908  
571.1878716  
39.37388089  
333.2306917  
315.0045814  
34.33871202  
6.404620838  
75.53997058  
215.2051585  
337.2634931  
876.2206165  
830.0366208  
31.76255287  
355.94441  
20.18422836  
22.61516725  
485.9215091  
71.55416943  
1.998129821  
89.32666829  
598.429062  
45.17913767  
447.1048142  
17.98538282  
272.8762711  
31.06381526  
168.4034376  
67.5435356  
215.1991969  
75.57162138  
338.7452122  
246.9460036  
372.9283693  
163.3100728  
952.0381922  
251.9455174  
89.87720164  
221.0799128  
28.64982009  
656.8290605  
38.59851241  
16.98156284  
165.2908493  
75.71938577  
429.8523832  
13.03502262  
45.72796662  
29.29623044  
93.66890654  
88.54085971  
384.4838008  
65.73653759  
10.39387241  
19.65974343  
6.790886148  
258.1081206  
66.82217442  
79.91636437  
91.75934086  
50.59332792  
38.75857308  
42.12272594  
333.3335228  
60.1159845  
59.11491968  
24.48710296  
0.06456058459  
165.8806715  
133.9312579  
67.01648697  
56.38967319  
121.3415263  
289.6930418  
53.01014994  
67.47302395  
127.9968246  
171.5744121  
98.88308142  
173.4984052  
7.576908585  
137.9328211  
11.66185205  
335.9389283  
9.549253397  
160.7100977  
2.755571331  
108.2269706  
9.368802488  
92.53602409  
27.79429067  
86.55017371  
156.9362172  
27.34218396  
32.8828684  
15.52308332  
