423.3166931  
354.2889292  
241.0311684  
220.985049  
1128.097972  
5256.447441  
2407.62725  
1762.293382  
111.6854476  
298.494524  
2665.633052  
3554.042937  
5539.899548  
1695.194819  
3326.180335  
2036.027372  
218.5542141  
23090.70124  
34269.89917  
3555.04573  
9336.86685  
14106.36627  
779.6482375  
4075.652707  
11129.83725  
1171.843012  
10422.41033  
9247.463895  
4723.995816  
4785.533464  
7427.662404  
8637.846873  
1026.14426  
663.6579472  
6458.628713  
1762.376162  
1698.895739  
4557.368381  
4085.013933  
1518.074258  
164.1775282  
660.667389  
851.8111941  
788.0274033  
481.9645373  
2729.039606  
657.5975923  
676.9097728  
9196.737882  
357.7797375  
1374.52047  
381.6044435  
985.4224904  
3203.709866  
2784.103897  
1338.777471  
750.9590513  
2948.762246  
2087.343203  
3069.260529  
1118.693494  
2471.034877  
17.72817685  
4501.941735  
7355.584907  
5629.415226  
1468.043324  
3281.752612  
246.0475976  
1266.858689  
4616.315586  
790.9157295  
1259.068868  
2887.544166  
2863.155796  
2460.957159  
2092.743947  
5687.960966  
917.6935826  
2625.535938  
953.0499692  
1858.759379  
494.8657208  
63.32855417  
6109.970025  
701.3060293  
346.2521308  
1187.581415  
2436.000072  
462.4965685  
2780.193686  
3166.70696  
10624.26754  
7726.290176  
13115.71975  
4980.193076  
10851.32031  
15113.71157  
15909.57362  
2792.770219  
9668.778895  
4521.363372  
5687.604899  
6921.542649  
392.538571  
3073.131789  
7430.945821  
4768.220735  
4739.501777  
1043.192524  
2860.591778  
181.1292278  
1874.122179  
7974.253781  
6242.27608  
12122.90809  
2256.480665  
2239.00735  
2292.799486  
7269.573823  
2581.409501  
23099.63584  
13366.31804  
18591.93031  
4403.236422  
463.1718105  
17251.83705  
9814.609719  
3938.468842  
5000.174606  
1739.754747  
17.36926345  
1968.26711  
184.2114427  
3942.766102  
2921.014791  
336.8977996  
3407.937571  
1557.482193  
1455.095906  
3856.021404  
681.2228106  
6769.023227  
2816.628769  
4360.626552  
1324.615297  
299.0312085  
426.7144054  
884.475224  
98.86915463  
555.6285283  
2225.824182  
649.188615  
1489.853959  
1082.98009  
1949.212758  
99.53562975  
3489.272312  
4127.038112  
447.499939  
823.7816567  
431.8240235  
4756.33163  
3357.976478  
2975.340246  
956.2521847  
1088.362372  
696.9322927  
504.0599546  
528.9477523  
103.8913296  
1326.325552  
596.9656771  
3577.225539  
211.6428763  
837.2349908  
7381.826122  
298.6263976  
3228.807012  
253.5910896  
698.9309648  
509.9308807  
2593.2669  
1588.787521  
521.3936473  
4905.460435  
3027.115185  
3198.030491  
7419.2536  
1309.414434  
9938.533082  
2032.041992  
376.3053906  
6343.052774  
6421.593189  
2114.763845  
1080.751774  
2255.54714  
3464.034481  
637.2260454  
1847.707787  
2461.568312  
3787.363941  
754.9533246  
2940.645111  
739.2632122  
550.6859556  
992.312236  
2046.006935  
8157.149756  
3412.913107  
6920.040614  
3913.592859  
3875.094553  
741.2021812  
1332.413271  
6036.184752  
1377.653239  
1359.897813  
7.759379711  
79.75627984  
3951.632537  
1293.759582  
3685.002159  
1270.686915  
2827.943655  
6658.759576  
5842.462532  
1687.879077  
286.3153109  
958.8521239  
533.5835117  
932.4338621  
2718.171369  
1903.15616  
110.2418057  
1062.888509  
3743.470259  
2514.463138  
2216.840393  
2682.275973  
5902.805678  
2157.64666  
1229.250431  
2026.288205  
772.1697381  
547.6490248  
1329.064704  
1531.621861  
374.3379009  
3143.226505  
1086.765087  
783.816008  
78.10088367  
3555.263432  
1208.131811  
38.93679869  
2600.103408  
1205.62938  
2289.607351  
1324.466874  
1634.859203  
2468.370375  
649.1873646  
832.9780329  
830.782288  
847.308117  
1127.09518  
392.8376385  
351.40766  
1668.564658  
1002.633271  
2572.465695  
820.4331072  
1818.530421  
426.2809643  
203.21327  
1108.125331  
344.2755368  
58.89674451  
278.0595685  
226.8011408  
111.6459893  
476.2228016  
1450.273205  
472.3247187  
1860.064666  
659.6071623  
2598.80909  
906.9157186  
1885.700989  
3968.429164  
706.1214994  
2373.732251  
180.2702138  
