202.5741744  
30.50542224  
553.4155804  
689.064367  
7459.402546  
7807.222213  
7987.940223  
4872.760315  
1160.81869  
4923.963842  
1013.045889  
27.41165678  
1318.566079  
380.8129216  
737.3074736  
1451.507132  
6701.273761  
55696.00477  
60333.21868  
3614.065391  
29969.09682  
13244.60454  
20774.35833  
1658.057672  
17677.04314  
14569.64992  
25136.13891  
12279.82067  
3004.714234  
31407.85305  
8389.415522  
20623.18547  
1194.684578  
4061.456727  
24810.32577  
5065.987666  
13639.83051  
6.660978977  
2360.592387  
14161.16933  
281.3776953  
1362.993191  
1202.098354  
283.1558206  
2394.570994  
8271.404204  
7380.506553  
3125.294427  
16769.63725  
1689.157158  
1166.875958  
373.2130154  
848.5121785  
3591.159082  
1610.911515  
3158.568009  
3963.545714  
8058.723256  
1672.31109  
6748.879166  
1184.981718  
890.4802519  
604.2646628  
974.5878917  
3121.050542  
13481.58257  
3411.407488  
395.782236  
3368.052757  
2617.320315  
1249.038968  
389.171956  
2531.52055  
682.829945  
2025.480628  
926.2290677  
2247.730632  
14637.39779  
2130.547252  
4999.813039  
2029.85145  
5962.888164  
21406.91789  
4081.05507  
203.0236136  
695.3107558  
10047.70742  
35.64253721  
8541.099166  
12068.20603  
1686.939605  
1544.523032  
8717.015656  
13563.47451  
681.1831725  
8145.79191  
2790.108409  
24174.28747  
3685.955039  
5755.574433  
3018.925895  
205.5845447  
538.518348  
442.8844322  
3091.241035  
601.4994208  
11951.30785  
5482.557799  
163.2726801  
3980.899407  
443.7867344  
2362.076066  
1706.113753  
3562.020576  
2568.029373  
9192.214238  
6273.443184  
238.3897342  
3199.21265  
1649.230749  
12185.34649  
13454.93009  
24641.58082  
10173.51909  
4127.693807  
8674.926592  
5655.759462  
12868.81746  
3242.826277  
9898.502943  
1677.704123  
2023.054245  
2658.199306  
111.5474626  
3103.842086  
782.9485581  
143.1297878  
8155.66575  
2972.37558  
6254.501142  
10628.171  
3651.886271  
4056.399028  
5588.83195  
6987.633386  
6489.896351  
1201.313944  
461.5307678  
645.2034784  
521.7856852  
279.9374883  
1080.901984  
365.549446  
1413.306283  
452.8334659  
1594.875907  
1224.621256  
397.4489612  
2098.817194  
63.38014423  
648.9095774  
1167.492307  
1765.739811  
690.4015266  
8.272613  
417.3391334  
327.8233952  
77.05894106  
197.3443371  
800.3854489  
45.76889941  
516.4819683  
285.2052087  
1745.193979  
476.1584729  
2074.669642  
152.6349202  
27.29712554  
812.7941407  
463.5455456  
37.45559009  
1130.112301  
87.98240645  
27.24195154  
243.5191866  
90.90347727  
918.0254072  
1580.481051  
560.9198278  
198.2006741  
2196.117546  
267.0874585  
730.3478313  
2054.827151  
549.4585634  
842.6546106  
325.630908  
198.5559606  
193.4678163  
867.2131701  
897.821305  
444.123657  
13.54424979  
382.7207843  
305.7788508  
69.90491386  
69.02645894  
56.39809625  
88.18261103  
582.4578208  
552.630675  
395.1214472  
1.729016198  
414.47191  
50.90310755  
24.93640915  
439.5761741  
573.2242333  
293.347026  
323.1547194  
626.1150475  
113.7399972  
582.2413986  
1117.638252  
85.69734779  
36.01067738  
177.0684848  
204.5946211  
492.4119663  
203.6332158  
163.7835901  
19.41503955  
1209.03899  
400.3873299  
346.3974771  
455.3168649  
565.6183563  
53.36802357  
157.2510325  
817.0983544  
16.67921403  
107.599493  
47.94982853  
97.24029195  
242.4079101  
7.171947546  
462.8122502  
337.0237678  
383.538984  
1039.540307  
1625.807302  
323.0226119  
0.3770165103  
400.9053156  
287.8230464  
305.6501024  
47.49426571  
1141.734539  
835.5765593  
370.3433846  
401.9786676  
461.9662893  
85.62106747  
87.22995936  
72.41066392  
3.206655792  
847.0590987  
173.2979231  
346.0520922  
41.72884001  
713.263171  
191.8495833  
42.08746503  
14.20931556  
204.9996672  
124.5634809  
70.19775076  
144.1991499  
97.30426628  
185.6396258  
137.6718779  
241.6313522  
191.7957897  
127.8589212  
431.6835589  
77.79675519  
296.5831416  
633.6975413  
96.09418071  
727.0197104  
161.1842894  
185.3687667  
63.40315537  
578.5318311  
140.3134615  
