23.7086546  
115.1645798  
327.6091849  
516.4376782  
0.8001575934  
344.1762262  
1407.857124  
3443.409779  
1113.350713  
2515.681781  
3374.783804  
63.60515285  
93.6462563  
3738.981464  
6959.67804  
1296.867947  
7058.258622  
7310.710237  
9969.378231  
7102.693583  
6583.261028  
825.5131592  
8358.982107  
8863.479762  
653.3521531  
4823.65667  
2567.210593  
629.5345066  
3565.631238  
241.4980946  
2560.618003  
19426.17935  
351.5336302  
458.9960663  
5618.42958  
2304.086641  
9012.663632  
2870.050796  
2600.070223  
4615.190765  
4916.265987  
5208.886047  
1539.483658  
623.7193465  
13690.47176  
5672.601276  
12073.53634  
2171.280111  
4749.353125  
3724.088087  
6982.726995  
669.211937  
305.9020897  
841.9179233  
3509.622388  
1365.191124  
3654.309865  
1342.501012  
540.4914065  
815.5259663  
3026.106612  
3296.765733  
3401.681012  
5106.611026  
4101.616465  
5180.835541  
3316.164064  
1738.332063  
505.5620499  
532.2952947  
330.964942  
683.1443519  
228.7031216  
2083.839329  
998.977503  
5210.819614  
3983.843437  
1549.771533  
2353.378668  
5939.969306  
770.0331295  
214.6966986  
250.4544984  
1002.353578  
134.1282442  
170.1361848  
1096.124515  
1943.001401  
73.90887535  
1820.211091  
391.1933702  
1576.565777  
571.5588979  
329.3865624  
2708.028614  
1052.372956  
263.1969177  
1114.230518  
1299.221536  
1390.610526  
781.3314732  
1470.094376  
329.8738202  
687.1228677  
1523.57392  
4.518393774  
1825.115466  
850.8933813  
1635.402379  
438.8068932  
1103.245693  
367.8485672  
945.1511409  
141.6146119  
1148.024869  
2004.446071  
20.28739077  
80.82222684  
317.586041  
10.65921559  
2680.681857  
184.6789312  
155.8406459  
890.4670551  
355.6714729  
2003.628721  
364.9179787  
1100.418193  
551.3170928  
1640.743423  
277.2975976  
539.7242533  
2195.399474  
136.8297941  
60.15604877  
413.9777402  
277.735624  
509.2214022  
1256.870549  
1986.808289  
1726.904514  
75.33102921  
1122.990015  
233.4872724  
386.5386067  
460.7623224  
534.6123281  
185.0634077  
827.0397638  
33.41464776  
114.893441  
173.205739  
195.0104998  
524.3592763  
2140.65432  
995.6574765  
853.5413694  
327.2508011  
1386.608634  
555.6757566  
52.00175903  
497.1187387  
1075.877792  
106.0016848  
685.1782652  
499.9676534  
89.67699814  
257.9032935  
133.1364483  
541.7128499  
405.2675494  
213.2859442  
1198.053663  
36.07862573  
20.4152693  
785.1669034  
44.62469433  
298.8521151  
21.22850861  
56.7216811  
69.7517148  
566.127259  
40.50030045  
29.65275936  
381.5609658  
304.0017059  
175.8626938  
1144.677394  
477.2152087  
171.2378979  
87.47969402  
138.7078666  
663.5674352  
551.1600162  
640.894662  
119.8682233  
1211.741432  
54.82648772  
375.5853841  
479.0574284  
693.965666  
261.7947325  
16.28842824  
108.2532698  
94.89002529  
372.7718602  
70.97379033  
137.7118408  
3.119929575  
562.0198248  
834.4901455  
31.904806  
118.0613479  
37.55215725  
265.9282719  
351.8285028  
160.6127252  
7.517215574  
82.19456659  
21.20117944  
1633.751556  
15.64409557  
676.0234727  
1834.718232  
391.6985451  
301.2428177  
23.99965726  
21.86303804  
215.1017303  
33.8800549  
220.1000464  
11.92529401  
1474.102871  
411.9012939  
158.5145271  
634.2747183  
118.918695  
307.9841544  
240.1234451  
1758.90591  
644.7494803  
138.3418199  
217.0141403  
8.885596028  
547.5405922  
15.47704781  
360.7192594  
137.2487501  
250.7239993  
902.9217923  
1321.884717  
248.2645619  
61.60490908  
17.89402217  
212.8541066  
256.307288  
612.8515768  
504.2652338  
644.2616092  
496.6428961  
4.650387741  
20.29630388  
80.17564121  
15.82740704  
204.9467558  
153.2464494  
308.9568523  
275.7855144  
33.83342729  
173.6355002  
536.7385333  
213.6691033  
380.3806247  
50.24945361  
136.259133  
118.5322093  
1.709294203  
65.81226  
81.30796041  
341.0879929  
106.9590846  
153.8803572  
279.521949  
112.4467755  
271.1738539  
13.98287503  
257.81576  
118.9459736  
45.52982481  
326.6556302  
312.6440605  
500.0868342  
91.20715669  
160.7078157  
70.15933555  
