256.0133016  
236.7499383  
685.69176  
181.2132411  
586.2212652  
1300.519263  
1225.582391  
278.5638117  
500.1639322  
2449.22016  
6066.530325  
3048.338087  
1371.320985  
12676.47071  
9250.779549  
1040.22994  
21247.8763  
19861.13731  
6573.091615  
3649.548107  
3922.820446  
9762.987785  
721.8722075  
4445.932187  
10549.48437  
13585.83581  
17717.21648  
12530.14654  
17140.59171  
22502.06611  
19079.12775  
14710.01028  
5374.975644  
13004.06866  
14809.59369  
80.65772511  
7624.810421  
1204.823619  
7150.568059  
6153.48232  
5305.037098  
7669.306613  
4042.014263  
3256.816092  
3761.642653  
4888.960284  
10683.59534  
208.0847583  
9034.901259  
1314.229859  
8997.781844  
927.5928535  
724.6012861  
52.5281251  
3281.984807  
1302.615958  
288.859399  
935.9837819  
466.618741  
653.6696954  
476.1196734  
4352.422704  
92.28840887  
3169.215258  
5521.684136  
460.9795863  
274.8191138  
2593.539934  
512.1469033  
1064.837208  
1485.670038  
1873.082613  
4447.767109  
0.5289815029  
5193.772738  
645.5403316  
2230.216518  
4180.111309  
231.8653421  
1698.141266  
600.9317138  
1058.790997  
480.6061569  
1015.448976  
784.5997768  
1611.813114  
1396.39393  
242.5504825  
4648.327497  
872.9802584  
462.0928005  
10.50921386  
1505.97723  
4578.667425  
4049.59394  
7641.072555  
13111.97631  
15066.23345  
11987.25325  
1968.654812  
2071.327891  
1742.59959  
3130.764165  
4927.388507  
1162.925744  
4238.109872  
2496.788788  
3320.649313  
20.31490748  
2132.677316  
2814.589116  
327.1674683  
4112.063869  
5111.629826  
3879.854033  
7835.666406  
2423.993398  
1999.853624  
4494.254879  
1808.504542  
3133.570048  
14596.38907  
4729.590048  
8613.646466  
4289.244384  
663.6109359  
7281.825913  
6040.734174  
4598.883376  
501.8161979  
1899.516583  
417.142903  
1272.730516  
132.2766885  
3140.406198  
1072.053329  
432.1559963  
938.255452  
249.2665895  
832.4334365  
583.432425  
1408.745423  
1524.817261  
1375.330254  
1543.197588  
994.3555886  
172.3856462  
519.8199583  
341.4193575  
437.0834148  
83.05200873  
113.5717485  
710.4637482  
402.3188  
842.4753012  
859.0199044  
123.2721625  
571.2855168  
1881.004384  
222.8041136  
37.35109009  
505.0595619  
215.426913  
953.7821914  
346.0049588  
119.0159363  
474.6959116  
46.40591803  
572.137138  
998.9768208  
165.7384692  
591.0253192  
574.3770789  
157.5487494  
462.7298805  
248.2151913  
114.8872155  
76.59318631  
229.1775968  
428.7304747  
1599.994249  
71.68507046  
94.67387853  
694.2967453  
556.2827462  
190.6474211  
95.80130134  
182.3697815  
266.3041395  
602.7346556  
86.81054845  
770.123598  
939.4385085  
785.362529  
6.828763742  
53.77397329  
613.0460479  
86.53607723  
508.2174953  
885.8528161  
355.9559184  
931.4486924  
42.50062675  
490.4006071  
588.8356601  
477.4344246  
635.9217956  
225.3987245  
526.4065933  
397.6686013  
188.3216809  
353.3783444  
116.0560701  
216.8162859  
68.38069086  
202.5447106  
108.0036881  
252.8012429  
38.96616842  
1299.981678  
682.5450634  
547.5158186  
454.217858  
749.292458  
126.4820362  
58.27898652  
426.3639565  
56.18401689  
281.0059611  
10.03910305  
268.4481192  
71.22961993  
44.76312918  
52.58852234  
224.1542663  
1094.273337  
8.612753992  
236.0639539  
59.15609803  
1237.147314  
98.36540057  
154.0440763  
940.420555  
518.0287675  
51.05417993  
220.5415275  
218.4282375  
337.4863414  
66.51814568  
462.661745  
196.9173548  
379.2743001  
36.54884551  
269.9794739  
24.35003334  
42.88635995  
523.3468886  
74.14068925  
769.9291618  
134.8365604  
9.99694057  
265.0610297  
2.145866356  
227.5272225  
22.93411543  
96.6691712  
126.612377  
301.5424617  
35.69098403  
276.8425861  
112.7850134  
264.0758826  
90.96392717  
389.2186613  
523.1631512  
346.8654076  
28.95955781  
253.38691  
179.583869  
132.4426768  
20.65653066  
491.3991529  
46.84299031  
88.13536565  
45.30136354  
156.9124303  
220.9319029  
185.824226  
52.54045497  
337.5723239  
229.1168248  
444.1993612  
560.8478758  
163.3744438  
5.365143735  
