125.0210074  
110.4751632  
323.2988456  
263.6277086  
1077.452802  
387.6786504  
225.6659184  
302.5226245  
2287.095923  
2382.839457  
3650.096383  
4849.480163  
2526.068928  
1072.698091  
402.3248122  
4845.463876  
3843.534458  
2683.555015  
13272.32565  
4022.909161  
10573.64098  
4437.875482  
3194.029721  
6040.015143  
4203.788671  
15946.95963  
1055.679  
773.3290178  
5075.964685  
4638.038167  
1150.549987  
13763.98335  
5524.525974  
1418.861669  
8486.265749  
6897.81869  
1175.7521  
900.7861606  
4797.76095  
5918.583571  
12099.20128  
9235.735095  
3097.975537  
8813.111731  
7477.102132  
1074.051936  
4968.266046  
4823.031966  
479.2630598  
1894.766657  
1054.179317  
2529.634373  
357.7262751  
937.9908559  
3788.811513  
2103.581258  
5643.683075  
4548.594407  
5216.999855  
1404.440361  
652.6049775  
4164.457399  
8267.474472  
720.2587145  
3177.347567  
8466.301812  
2107.187846  
1713.021457  
371.2394783  
1595.62282  
3078.047034  
587.8404454  
1628.588199  
1254.738631  
1713.792889  
990.8763669  
2382.807398  
2840.18455  
4162.674018  
6324.136678  
1716.977124  
1814.90205  
1021.086673  
1445.812416  
99.35792738  
1084.036777  
1729.195553  
1696.845064  
703.0282204  
1496.652821  
368.7134585  
2158.37267  
1228.526657  
2897.034731  
4429.473475  
5859.775297  
3713.216907  
5353.167387  
156.3172373  
709.4240525  
350.4736012  
519.5096203  
959.1582586  
135.3296857  
282.5341987  
3848.793698  
1823.116904  
5485.554516  
2824.817022  
834.1540312  
656.799962  
3.345908396  
1054.275101  
556.0292146  
308.3422074  
1988.152506  
1054.934293  
366.5960908  
1663.382627  
203.1499868  
1898.722022  
2967.168582  
1773.723336  
1048.923713  
993.2885322  
354.3227308  
896.603536  
2182.956328  
99.84908271  
2230.059072  
1694.904177  
826.6951001  
1244.918543  
331.4303864  
338.6286307  
856.9173638  
562.1564107  
1205.48751  
59.62140978  
1176.358486  
656.9399914  
46.48813586  
927.7225435  
773.6780329  
338.970427  
580.0321189  
12.31925453  
283.1038201  
569.3400341  
422.0362531  
203.1535343  
58.31188874  
415.9557663  
198.2851939  
36.56930907  
201.4094874  
127.7853276  
384.0123695  
617.4546629  
112.6518498  
6.191962129  
194.0784225  
749.7332768  
1197.596125  
533.5732418  
1384.448351  
655.2226233  
59.54237007  
389.9845413  
271.3163899  
102.5907788  
494.9129274  
658.6819622  
261.0766047  
350.3814768  
60.70090026  
114.5564583  
544.5862136  
22.38713319  
32.48398997  
294.4086532  
156.3702952  
417.4935491  
239.369245  
234.9388047  
306.8854069  
71.03126512  
328.8990054  
432.7448674  
3.234553783  
17.31259531  
390.8424993  
239.3254211  
519.8486387  
322.4280306  
79.98214037  
581.1465939  
139.0835164  
66.01123271  
233.7127825  
29.86247934  
337.0639503  
219.2709032  
1.102158715  
232.6509201  
133.9580261  
194.8476548  
89.54942536  
143.3764544  
685.1927396  
206.5880308  
381.4247369  
33.93374901  
71.70845577  
74.42030299  
157.6744984  
60.6757982  
12.47850836  
283.6422839  
917.0865548  
170.8551049  
63.03738013  
73.88902289  
127.7951398  
129.5208384  
19.36708473  
5.771927118  
5.318134502  
14.65693825  
11.57969923  
47.94666876  
230.9119223  
75.82659866  
22.90015477  
103.8435312  
84.84110477  
141.0851425  
217.9328594  
287.7289693  
101.3212831  
518.0005021  
120.1671687  
231.6957129  
167.1524399  
40.21933249  
41.05689783  
3.256935524  
74.84743558  
15.94496016  
10.83957749  
52.65778859  
249.1624904  
91.93272376  
4.808277528  
20.21187257  
130.4143797  
281.0166876  
127.6576825  
159.1895214  
172.3510972  
39.64409501  
75.02401654  
31.53923306  
208.2567984  
37.25161101  
174.4147283  
22.29877831  
19.50304191  
119.5998887  
45.18449007  
284.7492276  
86.97133821  
33.40471295  
187.9205555  
45.57882557  
128.7892545  
90.91135063  
53.92933718  
29.42663277  
3.002128591  
57.34246785  
17.91338121  
106.2358297  
6.308751037  
16.57456192  
6.090640732  
4.871690723  
140.2686542  
36.39745878  
87.36315177  
20.79890879  
54.42684378  
14.6595251  
98.56597684  
114.1336201  
