65.74379029  
151.4197598  
304.4073333  
219.7941057  
214.280648  
1205.278074  
3140.390743  
294.0753372  
1609.490866  
1067.519464  
1415.728803  
688.1486641  
1108.275282  
296.4956141  
317.9158526  
3919.295855  
898.5577919  
3432.84399  
7497.82058  
1670.68508  
1678.792412  
2246.688537  
634.9880654  
791.3437976  
158.5930993  
1211.250433  
6148.794559  
3734.668864  
3366.178494  
844.301099  
255.5080832  
3194.443612  
611.1403339  
153.1588731  
2900.316095  
69.55460706  
596.7774413  
635.5561735  
5.603416068  
2081.470602  
134.3490152  
2761.238646  
4767.65082  
623.9572484  
118.021012  
150.8855427  
334.9890151  
298.969687  
1885.505104  
523.7196902  
732.1449449  
700.883565  
784.4639639  
271.3401105  
26.25757546  
2710.227618  
1130.44978  
1032.103169  
1167.527111  
1523.894317  
242.0151183  
1339.497328  
277.9939422  
778.5421257  
4074.580682  
6926.357054  
1915.417719  
350.9828088  
2204.011152  
1510.517067  
1170.604321  
633.4907386  
3172.856575  
995.8007569  
1768.494188  
973.6505243  
911.7593193  
658.4822378  
1072.366017  
509.2332117  
4932.295083  
2965.740344  
1174.314584  
2598.385447  
2036.257568  
1294.102457  
883.4783772  
304.4441283  
1302.025127  
4011.279025  
27.41034928  
450.2210357  
337.8310631  
612.4774425  
3684.92826  
5691.496325  
4547.614706  
3083.034404  
3215.619056  
40.68767553  
414.6402512  
1031.103554  
310.6409201  
1482.632981  
323.0578571  
940.3792561  
1823.523914  
1049.66028  
880.3254203  
1823.693513  
2163.801294  
565.0114203  
1727.529586  
1381.898652  
2459.13359  
2038.311659  
1510.775772  
385.2001841  
1478.482691  
2313.186793  
3376.570453  
7322.746675  
3262.838287  
5045.472429  
2872.049784  
915.6576178  
4027.788537  
4179.408472  
1373.174931  
130.5967766  
1131.939467  
22.95103625  
489.6142471  
1068.104028  
922.5403687  
946.2305112  
787.8583918  
3744.424683  
126.7487819  
362.1273742  
327.2908965  
988.8756396  
749.9290114  
191.3505834  
349.6894908  
3293.369148  
44.2662917  
269.8862858  
104.3266291  
363.5421137  
501.8560062  
170.9816531  
1290.970653  
233.3028933  
9.080393004  
236.3209712  
158.8333691  
452.4855839  
730.583555  
479.7464034  
125.5166858  
45.70659628  
2210.281279  
209.9289284  
91.50579664  
1345.984172  
331.6876811  
516.3909546  
265.9067833  
623.9335373  
990.3660365  
747.9582833  
328.422532  
71.83865209  
74.62437229  
598.6922344  
129.6986175  
377.9825173  
120.9954425  
20.23023453  
959.5360063  
378.7420183  
993.2891891  
172.3452583  
109.1459763  
568.621856  
710.9687317  
504.1942011  
353.7381937  
574.7789818  
394.5466719  
1655.266768  
359.483879  
1010.497231  
1468.107832  
402.2884192  
129.8710902  
185.3554571  
433.1108146  
1538.875326  
219.0563484  
587.140179  
208.3019264  
603.8562791  
1342.436924  
409.2713173  
208.0664178  
181.1305897  
1192.872117  
106.9231159  
1881.900219  
1038.540957  
1679.151355  
105.1070014  
536.8335548  
19.133051  
474.7494988  
310.5745828  
259.3291625  
227.8540578  
999.1819959  
1319.979629  
234.0826143  
1028.85938  
503.9371141  
566.7758579  
1624.491463  
2122.503898  
962.2800661  
475.0052196  
307.7823879  
61.83969229  
449.1163272  
218.0845106  
354.2504429  
1.054630982  
55.33670162  
346.8556577  
97.04266458  
8.766198872  
164.7651241  
544.2259038  
311.0681287  
283.9439979  
87.02623992  
94.32300162  
33.98688899  
524.4971817  
629.7130466  
511.660433  
1816.103594  
196.7923621  
134.8412442  
969.3609419  
259.581057  
556.2335263  
229.1287266  
666.7342395  
99.20145794  
444.4946464  
881.8793907  
1115.504725  
165.1608846  
574.9039566  
75.80972173  
263.1286241  
627.4080064  
35.09343677  
180.8312083  
92.75692905  
389.2034614  
455.365645  
309.4965651  
33.44855466  
1460.630111  
219.4150307  
441.6182742  
448.9950323  
132.9534939  
63.81614445  
231.6332727  
141.1041949  
12.17115932  
158.0246483  
512.6759445  
2.142580168  
48.19308402  
814.6146575  
688.7546276  
378.3460033  
380.6664151  
341.5056798  
164.5612141  
242.1865332  
267.2683645  
