331.7881297  
165.200022  
996.7154609  
660.2571495  
1330.936553  
313.9425079  
2232.703839  
544.3415503  
1384.31132  
2895.913054  
6620.235474  
2571.030822  
8817.37744  
881.0261185  
2582.573502  
503.22309  
2112.465195  
6361.275498  
14216.34031  
2646.817898  
100.0552685  
7649.708164  
3944.600353  
2276.341149  
683.546048  
3131.842657  
11874.93847  
10696.27989  
4325.742486  
973.8805192  
1322.037481  
1536.273219  
921.7137331  
592.6564438  
570.9656912  
1115.239357  
4853.590562  
2410.999141  
915.469755  
3529.671845  
894.5387077  
2506.61084  
3389.797548  
1358.833315  
2248.748503  
1208.553574  
4321.661939  
1225.143813  
9115.842978  
270.3017586  
1100.283198  
1964.836683  
937.5012581  
79.47058671  
631.3112534  
334.4592555  
1551.514083  
66.48319251  
3639.523855  
807.4839664  
2799.931855  
1454.726698  
2111.053939  
2220.010825  
451.6697011  
185.9115859  
1933.815267  
306.3782795  
884.1272337  
2270.86686  
658.696255  
4853.483181  
5844.232636  
498.7326667  
3808.153623  
2882.721706  
2954.766888  
76.34954676  
2878.404913  
3285.153836  
962.9109441  
1310.61455  
5521.532869  
2358.467528  
1905.219106  
940.5568499  
1066.735336  
1726.56524  
1548.076531  
7790.106105  
1480.826598  
7899.935374  
3297.31119  
5445.766758  
7088.039781  
9791.179415  
15355.9917  
42784.86741  
22454.47135  
678.2616166  
6324.897272  
4300.915617  
2264.774093  
5728.564929  
219.0903929  
7558.278938  
19437.34072  
8692.25771  
2619.165027  
5375.19982  
13424.40324  
1609.930011  
6346.882046  
1194.803914  
12358.28035  
18605.13453  
7493.154999  
25.19702313  
12218.74787  
5338.389733  
18760.93735  
35436.98823  
24068.6652  
7201.092127  
10936.3544  
5351.743413  
32510.56281  
19762.14078  
10839.47295  
450.0554567  
4414.967907  
3336.562748  
7700.682837  
1225.650954  
4255.284824  
346.2791869  
3062.579639  
6191.742442  
42.89064905  
4833.090401  
4957.619979  
9454.935181  
320.8947463  
3193.361772  
8440.74428  
1701.590024  
1830.079093  
2295.752027  
3076.188473  
687.745037  
533.5886386  
58.75512041  
141.9252138  
796.4831487  
998.123926  
572.0738931  
560.0953328  
4162.419758  
1404.284247  
502.7873083  
653.0865456  
718.9011845  
828.7142389  
31.13710836  
32.99297594  
1576.09241  
1575.910757  
771.104303  
456.7553382  
640.1453136  
259.7641497  
229.1748509  
521.6788232  
4.755995743  
731.216044  
2164.106586  
421.5944755  
9.31159916  
739.6749945  
17.45366754  
842.8566959  
335.9305022  
1624.282672  
489.288612  
1511.18529  
482.0711242  
1606.607019  
1234.687091  
76.87671752  
228.5008416  
202.8132591  
561.9440267  
152.652644  
937.1966335  
767.7202254  
165.8087588  
48.79354594  
666.5427764  
394.4019368  
985.2751006  
356.2141649  
692.453013  
194.0169179  
1173.824937  
169.4677235  
305.7627482  
22.70202644  
291.413247  
421.5263541  
480.2982164  
1019.76254  
84.32390011  
41.05543173  
38.37013207  
1133.740085  
408.8509546  
8.561155027  
367.6157598  
143.9997882  
47.77922379  
73.95597079  
39.72672848  
491.1978887  
1386.333262  
87.10763252  
204.8702045  
260.5078938  
815.8328724  
189.6834269  
301.9342343  
591.0550368  
58.71364952  
641.8157942  
179.422053  
175.3954007  
34.84655923  
875.5731195  
83.71898641  
779.9415139  
1578.087487  
176.7264173  
355.7369334  
857.4818051  
293.6274098  
49.06334696  
67.54216436  
380.5719333  
241.5060078  
589.823028  
1038.32215  
2776.411429  
1002.069544  
132.5953448  
22.49668225  
250.7028663  
170.9585518  
510.9808971  
243.5179911  
131.2853789  
247.3515977  
650.6628364  
308.5040937  
4.100635015  
6.864469775  
148.9807721  
367.3091492  
163.0343265  
866.7141964  
439.6558324  
457.7436723  
66.41658773  
30.88215076  
362.8621675  
143.0522369  
210.3474674  
512.8888306  
96.60973473  
111.8426217  
311.4691341  
123.5248478  
433.2188762  
744.3912953  
1049.511038  
96.38979594  
88.30827226  
200.9969125  
187.0509818  
711.2503836  
362.5550296  
324.7696995  
1590.85073  
564.1609424  
372.9058699  
458.0543135  
8.215313342  
