93.12692335  
364.7131407  
941.4766562  
1116.075063  
591.1871668  
279.2020346  
803.7541096  
645.2313875  
2857.520629  
1440.55732  
1679.561219  
1251.380384  
2420.327589  
4210.700601  
3329.427169  
6984.669011  
1744.525505  
7118.58368  
2951.641025  
10041.61349  
389.0891619  
9265.451933  
4978.376499  
1740.580001  
5965.694185  
2736.6968  
9719.16929  
1894.096406  
9799.27291  
13434.68346  
724.680956  
6623.307539  
1464.036015  
5717.57465  
10598.59278  
568.0443532  
20845.14098  
11965.11465  
2190.575659  
5146.712536  
16333.8629  
4573.096711  
1192.828494  
16008.7894  
970.4171327  
5799.901295  
2933.924806  
4287.956856  
12497.6809  
2153.499617  
1161.16157  
3550.138089  
3376.051043  
3522.418875  
2927.716142  
738.3956331  
2042.769984  
201.63236  
1373.905317  
3420.609405  
1877.219043  
610.0550966  
883.3074459  
4375.684976  
268.4967065  
1013.009951  
1869.766836  
542.8375079  
1961.760681  
649.2777676  
481.653498  
883.011872  
1641.697349  
38.78987138  
304.329803  
234.4025538  
74.91725739  
1037.491698  
1407.300841  
399.6866234  
685.9944423  
2364.063692  
1547.858484  
514.0202802  
1441.892118  
300.4185983  
470.6699346  
1039.032709  
168.6987794  
879.1727601  
7.028650919  
668.4612139  
459.8188277  
1658.452294  
507.1040858  
2414.690106  
117.0586636  
1448.490827  
399.5789238  
397.4757076  
1205.195175  
920.7174716  
384.3875587  
198.6685647  
581.7223869  
98.80408063  
342.2573668  
2511.627608  
1867.362706  
440.4700689  
850.9446594  
286.6825975  
728.3429474  
1005.572109  
469.6803847  
13.92617849  
534.7465613  
38.0905876  
963.2166556  
639.2469442  
1370.750574  
1382.443406  
650.7006394  
467.5903433  
1253.279897  
255.4237693  
1572.878606  
1552.655966  
327.6356823  
600.939098  
626.9836911  
836.4770226  
228.5203292  
22.20399044  
31.30807762  
40.34317095  
925.5477795  
452.7409093  
104.644114  
604.203366  
1323.889971  
908.3380261  
609.714616  
280.820685  
1178.105672  
658.1505416  
182.3151138  
306.7387954  
139.6323211  
58.81200809  
212.9409084  
133.129709  
204.8536731  
107.5371095  
4.008433752  
97.31997916  
518.8495214  
12.5972846  
33.20438741  
106.2608201  
85.37507479  
187.139358  
456.4515544  
187.3892278  
203.5936866  
176.9516204  
114.6155477  
48.41858705  
10.09649087  
2.011425143  
74.16930577  
41.55264331  
62.70723996  
10.12804649  
347.4075782  
6.382683041  
19.78649663  
75.41196893  
92.80358258  
176.061761  
225.663389  
74.47273681  
160.1320949  
28.21020941  
199.1020759  
263.2443912  
118.3494775  
43.32081589  
13.99987123  
226.3032057  
117.8143001  
59.23865404  
177.3524518  
56.97745244  
304.8977851  
26.03340166  
54.45566652  
163.5259752  
29.85781106  
24.6971996  
105.46163  
6.057012663  
212.5985767  
31.68399275  
192.6035985  
173.0662935  
23.68660359  
85.34339987  
29.53280913  
117.3937254  
157.42195  
192.3478881  
21.52408913  
15.88626807  
24.78699089  
76.97961496  
0.6288177698  
114.3100805  
67.07610513  
184.4550204  
126.2472408  
188.2908867  
54.8194988  
199.56396  
75.88848912  
51.43704578  
17.47242573  
15.39064239  
33.85089891  
84.30173092  
92.09871147  
66.89473624  
62.78122458  
186.7296937  
170.9036599  
28.12830748  
39.53764688  
86.36302299  
0.8769566393  
157.4771716  
326.0758881  
161.9295908  
151.9742675  
140.7022055  
1.429588616  
177.0315584  
89.94514951  
208.9433264  
6.348009719  
10.58839114  
81.23473986  
27.51680514  
65.99989532  
89.25543297  
2.714869576  
43.35755661  
5.17918344  
7.646397875  
6.568548076  
226.8583686  
219.2696215  
47.20758691  
17.35008073  
114.8905318  
3.273995174  
184.4657887  
57.30021662  
128.3443989  
5.038979967  
182.2093003  
28.00179696  
140.0385533  
3.528603989  
178.2958489  
6.96801286  
26.83611994  
31.18906906  
45.23026399  
2.552891604  
12.20093439  
129.0538266  
145.9878568  
205.6832546  
15.28745926  
182.1830108  
26.20344873  
112.4220911  
37.51275635  
39.54083563  
54.75841706  
23.10170436  
108.1708147  
18.23297208  
1.341769154  
41.2274631  
