271.0247598  
308.8190114  
668.2921908  
342.7455958  
449.7843091  
166.2417998  
1921.298214  
798.5383181  
1329.259243  
92.3567023  
30.53281575  
688.4149898  
2117.334608  
443.9820207  
121.1203763  
2563.1899  
1204.949529  
47.0498109  
796.2165048  
554.0876318  
334.2603603  
252.011787  
1122.080753  
1195.662726  
297.0834246  
110.4148396  
690.8100447  
1261.612951  
518.7324306  
1760.237923  
1479.831289  
633.2511526  
391.9850971  
6266.711645  
323.1678223  
1214.666916  
729.8733809  
2708.775206  
6787.598114  
321.6566054  
850.3730256  
242.4532204  
2444.988549  
1879.453968  
2651.181446  
696.8300466  
819.6267031  
216.9300995  
9.795571651  
3016.293199  
5245.92711  
83.14713896  
671.2039173  
612.5270141  
1408.297724  
393.2222219  
1511.756687  
158.1452376  
780.0443029  
349.0435019  
2144.639023  
3118.828786  
297.5662166  
2398.775367  
144.3518231  
1318.372527  
3010.224806  
126.0207603  
608.9803478  
1687.901842  
506.1779068  
3256.561415  
1652.720239  
1549.532149  
7298.907766  
2961.348257  
10823.01626  
4695.105148  
4221.50393  
2985.277457  
3392.099296  
3607.595116  
5372.973516  
2073.914139  
324.6374575  
4339.301637  
5405.025521  
197.7057039  
11984.69607  
20037.88206  
10411.34494  
5764.335456  
14666.86489  
9301.856333  
16833.87693  
26204.39203  
41963.1061  
94332.2344  
40260.23656  
3202.54906  
19201.79896  
10390.17563  
1305.785887  
25209.96719  
717.2399817  
29595.12934  
54292.25009  
11081.95001  
2270.522549  
16068.11651  
29543.94934  
3302.813341  
18215.69079  
14726.25126  
30707.38912  
27203.9235  
23240.76333  
2554.50891  
25760.18007  
12334.54033  
34334.0988  
99146.64822  
47672.22362  
20162.9332  
42603.70153  
3685.866057  
57058.67072  
34774.53005  
30206.36733  
10053.18101  
12420.96593  
4807.373124  
13765.87339  
1254.023761  
20160.97823  
1452.760656  
6620.528664  
23192.67004  
1710.494863  
5487.178491  
20581.03707  
19760.84022  
1790.780998  
6325.958753  
12960.2243  
5125.584252  
1163.950495  
379.8060196  
4425.07818  
573.968049  
21.57921264  
2318.871267  
1837.105777  
86.22829513  
244.5103602  
518.0397391  
1252.606774  
9569.751963  
3894.843358  
2551.589812  
782.6095038  
1021.789315  
3741.866156  
1125.276482  
247.481746  
879.6950643  
1740.399255  
1451.68406  
8.127762396  
2328.711975  
799.9235966  
32.70984111  
497.2914557  
273.0272937  
1432.281504  
123.5204369  
971.2288701  
799.48792  
207.0814922  
357.4044053  
845.8656558  
119.7975714  
391.5278989  
128.2364904  
728.7467753  
143.065481  
3272.080751  
38.04986702  
465.2443942  
163.958985  
1432.574044  
188.6558738  
89.3369056  
563.7181234  
1442.909989  
251.6972411  
97.55349104  
222.0239131  
167.0135141  
1169.850382  
2609.093314  
978.604984  
997.4252249  
149.2967076  
2090.598608  
90.69703395  
459.3520979  
478.4507725  
114.1463908  
1542.413988  
325.1993698  
1022.169422  
690.9978972  
445.1518667  
19.3251153  
157.986668  
793.5694089  
663.5021017  
522.0804355  
16.16792773  
26.66694874  
326.6095061  
597.5859761  
793.3062061  
1178.269685  
253.0221609  
508.5963811  
1863.471461  
1178.489399  
295.5588781  
2163.694626  
61.63093699  
807.8461676  
510.2109462  
1018.69153  
2684.455689  
170.002821  
1298.914935  
415.2164992  
762.1893183  
1212.476317  
2565.649517  
657.0047706  
1278.676823  
1582.41829  
260.4893455  
366.0380328  
648.9749216  
267.7291421  
484.608243  
522.3836893  
9.936417826  
137.021365  
95.69577923  
1019.794943  
79.03783497  
1348.655658  
1429.611722  
451.7314793  
1787.667915  
161.6133617  
1394.947168  
577.8813461  
665.1859375  
27.89921124  
386.3885469  
1185.340368  
800.3401089  
89.4637839  
884.6411314  
7.399304772  
2161.701515  
555.2012418  
272.4559647  
819.4290844  
1763.935696  
166.4744229  
68.77604345  
555.5335236  
182.288393  
256.9298935  
192.0515219  
389.9920113  
276.1190328  
378.7949744  
1583.746442  
2128.550066  
61.70286191  
520.0421125  
664.7022237  
108.499333  
1472.082846  
241.2822432  
437.8213809  
171.8159696  
