101.9581763  
322.7187587  
1198.201391  
497.8688115  
474.3672772  
1373.566224  
493.9290105  
3882.45203  
3299.59655  
3089.028422  
4299.114012  
4055.308022  
1141.068945  
5584.665346  
9031.967617  
491.0046155  
2052.791767  
724.5396141  
4083.825373  
10918.59323  
3591.380291  
4731.214371  
1286.255072  
4328.827245  
387.6119801  
118.4611944  
1822.018293  
3043.410525  
15196.78481  
30236.62246  
7523.187274  
1292.846706  
568.2462416  
364.3980281  
12021.54305  
1066.502083  
2036.260621  
2030.599918  
2480.194432  
3423.084062  
3468.491604  
6782.22091  
8540.117667  
7545.860157  
2245.095567  
1964.171539  
733.8297752  
548.9335676  
3741.087008  
669.28848  
6263.723724  
241.9681303  
1675.710266  
3118.457801  
1096.626503  
124.5637163  
2562.494312  
149.7214558  
125.3289295  
3034.281022  
1384.48181  
1175.379235  
2583.866263  
723.1887983  
808.2171218  
938.3376704  
1548.480202  
240.6896042  
185.3220245  
779.1839147  
6525.921513  
1940.078072  
345.6827912  
1318.487916  
66.91011871  
112.5007886  
2610.584471  
74.52408536  
2604.90683  
1624.750433  
1447.907685  
388.5848872  
436.1991141  
862.9452489  
43.84926079  
1420.473771  
2618.012298  
91.27887791  
1129.072569  
1366.798731  
128.4901207  
145.4274743  
1407.291294  
141.2718029  
2269.57563  
7768.752014  
6542.551931  
11274.30045  
3003.561937  
305.342994  
591.6605399  
1881.780991  
377.0907327  
3008.606668  
76.71323545  
3063.579288  
10453.42392  
882.8202463  
1184.863757  
307.6993768  
1026.883983  
440.3888582  
2455.342523  
204.2095521  
2566.442451  
4626.42702  
2798.741989  
1551.329913  
785.3784174  
2285.533576  
4706.329095  
8172.401197  
4608.251748  
1679.262895  
3090.102588  
2752.64712  
7614.624875  
3851.829167  
3062.213119  
886.0487159  
964.985478  
182.2763828  
2045.563121  
497.2365002  
2309.214916  
174.3170328  
1044.80083  
3258.178828  
240.9374027  
576.8416616  
1597.604185  
2494.592242  
401.9536951  
223.4340238  
1489.599361  
188.3398722  
201.50547  
437.8894037  
709.6543278  
372.8296282  
317.1202143  
414.1914204  
12.30201169  
64.29749745  
176.1303274  
48.47415988  
272.3743075  
315.6131186  
323.0278311  
67.35655489  
139.8542687  
424.2390389  
806.9291575  
707.8848906  
280.4175088  
187.6853234  
324.8463763  
697.6303588  
151.7953225  
15.34384672  
164.0178368  
520.6423833  
261.125878  
9.70630044  
209.0898652  
73.06650402  
329.995139  
291.0394282  
99.73893749  
139.6199519  
1.91003535  
11.02496455  
9.159174374  
98.33109511  
207.796745  
652.562564  
146.5151739  
80.10348638  
416.5499264  
230.7377951  
385.3849791  
24.78139221  
20.55990099  
83.18119959  
589.2444726  
150.4154309  
272.3689463  
51.50005529  
435.4485408  
246.4110161  
181.3611728  
498.6675775  
63.30856449  
155.3209624  
243.5211498  
103.5526969  
162.7550072  
111.3313558  
116.6680994  
185.4808995  
431.4092743  
39.27754212  
387.2745184  
4.812463772  
173.6627631  
100.0485495  
120.1915273  
175.9181319  
33.8406766  
178.9778971  
708.5291018  
470.0812541  
377.1199575  
35.68249239  
10.11098596  
73.71810228  
704.2237369  
242.189781  
278.8974113  
34.37863081  
52.31922159  
598.0619834  
39.55021244  
24.47936712  
78.33043529  
701.7408433  
146.7233715  
220.5347303  
37.30111432  
389.5949312  
11.7168396  
177.2158618  
399.5265109  
104.9297745  
101.6913104  
192.9710289  
208.5439273  
36.26053072  
185.7861399  
68.05375919  
57.95844854  
107.891764  
66.44764219  
353.6709357  
55.10548785  
23.34775629  
34.3481772  
62.32598952  
2.289962597  
180.2302266  
152.0864456  
383.159998  
21.19583821  
35.91496676  
242.0000797  
19.61794678  
302.5670702  
63.01743192  
5.277912489  
45.04846999  
230.15655  
131.4679165  
123.3147748  
170.2255163  
473.20945  
179.9050759  
164.7627195  
7.700030282  
58.05847143  
42.33977422  
70.99559246  
58.0593278  
30.75087749  
172.3789852  
215.6770383  
10.05725176  
34.21044611  
190.7859613  
16.24347408  
196.5360328  
40.80522044  
130.9113599  
221.4882448  
149.3996918  
2.99753719  
