29.59283888  
238.5877502  
65.62709006  
79.24399912  
230.2741272  
460.5575701  
271.617824  
365.2541573  
62.54953143  
131.8882196  
284.017718  
482.6191269  
373.0901414  
549.0734856  
460.7173188  
883.1009106  
314.2059809  
1430.926073  
1363.374465  
423.6912276  
1739.971342  
155.86616  
932.5380808  
3396.167378  
834.3120608  
97.05072972  
968.5170259  
1338.767931  
677.4653642  
119.8726827  
1557.483439  
468.3232584  
1396.725627  
75.47070466  
35.14823243  
469.2605238  
834.4514737  
1078.834897  
582.3936586  
82.24365834  
247.08235  
260.3487559  
2111.94837  
443.0114086  
702.3379662  
25.53934286  
1607.986414  
70.26155751  
1367.459273  
1593.918293  
761.0909226  
863.8950247  
2069.612196  
1189.022635  
79.20277039  
109.2584686  
725.8795917  
262.1690211  
608.317716  
144.0964737  
410.2045326  
147.1865761  
1203.175825  
96.53627079  
616.7365389  
1639.749269  
2415.542647  
78.54832277  
27.82351656  
99.69838169  
110.2764788  
618.5283022  
318.2789689  
1389.114981  
399.653029  
683.5390366  
510.1524556  
857.4396328  
817.5088113  
2614.220353  
433.5634406  
90.1221756  
9640.843989  
2170.962662  
309.3275353  
248.0673687  
228.848016  
34.31611251  
9.990913823  
1140.260707  
226.0493092  
863.1988971  
182.3543086  
310.1481437  
621.6551958  
268.4441969  
136.9016318  
571.0242331  
1551.645016  
166.3860208  
134.22764  
1501.907987  
786.2123432  
141.2193177  
696.5444527  
356.9161026  
492.7625162  
1007.882653  
637.2704227  
851.6432995  
422.8074645  
1546.271731  
1886.030521  
1101.6581  
286.3848961  
189.6715459  
313.7760402  
291.9594799  
699.6132725  
92.1170642  
639.8838675  
356.7607299  
1471.443367  
751.6015347  
329.9270845  
618.6354909  
756.3241546  
313.9714435  
115.3793618  
77.18043222  
472.6214832  
1672.852592  
175.4284238  
712.1699522  
824.9034845  
506.3049947  
277.3548108  
1173.998566  
1029.331638  
312.5212222  
336.7326138  
138.4902085  
536.8821726  
475.6199624  
370.046669  
94.75927754  
649.5075891  
269.1765913  
119.9636793  
214.1709076  
261.3362402  
495.014235  
48.73879321  
97.31391441  
20.29239103  
42.73288823  
226.0943152  
929.1658632  
1660.279378  
107.617619  
126.0329128  
62.10960976  
475.0372403  
202.6012023  
512.1784736  
215.7178632  
16.00421256  
362.6736507  
517.859015  
130.9595856  
18.7035306  
16.33438712  
420.8619012  
256.7262788  
1287.324507  
101.1423134  
11.09513485  
362.2479004  
75.61309364  
0.6748205079  
253.759775  
22.79886808  
14.66954792  
1209.105127  
996.979848  
25.34043252  
297.1785739  
405.3896805  
343.6726222  
87.93398096  
774.093915  
158.4315559  
250.8539596  
222.9300238  
544.9022271  
352.2101847  
58.6780607  
332.6115842  
148.4415801  
95.38722434  
433.9916052  
89.96017705  
171.5633094  
71.0827116  
267.9951563  
423.3548837  
8.795033785  
104.8686656  
524.1847696  
849.7651667  
86.75297363  
52.36497613  
35.65659061  
54.31991761  
155.1963844  
9.484030722  
123.5639137  
36.53195297  
146.1776394  
144.8217026  
73.48358742  
125.0568973  
101.5998801  
275.3642411  
536.9264237  
472.9436308  
295.3862733  
630.6402946  
534.0317546  
7.74291938  
414.735239  
35.33681053  
21.57037014  
221.4562998  
196.8308651  
155.2957315  
264.7126455  
54.12816985  
514.7957682  
254.8122138  
204.5575658  
243.8896339  
678.3304126  
804.0451739  
136.3578517  
124.3782583  
50.17510819  
368.4522335  
267.9729611  
53.87866672  
580.4706721  
323.2722694  
33.16622283  
265.2899173  
23.3301013  
205.7605168  
52.56277831  
118.1719634  
205.2078696  
82.71801209  
182.8519976  
163.184992  
89.26038297  
21.51839594  
222.5319496  
89.02047379  
193.8145806  
150.4373381  
112.8563468  
109.0958422  
9.601714466  
26.59889443  
24.75371024  
257.558698  
68.72875132  
246.8531811  
223.3159996  
120.9570876  
74.97870218  
128.1003387  
366.4995969  
208.2830637  
14.63451151  
170.0600538  
160.0161833  
212.3856371  
144.9493485  
20.48217546  
188.202594  
0.5314494949  
25.72213572  
24.18513474  
27.22743637  
10.60392672  
191.4581635  
