195.7711774  
114.5071475  
253.5923885  
59.85600347  
237.9690219  
1693.849361  
4710.135018  
478.1646632  
1921.01943  
3481.548813  
5814.733811  
4427.284956  
1539.070054  
3834.331165  
124.4290973  
2522.870979  
19458.7408  
17992.01959  
5492.506864  
1021.976091  
137.9674131  
10304.62652  
3406.861233  
6469.386246  
7243.299448  
3947.534371  
3137.741793  
6120.136105  
22602.14834  
49506.95733  
15537.03277  
15698.03055  
5198.285836  
15430.80029  
7269.011129  
3717.830154  
19774.61447  
13536.24552  
12349.40576  
2367.496952  
10029.27024  
2780.448551  
2076.524076  
3400.522715  
13405.45211  
2157.315161  
20877.12207  
3898.836447  
8253.351799  
671.8928656  
13557.5702  
1275.398105  
1656.956668  
1317.049619  
6446.20798  
7657.799812  
1683.031932  
141.9779295  
218.7545564  
2012.146147  
2286.749818  
8578.96025  
3044.123283  
336.1911203  
1993.344  
5109.284787  
1161.901259  
1138.47143  
713.8050362  
2854.463489  
254.3803731  
1465.792166  
5633.506672  
248.8324747  
8175.084336  
1679.586907  
3013.984332  
9194.287316  
1137.793168  
4149.638199  
435.5584588  
641.8481301  
785.8776684  
2837.170144  
205.3134286  
2680.021284  
1802.531793  
705.3946137  
987.7650123  
283.4354977  
565.0576971  
92.46907371  
2740.016602  
615.7145967  
2028.726717  
24.68682755  
1708.169841  
1561.241573  
19.55836594  
522.3303592  
1725.890553  
13.19975838  
6142.02714  
1387.399757  
392.8163234  
203.047625  
210.5664246  
170.57901  
62.15016682  
891.3449335  
1743.550502  
621.132104  
991.2707835  
2100.603376  
577.1989389  
928.5653961  
389.2153837  
36.64795192  
1356.539435  
71.69228409  
302.3722481  
399.7330223  
1078.525755  
3361.812389  
432.0356323  
921.7902231  
332.5990365  
1937.865566  
402.9511312  
60.99935088  
399.3112095  
339.1282239  
153.3422915  
126.7460051  
1740.655943  
351.8912647  
947.1577564  
295.2413317  
53.55412009  
408.1028664  
1358.595096  
678.6597036  
458.2047317  
22.97976712  
4.37523593  
681.5528829  
72.76481895  
22.21128076  
242.3220475  
4.154483809  
15.39441341  
7.652919676  
176.0453252  
160.5451531  
226.304994  
22.40640697  
119.8405566  
400.6308119  
696.6370035  
439.4701176  
65.72039151  
303.8056085  
507.4419677  
31.63544442  
497.3955441  
328.1019662  
36.99022271  
52.56055699  
298.7358545  
356.5086672  
125.7176703  
236.8991142  
155.414552  
12.99166346  
6.030899813  
301.4509025  
228.3744134  
82.69006487  
213.8664358  
274.248409  
28.33862362  
185.5086384  
13.85940621  
72.06027974  
306.1387472  
247.9396025  
165.6949532  
799.7475203  
62.53442043  
162.1768375  
95.45833916  
570.9508553  
22.86246347  
67.58148026  
177.5859413  
209.8224243  
63.67406408  
95.08908827  
94.52133911  
132.085721  
73.74240235  
254.1263613  
223.6050393  
153.5085813  
27.31551128  
88.38580485  
117.2252893  
53.73942185  
81.71664631  
152.6610479  
36.0062203  
65.82598809  
93.04022451  
6.431590538  
546.4544381  
263.0553222  
123.6999315  
99.42569979  
103.2930059  
270.3714839  
308.7820028  
576.10013  
2.065862948  
48.02138534  
39.3946001  
60.95916723  
88.20353917  
181.2568852  
29.1326534  
33.8483533  
45.52698962  
297.7566538  
185.6713428  
39.88381706  
135.0762021  
69.43370368  
44.8668131  
142.4823374  
85.84289569  
76.39951926  
75.546242  
65.56938581  
39.93356179  
59.19353872  
3.003144336  
3.369244976  
18.31493969  
179.6205765  
10.75447652  
50.59920933  
7.046108465  
88.44999846  
99.51676926  
22.11297971  
12.46172239  
6.746582618  
13.85663456  
64.79049482  
2.230094832  
221.0565154  
238.9377748  
78.59449102  
31.31840424  
67.73756458  
7.827052371  
6.961799061  
35.58117908  
96.59953003  
23.89343753  
13.92504332  
3.560540586  
87.60272032  
7.27731868  
127.4088818  
13.27170956  
4.952970836  
23.56082731  
20.8330765  
25.97097673  
5.023174947  
71.84146976  
70.76422463  
119.5386083  
108.7484744  
65.67946598  
20.08279862  
29.55736546  
0.5703384221  
129.8206215  
24.21234182  
140.048109  
22.29878752  
66.68647074  
116.4869663  
189.8052542  
