95.44085646  
302.9275239  
789.0812024  
76.40237689  
276.8287112  
820.4712635  
3324.264478  
998.7797416  
4553.981929  
584.9636886  
3966.751191  
275.238069  
116.9967621  
896.7621478  
11129.12381  
2382.988379  
45049.90122  
4202.971179  
20977.53878  
2996.570218  
2514.095512  
5001.745744  
11997.47696  
24799.00694  
4994.248424  
221.9379674  
9940.589081  
1177.832926  
7000.729653  
706.30087  
17158.73504  
13547.81592  
5485.305005  
6125.267863  
6387.389138  
339.2247087  
1042.872798  
5866.424631  
10184.88937  
5619.153754  
8576.498527  
7258.692366  
1857.017046  
18661.28044  
5005.053528  
7679.066782  
16325.42789  
163.7845646  
2442.153958  
10647.03962  
154.58408  
6224.533465  
4772.886531  
10230.83223  
295.1509934  
3280.533305  
116.7060531  
2324.07028  
217.3389737  
3464.949074  
463.9839012  
1956.256328  
4863.515283  
2818.173901  
1490.312678  
4104.985682  
263.5358424  
66.57247516  
566.1698051  
372.3161398  
291.7412158  
1169.609322  
713.4034573  
3696.242088  
629.3690752  
2061.625595  
1685.834375  
6050.597085  
2224.368301  
1201.276579  
254.9298028  
1321.256219  
333.348735  
2028.24681  
252.0107831  
616.3197241  
42.85394447  
2719.505741  
2051.662783  
4449.301378  
700.8212401  
1842.594582  
621.3646768  
102.657587  
4418.689529  
1139.215786  
2057.246125  
2131.746721  
132.2677752  
1161.416084  
1204.23387  
519.7704238  
525.3003349  
393.8197321  
696.3295207  
354.9027992  
1454.214999  
990.7662888  
993.0879153  
1043.887101  
1829.001972  
297.4697261  
1.71049589  
1307.4036  
346.1157759  
3939.243651  
1935.290182  
750.5644843  
1702.175013  
391.2632958  
2379.016108  
2670.926864  
742.5121519  
2081.89972  
835.2880389  
208.18977  
3774.797584  
1431.689005  
420.9449246  
2430.910939  
340.381419  
390.0026841  
1444.464435  
29.05251461  
257.6081636  
629.9810038  
99.9391312  
209.3846333  
894.2295416  
1000.49642  
1055.053671  
1694.441968  
157.5042639  
285.2364289  
660.6506024  
84.18548207  
155.0327694  
506.0426271  
547.8868825  
27.64267687  
84.15714994  
2.599895818  
28.04717082  
105.1939452  
12.45000347  
314.7568551  
1.074580336  
540.6335251  
440.9292597  
251.9878654  
250.8178238  
92.39467384  
456.7276832  
216.6861629  
44.25389997  
54.09048955  
105.5389329  
170.832612  
5.591745079  
59.49062437  
94.7520694  
23.67864809  
235.8370669  
9.863715986  
126.7933249  
364.5975165  
486.7872393  
250.3740133  
21.88074384  
273.9500194  
493.0305847  
79.45539278  
85.10245284  
97.46751757  
18.8037099  
238.1104468  
58.2707936  
222.0155004  
14.71663457  
83.99388123  
173.9219649  
17.89262334  
210.3926049  
24.8508009  
174.2498905  
130.6274454  
86.25353222  
219.5913189  
41.74453087  
503.2625151  
120.9908401  
18.50245423  
261.2481778  
114.0946528  
377.3594372  
17.12587447  
293.1307872  
28.02550306  
30.24246668  
356.0266303  
264.021582  
18.18418086  
32.35115141  
15.97851793  
134.4188978  
55.59652584  
60.72227942  
219.1096296  
15.74243697  
8.384470409  
418.7750147  
304.6311322  
297.2529669  
30.63835798  
351.1997979  
67.65127581  
275.3048134  
240.257022  
24.99615767  
12.37101209  
219.9257069  
2.35991677  
234.5445409  
163.7076421  
38.47107314  
1.561652453  
8.518698787  
156.1535992  
31.81096726  
126.5957242  
161.5969605  
86.79566501  
171.9976983  
79.04016262  
151.1609651  
36.26643311  
98.2601523  
250.9065207  
30.22048258  
191.4756175  
641.7999422  
32.32614375  
4.371073692  
3.515075158  
97.34396447  
107.6875097  
55.87248275  
158.3568507  
212.5738334  
78.82117716  
98.81807442  
57.94645832  
31.30553364  
14.11495945  
101.2476789  
48.19042674  
65.87991751  
62.94847967  
164.8907551  
51.19291446  
261.772523  
59.12404697  
55.36843781  
171.1686195  
164.7764474  
105.7217359  
142.840618  
72.19174258  
69.91566815  
76.3502866  
40.31339511  
19.59838483  
21.10340361  
115.3820015  
184.2649896  
40.35664622  
14.31353225  
363.2879366  
14.87448254  
297.6038702  
130.2051518  
24.3306193  
26.52783412  
18.23885744  
92.82944436  
