57.63084861  
787.5108533  
687.9123456  
790.0395103  
1035.093627  
964.7023853  
2631.62214  
2649.527616  
6841.839684  
1071.559554  
3037.187487  
1816.619347  
390.36789  
2108.162137  
3637.456287  
478.4614792  
2162.341247  
8571.466484  
2676.476648  
4733.082544  
1889.63237  
1855.281287  
8676.863923  
8267.332686  
4447.538354  
5897.745851  
37897.58873  
30027.26243  
9948.765305  
12340.58047  
26404.12211  
23548.04513  
10840.29458  
3.352274167  
12805.72197  
4749.388946  
21499.18831  
37871.90202  
2059.646753  
4901.583466  
12604.28498  
6819.387117  
16135.15104  
4375.078384  
9436.0167  
11429.61865  
19575.80467  
5817.154583  
231.7165756  
1166.664228  
19414.32067  
6115.845501  
1414.952732  
110.7611546  
6104.631176  
611.7418287  
1165.60196  
52.06671865  
2635.678178  
1749.086187  
7300.807375  
2224.367429  
2755.577438  
6731.874453  
836.3336724  
5816.345959  
279.506703  
4366.048518  
24.59244354  
955.6315696  
4480.029979  
758.6423992  
4692.658471  
478.7162865  
601.507143  
1709.764311  
716.9214279  
1465.419267  
867.3872603  
872.9804075  
167.4873699  
1978.042104  
2035.091402  
1341.197484  
70.4032334  
1774.245961  
373.8055709  
1361.284487  
1461.191194  
1.356355324  
74.45827186  
684.4366382  
490.0125024  
45.12828457  
13.91299986  
418.516269  
379.8883059  
22.77482541  
115.1390851  
766.8866728  
43.74557048  
0.5069700501  
706.6443742  
1741.927207  
54.45130473  
637.976436  
524.7570105  
1080.251305  
943.656648  
469.5019295  
567.6683322  
90.19214557  
134.2278373  
660.9678075  
100.0365992  
331.1448121  
34.52650065  
262.017167  
417.4848039  
85.80552921  
7.823764401  
473.3467431  
66.25748522  
606.4677657  
120.1680349  
323.380844  
250.2296851  
324.1772394  
165.7339599  
100.0496468  
15.15162288  
164.9236823  
25.3033552  
1402.874735  
220.4936689  
106.2210335  
500.9501841  
302.8906372  
55.60042801  
958.0135828  
150.9079869  
52.09843947  
84.55786866  
314.9903507  
116.8280149  
23.32517712  
211.9488654  
7.672467244  
165.9209328  
188.119773  
4.552840752  
126.1863264  
159.0493347  
41.16113033  
181.2505249  
155.7953379  
21.64655078  
500.9687926  
64.53129992  
293.2502628  
259.3629628  
174.3436729  
179.0081593  
88.2489047  
48.98568102  
25.09539145  
77.92323887  
143.1414087  
147.6770312  
13.50608309  
28.78799077  
69.61252249  
154.0515186  
92.41913121  
509.7978463  
493.814859  
87.99646313  
126.6398904  
87.69832564  
38.7317398  
153.7276455  
37.52153709  
50.39386459  
49.22597557  
5.683985801  
48.55050095  
185.653686  
50.04496726  
316.7770487  
52.10552988  
53.14693827  
215.2320361  
212.8490809  
18.10198623  
149.5138816  
98.30808024  
53.70679696  
176.1773614  
1.663919787  
91.73714699  
9.694307999  
79.98534014  
3.499732701  
604.2263555  
5.678307252  
39.56999091  
186.6241584  
8.838632319  
21.60924879  
28.74276463  
196.9460723  
67.32592197  
247.3480445  
163.2072574  
50.57665508  
64.01280147  
38.15755023  
72.84149652  
62.02626624  
83.33113428  
36.6982145  
66.18376585  
8.544863409  
171.0058554  
1.312236099  
110.7650573  
39.58358007  
18.47329827  
87.18694127  
66.68621774  
15.33379222  
47.08411831  
8.849147319  
254.9298962  
139.8450125  
72.92506425  
6.878766072  
33.63280589  
2.528630606  
204.3470519  
23.23601738  
99.74586647  
41.77183007  
120.3645974  
62.41385808  
31.45747397  
32.49751685  
31.52669257  
19.91929092  
122.7485997  
46.28668142  
6.38071144  
25.38894566  
81.19183925  
13.9124345  
11.33189963  
151.4356377  
44.22209912  
13.75323984  
12.72114012  
13.84175716  
102.3523608  
95.0519879  
114.9849845  
11.06541416  
32.14332495  
69.78377386  
164.6530041  
11.67364332  
100.2179222  
1.394534801  
63.9302219  
16.7276723  
55.65326504  
9.612867417  
394.1488151  
39.74349026  
11.33954598  
63.44432567  
34.63085767  
50.84910615  
33.56887343  
29.07198849  
92.08204442  
93.62528851  
4.599941762  
42.25711196  
18.59780081  
81.55802808  
31.9943799  
159.8093028  
26.50280509  
65.93240676  
75.96142416  
55.94876125  
