20.52031014  
261.301571  
416.4966494  
511.8659111  
158.9615896  
11.10191036  
638.111137  
866.5674061  
655.2223179  
3152.590992  
1030.354206  
415.8847875  
1200.0926  
2400.10551  
1344.468592  
85.49631729  
230.4907636  
232.1254712  
3339.099847  
2440.566247  
1294.943409  
7424.002652  
1032.456391  
528.5409905  
4896.602576  
1212.213564  
509.2839373  
161.8156983  
4607.273716  
9359.582655  
308.3995636  
1726.293189  
1437.03077  
90.49912082  
465.9068156  
5336.728681  
585.8655733  
2396.672556  
5401.355331  
1930.522726  
1323.009503  
772.3243065  
641.3717161  
1332.351146  
830.770856  
1133.420414  
993.3858701  
1783.363968  
5431.424544  
724.9153684  
202.33424  
2865.22223  
2121.080597  
2554.414016  
709.5539886  
3526.626915  
3208.519755  
50.23669584  
47.36842183  
1212.006671  
1814.103068  
1135.941202  
285.9674925  
262.5125728  
827.7881498  
1224.203281  
2068.008326  
545.1303557  
138.2462811  
398.4154813  
408.7690733  
1469.003243  
85.01182698  
1765.52373  
3184.364807  
1040.312645  
4192.530803  
4044.783073  
267.5297525  
472.3122571  
184.3541879  
2503.87333  
26239.14775  
1570.883575  
90.69084767  
1893.879616  
1261.118456  
231.814528  
3144.449158  
10750.38049  
3265.100399  
1495.012618  
5605.760859  
2939.601584  
7272.727523  
13906.19738  
16305.89152  
31131.31251  
24465.04147  
2212.690648  
15795.51946  
1206.541996  
1137.153444  
7977.570024  
2754.026109  
8093.33673  
15587.49463  
7038.617635  
5025.802783  
8853.839097  
13889.83209  
1678.787309  
3557.3527  
3191.35793  
15163.86071  
13323.89756  
7856.500131  
589.8672262  
17412.72225  
2854.213433  
19983.31158  
35473.46082  
22217.90376  
16234.2516  
6251.637097  
1631.92897  
24191.47159  
21168.20157  
15307.15646  
4342.890081  
3909.103719  
1901.285997  
5765.415411  
3758.616669  
6037.173461  
171.1406968  
5280.028856  
4969.48479  
178.0820485  
4600.896011  
5287.05413  
5511.507486  
960.7626286  
3916.229296  
4552.215692  
1307.264685  
853.9562918  
1939.306578  
3185.023177  
947.7714918  
919.5518845  
822.2683968  
1920.87937  
826.9849185  
1859.154988  
137.1751833  
304.7501985  
2574.487692  
2639.855431  
1767.854149  
2513.96476  
441.4484215  
1233.335512  
145.8931063  
652.8753279  
61.05871417  
583.6597495  
1136.25896  
381.7761802  
146.0688858  
368.8918755  
495.4069476  
718.3524527  
92.10386839  
329.9677883  
84.27455953  
38.48157367  
654.652369  
617.5601836  
558.835977  
705.7462905  
736.5250587  
1206.499342  
477.5414331  
334.2992633  
283.1450621  
1554.422281  
1081.528892  
404.3798574  
376.3332343  
61.26728106  
681.451344  
22.56939991  
1652.708303  
2067.229747  
536.2042831  
467.8040662  
10.45558686  
90.87667424  
649.9127396  
137.7979766  
378.1538741  
765.0121278  
1344.237474  
78.14625624  
951.0467243  
703.3926606  
168.9253623  
202.3503166  
2244.520706  
707.540694  
544.5648418  
94.92938743  
333.6412691  
718.5220094  
626.0503948  
221.3115343  
652.539446  
190.5104046  
434.413711  
697.6443163  
477.7354195  
1592.651515  
428.7740029  
950.7180779  
122.4901105  
24.13223819  
639.4432469  
434.7435355  
68.38162722  
223.9796895  
146.8788249  
566.9149426  
2803.826002  
775.3429713  
1204.252954  
1224.627025  
389.9514987  
288.618213  
908.277621  
249.0523333  
380.6942257  
1330.623802  
217.1777268  
450.6829245  
915.1383912  
509.2273009  
170.5037874  
764.5985392  
186.361488  
1303.086205  
770.7338371  
12.69564176  
267.191138  
1201.947795  
203.9074729  
316.3937453  
524.6784067  
511.3029598  
606.698186  
842.7401401  
705.1073213  
142.8679501  
383.3366221  
695.4850156  
10.27194727  
393.1772096  
190.3540769  
51.45792568  
305.0766932  
7.106839807  
262.8982061  
1.89525273  
429.2169626  
489.3178007  
226.9463266  
212.684165  
141.3438854  
201.0111369  
212.9194217  
213.0013811  
65.81621658  
179.6883345  
165.7098452  
566.8343318  
577.8873576  
304.1680453  
1020.524818  
119.253353  
356.8423958  
676.7877318  
260.6376064  
166.2058753  
499.8195501  
29.13919701  
