172.5242256  
222.3956006  
591.5923489  
187.029933  
452.2492102  
96.01214448  
379.8995194  
833.3569259  
4250.2185  
488.3264545  
1.5371503  
8503.868664  
814.6200503  
229.4456663  
2902.798986  
422.8590262  
3881.134495  
2533.650923  
1536.531698  
4710.724362  
8208.305457  
13839.09462  
5233.447841  
20988.72166  
23768.20798  
1767.505912  
752.8146707  
18792.9038  
15226.01613  
11503.27224  
6370.887076  
9294.616303  
27135.57529  
9871.620244  
3449.201325  
9066.285118  
5415.727805  
2856.707673  
2892.850546  
50620.13645  
206.6866181  
259.5898655  
2394.505832  
12950.33049  
625.9913334  
2478.180398  
15990.0434  
6799.011496  
1783.072579  
578.7223875  
124.6374203  
730.3393182  
1877.036449  
488.5227802  
3731.25154  
226.6072701  
1306.74672  
1536.953949  
407.4753433  
2965.31648  
501.8679915  
354.266405  
288.5636622  
285.9058694  
3062.229085  
3488.711259  
710.1194295  
2947.880818  
2284.67608  
31.47108475  
1311.670215  
257.9511622  
259.2167817  
938.0053553  
1578.166148  
1767.029778  
30.70322525  
1954.960784  
357.4301522  
1020.082726  
1835.70451  
30.4669249  
2326.66776  
802.6318102  
395.4835113  
477.445265  
783.8486596  
636.9195154  
225.6496327  
1426.23051  
90.89852541  
606.0659671  
150.0681344  
393.776539  
1994.916087  
2908.510983  
166.7353779  
1201.435562  
693.3275684  
375.1514337  
51.51096391  
902.7720056  
180.6973262  
1377.386015  
643.7810685  
336.1286436  
242.6481114  
6.769148542  
293.8332765  
396.09423  
5.142400706  
134.8856262  
405.3605774  
63.30092448  
95.42983922  
722.1613852  
73.35287807  
574.982643  
440.7205605  
713.0074097  
70.0093323  
1103.298239  
113.6698232  
578.6385672  
960.9065799  
12.05981664  
808.9035532  
141.1589427  
155.0949211  
395.5835843  
174.1382862  
308.8341063  
122.377361  
302.7408632  
487.0382183  
1.532752941  
78.82336196  
305.4445284  
130.9435754  
6.757267132  
23.55653633  
169.9963993  
294.9432464  
650.8296599  
94.50313338  
9.68385085  
120.3092317  
386.6086779  
288.4065009  
180.2459697  
258.3857833  
140.2517292  
329.1479202  
11.87205218  
130.8752973  
117.4989414  
13.72124205  
221.3875856  
46.13938999  
41.63942112  
416.6252855  
485.4675803  
340.4662183  
344.0506357  
324.2056724  
283.6778975  
219.4768965  
169.6195912  
413.5982971  
108.6701928  
83.71207956  
85.12789063  
257.8720303  
249.8888937  
593.5993767  
82.55265179  
82.34229249  
10.2479921  
14.29836149  
418.412318  
161.0006095  
112.4992088  
213.9788244  
24.8074533  
92.07145469  
178.3011219  
37.58771954  
142.2864369  
309.9283729  
34.70714143  
59.9606177  
75.17900846  
671.3953056  
342.1395208  
45.98400885  
294.5519333  
110.4365043  
53.96157926  
63.13497025  
44.66078065  
42.81395104  
477.7213514  
142.111723  
178.6218968  
191.0524904  
62.5303849  
58.54490795  
2.851919457  
215.0239177  
111.4021427  
350.798915  
134.3168344  
67.47824205  
55.39587345  
101.9163108  
134.1011339  
77.56356646  
183.7236214  
10.05556931  
35.08809574  
19.33065248  
132.443154  
29.24101358  
84.53234718  
259.7369742  
30.6835782  
113.4454329  
70.54286734  
70.34020431  
65.77877853  
29.21552119  
65.47519215  
102.9051016  
91.42469699  
123.2093979  
257.0097009  
402.3215262  
36.10176803  
146.1619324  
23.70951503  
39.95840856  
192.257749  
21.72475712  
191.2977266  
14.56494383  
100.6507336  
24.49477552  
119.5539263  
45.66546311  
231.1907639  
286.7110491  
116.8599057  
55.83580414  
42.66323985  
64.74649205  
13.62888878  
116.5769324  
121.9677412  
135.4260622  
3.791469582  
21.64292811  
43.98351613  
7.217801142  
142.9413929  
124.1776371  
24.01710041  
92.45316724  
198.0886946  
112.586007  
1.515578102  
82.14537868  
23.95822696  
52.98741626  
1.108113946  
15.54662375  
111.4936528  
4.372724752  
12.12468911  
60.71352991  
126.5060207  
61.41629637  
62.72436657  
173.6366044  
62.89187131  
27.06434292  
48.86731736  
259.8287444  
58.55613745  
10.76614159  
19.38026938  
111.0020629  
139.0514619  
5.611146263  
21.55699896  
179.4538666  
