103.176533  
655.5064095  
762.8522503  
386.5441855  
1090.00861  
829.3109826  
1455.545187  
2030.982177  
3333.130725  
4398.832039  
363.0422047  
2090.937728  
3490.638321  
2976.489797  
4935.737547  
2142.662802  
6650.793592  
14326.408  
21859.04647  
977.2400828  
17110.61272  
5227.890866  
15290.16676  
8565.531815  
4639.658363  
3861.382908  
4511.401177  
32723.02631  
8372.52667  
994.4109047  
1317.559185  
19618.69809  
2831.066424  
16372.17299  
4996.13364  
4536.01905  
1275.048536  
27029.97724  
10819.99883  
9963.223955  
6599.914914  
337.9236119  
2798.206633  
8419.30245  
3372.701032  
2337.687665  
1157.879719  
3510.456669  
2185.154342  
5744.465052  
987.9889528  
854.3642878  
4001.463934  
1771.239959  
1425.612064  
757.2476403  
282.9975293  
5301.892967  
890.5953492  
3339.168049  
3157.551823  
4004.973489  
1162.454451  
8363.379304  
959.4449389  
2468.954408  
1028.26028  
840.8092372  
128.6340858  
1138.327624  
1757.8188  
443.8509814  
198.0295252  
306.9503829  
1772.631132  
1937.633954  
1149.721325  
1211.781267  
1320.40304  
113.2280803  
1156.91888  
483.3746351  
760.1485976  
66.75798164  
1247.213634  
1200.472537  
4779.118603  
1295.847337  
1730.280698  
1832.806494  
517.5944404  
894.7875073  
806.9087149  
1245.734927  
3111.991939  
7761.986768  
7116.58978  
4699.397013  
4186.258602  
1117.824489  
2038.284322  
2726.984488  
84.1255016  
3105.44676  
91.1155344  
765.5036627  
9205.967277  
529.1445953  
104.9434442  
868.0901265  
3141.554568  
1595.130132  
4149.324336  
287.0543577  
3633.163246  
4003.685931  
1636.460646  
1556.680653  
4662.321104  
513.7372996  
2262.763472  
14871.78545  
7158.064875  
5108.484322  
2170.151029  
504.6135104  
6789.428543  
5647.802535  
2346.402105  
657.0668679  
838.4711801  
755.4172526  
437.0013414  
335.0460548  
3615.132266  
342.4104845  
1032.486479  
3551.605725  
111.1280768  
248.9360303  
2224.619087  
2165.132438  
114.2235932  
693.1430515  
2040.196151  
797.6209303  
1435.124388  
57.20820531  
803.1545874  
510.7268709  
191.3241323  
419.7321618  
236.6678916  
91.88095336  
118.0697695  
204.3475747  
412.9095365  
580.0617831  
183.3126384  
226.8095941  
250.8620536  
68.97490064  
1066.867141  
210.018879  
179.4622786  
251.3129741  
504.7053868  
5.665401735  
137.9328806  
504.5227253  
465.6572118  
169.8937921  
144.425704  
196.5079516  
657.4564728  
220.7337882  
210.1678806  
181.8868841  
1184.774161  
202.5950979  
190.4040326  
45.66229621  
153.2286957  
63.93641413  
96.26576089  
647.6199316  
591.0221697  
87.40100312  
368.6627846  
224.9084476  
11.21434733  
20.37458529  
305.1499562  
22.07933882  
91.87823746  
63.01888268  
26.51591414  
82.87481182  
62.23788836  
121.7883755  
108.950673  
154.9900174  
231.3779509  
60.75454465  
72.56834284  
78.86965603  
2.441850491  
15.46594113  
42.24296114  
271.7922033  
3.469886771  
174.6531659  
41.48875095  
41.49541347  
148.9114075  
61.3277838  
61.73065466  
106.9930168  
28.29769454  
1.633821096  
141.1274844  
53.45174441  
218.5867421  
198.0249655  
26.74720967  
27.77831297  
135.4003324  
4.067961415  
3.919411651  
53.59640282  
10.98595354  
63.62795969  
141.8023181  
137.4487909  
17.73435963  
197.5165023  
70.95946291  
69.42356079  
8.938759268  
139.1288622  
266.0039186  
83.42854281  
31.88521798  
134.7484399  
63.84787252  
41.59818318  
27.90078839  
7.195650107  
131.2884409  
2.851317502  
75.66601159  
4.376223975  
82.19037566  
104.4605707  
66.32187021  
66.99254035  
22.56431129  
129.5548095  
14.62743497  
94.01447025  
154.7612134  
16.22123546  
123.3957598  
1.327163845  
51.33015072  
82.42326424  
4.60914937  
53.97329436  
4.499437083  
67.43585489  
12.05970749  
7.806903216  
13.04469824  
85.10403688  
198.8744386  
67.22288291  
11.24580518  
54.29607353  
87.4377558  
53.83405893  
87.56552193  
21.55959967  
80.82021681  
4.309414859  
194.01364  
40.9180353  
49.66407696  
17.36294897  
55.47216782  
29.78539121  
56.83819706  
64.88510352  
43.31665541  
48.33602143  
63.34635462  
