46.2897529  
176.025602  
222.9005214  
100.7989432  
195.7908081  
974.5996228  
1508.724447  
213.1501622  
659.9700446  
533.9146416  
2276.36078  
613.0552583  
1140.71963  
340.530502  
352.9261106  
7110.0642  
2247.261702  
8096.664503  
3762.374882  
74.24646073  
1753.100001  
3466.664098  
1752.032949  
240.5814587  
455.0729571  
4094.260441  
2979.243272  
3965.426447  
6099.120681  
7859.928424  
570.3651979  
682.8691063  
223.5463245  
51.07579307  
1251.410066  
760.4140519  
1816.691975  
717.6691235  
168.8286487  
15.13932818  
416.99807  
165.8491752  
573.2974813  
578.3195045  
996.6887879  
1289.159014  
1860.470397  
1112.902423  
894.0762205  
555.4716426  
3569.003957  
1779.97795  
204.2052433  
1310.155395  
2675.215592  
467.207349  
6.436021951  
1395.390361  
1228.710603  
3156.394479  
239.6281778  
313.7799143  
851.5407711  
1176.509041  
1477.842227  
2120.23937  
3273.445579  
1605.11687  
58.4063459  
478.0342016  
265.6074044  
686.1355212  
448.0055438  
807.6090052  
1554.876084  
348.0186444  
836.2405576  
298.4600992  
1151.215383  
131.1773185  
1312.044514  
1239.164336  
2964.883755  
442.0517476  
339.3118913  
578.283543  
1519.324661  
1465.24292  
1805.948663  
296.892627  
711.8402463  
254.7353592  
215.9240445  
1006.491453  
1779.109149  
3675.366445  
509.6823126  
4524.790755  
64.49924683  
51.88758576  
11.30444461  
1086.000829  
770.8092072  
1233.040082  
696.7126519  
161.2083352  
1798.510282  
28.01210149  
19.07065867  
148.6000596  
494.7809773  
1187.531523  
144.7864658  
371.3433322  
496.150591  
4908.664025  
884.6832614  
29.75438126  
357.9977317  
466.039257  
325.1215125  
1202.582217  
992.8029785  
357.582433  
163.9900969  
55.00220449  
755.0809399  
394.3587508  
338.1246559  
265.6730709  
39.45052702  
114.9296127  
219.6433389  
994.0431373  
69.6744054  
593.6681116  
58.75425807  
1944.994299  
350.0809702  
337.2968026  
57.01636359  
1043.64684  
110.9767985  
528.2248574  
109.2372964  
1616.688453  
166.5924992  
84.27684029  
189.5601512  
613.8796177  
153.8100204  
490.8431805  
32.97859624  
366.712864  
685.8390246  
6.368296717  
453.4677391  
952.1420918  
581.4163067  
53.29582226  
313.5361553  
9.914963878  
296.3914448  
457.1494392  
208.8272214  
389.0605651  
441.7009171  
88.62134436  
35.26056994  
1041.559331  
118.4272643  
441.5186198  
137.3770081  
384.183699  
36.99028541  
1064.427991  
275.5633081  
287.9512991  
209.8450981  
191.9891807  
1210.156301  
217.1985155  
27.89708114  
178.4658635  
79.59373097  
164.0856087  
43.09258532  
179.571681  
336.3780867  
75.47586419  
75.55791515  
345.0449662  
176.3845671  
764.2472601  
912.4641354  
139.1900595  
528.3639873  
708.5440853  
51.1283289  
381.4846508  
455.1275203  
73.21038124  
48.94118031  
2001.51382  
484.0968841  
271.3239283  
53.21199222  
275.9507405  
21.65454794  
252.4700122  
103.6347993  
23.55289971  
163.3252363  
497.15006  
109.1635867  
230.3401057  
166.7626281  
153.1839111  
191.4960211  
25.66642321  
90.81261587  
244.7012636  
76.73193147  
114.2540072  
898.7659629  
165.2121713  
151.3436499  
370.6148944  
335.1361608  
55.52316346  
601.1358599  
44.60557479  
271.6953626  
89.48679081  
446.5143194  
106.6385311  
18.14151624  
122.7050382  
165.4370568  
387.8538167  
487.8072883  
281.013589  
249.9660603  
84.48863016  
75.70865387  
92.48301087  
174.5040613  
363.831019  
3.208754329  
100.0680823  
949.8335992  
259.0136587  
170.6205085  
180.762245  
105.2142613  
17.16848288  
405.052003  
247.6703569  
62.97402135  
283.7370729  
58.16191777  
135.3757839  
196.5699521  
105.7435631  
105.9804366  
78.09721529  
331.3749582  
463.7850162  
10.28053475  
154.0451742  
73.91441295  
679.6144646  
24.63526144  
49.19651787  
90.28896111  
182.2877217  
111.4244091  
16.79867285  
24.74616747  
43.64368915  
142.1133311  
3.86763646  
102.0980633  
117.1984195  
39.80442941  
289.9544509  
178.1466533  
51.70929415  
236.9337808  
126.3923263  
39.64069334  
76.065298  
219.6885139  
254.6687791  
14.62721236  
