49.72982245  
189.4494726  
529.1301034  
673.0363208  
50.27507357  
1540.848181  
1327.045248  
176.7709784  
311.0454381  
6539.569909  
1718.071512  
3151.911407  
4611.321283  
1969.716399  
12786.659  
5436.602081  
7600.6864  
42348.28898  
52716.61401  
18633.34465  
2997.401901  
49536.97905  
5517.558342  
18058.33999  
17023.31267  
25045.34983  
56005.52299  
49498.19606  
27230.46398  
31274.24583  
23903.75075  
18988.48529  
11427.47116  
24100.91615  
6223.13941  
6596.103721  
35949.07887  
5279.773355  
1007.662396  
5951.124957  
8914.529328  
4500.479609  
5335.593596  
6409.405682  
11604.6436  
12505.67749  
8537.957563  
8836.222327  
34451.74357  
13404.76284  
2727.614983  
8884.762309  
2886.885961  
5196.883244  
2890.634543  
2495.012083  
4210.559857  
5571.836594  
33.36198795  
1806.877571  
8074.881457  
590.6023904  
20257.5209  
3428.31831  
1690.042638  
6289.461818  
3373.543235  
493.7009086  
141.5731711  
2400.178585  
692.5495604  
11315.7385  
135.1977163  
1504.436435  
5786.855983  
1780.090343  
11910.19643  
6074.950786  
2510.076598  
410.0624924  
10769.14617  
1764.820064  
4169.597926  
4054.824766  
2681.934474  
1204.235634  
3094.376253  
3417.296726  
140.0771848  
5698.330731  
591.5270275  
228.5106609  
133.7795779  
799.7142775  
1275.375926  
4431.44349  
928.6314881  
5502.037609  
3722.270324  
1797.852019  
3223.86773  
703.5818257  
437.8589029  
1106.015418  
628.3299051  
1342.027022  
3027.248396  
1943.424497  
1064.473116  
2701.329388  
4347.185873  
2164.897655  
644.5061191  
351.4159351  
4742.052219  
613.4705514  
4473.985718  
1500.485392  
3627.611404  
551.722273  
1594.94225  
10152.91129  
6412.637037  
316.3918055  
1101.722951  
884.7960446  
9867.596284  
1428.429572  
3341.210043  
718.2590344  
2505.415739  
1506.49526  
419.773989  
158.5383115  
2059.315529  
956.4823852  
1305.02082  
3960.465255  
831.7102818  
424.1496637  
911.8605589  
1326.25012  
62.60609737  
3127.849249  
309.0708467  
1223.977123  
614.2094757  
73.08521579  
120.743453  
59.77936673  
312.5880633  
2317.715357  
516.3178691  
19.03810999  
844.9946765  
307.7222279  
337.6259262  
502.5412989  
639.5031349  
81.29279155  
759.0597271  
8.387142348  
314.9644218  
313.587477  
538.1088351  
40.71284229  
349.3712534  
595.3015844  
517.6950406  
36.64137725  
54.64280031  
4.069991379  
101.6596929  
19.89610339  
390.2791261  
249.6808939  
16.39228064  
571.6041934  
571.0062415  
1505.780836  
207.9862783  
621.4700211  
6.973339948  
249.035907  
135.8755598  
105.2317989  
14.18601661  
111.5208852  
409.2605918  
11.53527522  
200.1564052  
245.9569513  
984.6348121  
209.5255108  
116.8144114  
102.2991761  
182.581344  
123.5149257  
55.7567785  
191.5215007  
263.5954701  
371.1098037  
141.2207366  
255.727863  
1.766025802  
46.20344046  
149.2776226  
74.75816713  
10.64181431  
189.0383712  
19.59839919  
179.8168116  
84.48121223  
29.60314549  
145.1951027  
33.20774096  
10.31885149  
277.2418464  
153.9610483  
49.09371229  
66.1907061  
93.90763583  
80.77727009  
9.628463456  
94.7256005  
10.77808558  
33.51016132  
85.3555518  
36.23756474  
4.70866029  
128.3506127  
113.3679037  
111.9364991  
375.031234  
47.22061529  
130.3420353  
231.5255759  
140.0611349  
50.52999277  
65.31618977  
70.78645347  
65.49818798  
4.740427985  
220.3372862  
4.109880762  
17.88004841  
82.65938201  
205.1983797  
50.3502168  
310.6887146  
168.0230933  
17.33953766  
34.32899059  
32.62918597  
47.34249734  
174.5105846  
14.57761855  
75.26675146  
140.2277032  
25.55720546  
37.74625493  
93.83443731  
58.20982423  
87.58494811  
192.6561343  
74.7697948  
23.70318155  
57.2341367  
55.67457225  
116.0746575  
107.0022005  
64.73939532  
33.44099323  
224.9573168  
39.66139232  
245.4220367  
49.70750026  
137.371901  
37.59032215  
23.34442487  
12.26399925  
165.2234616  
60.82924451  
44.21830533  
45.41875588  
40.7540434  
309.560384  
75.51317162  
1.252408955  
218.8678885  
43.15703251  
114.0224363  
114.9898371  
80.67153033  
10.78804045  
