13.75123726  
27.61304753  
192.9445027  
108.0159399  
207.3947845  
259.3913342  
266.3082249  
212.8189697  
201.9655273  
88.05088879  
1239.440306  
2001.771319  
1543.356254  
838.965689  
385.1762679  
254.8726336  
131.9070863  
2188.663262  
132.4311266  
1349.74312  
356.771635  
1559.392753  
2028.750975  
396.3219559  
1951.4763  
1506.622132  
556.4013364  
128.9201727  
944.1745908  
664.5184546  
37.24472959  
2709.632363  
445.8713682  
807.049326  
1811.092574  
573.2155198  
1317.650162  
325.2728183  
916.0007286  
754.9978335  
355.4980652  
107.4607593  
1398.196093  
733.7184013  
408.6204669  
102.5242535  
314.9260055  
335.1036218  
3284.200557  
2022.341202  
2981.65528  
2803.293628  
1391.47427  
1769.514736  
1253.292618  
857.0454254  
107.8845253  
1257.411458  
1063.886604  
86.65605272  
2750.310379  
57.26037746  
95.03266003  
1054.721623  
734.4623493  
311.2837664  
852.0788423  
135.9709009  
645.3631602  
2113.121541  
1713.716116  
2667.204043  
625.6356358  
668.0498429  
679.1422192  
108.2618116  
1073.403708  
196.6107154  
2409.632423  
2850.241795  
878.4338781  
534.4049219  
20574.58209  
3517.648085  
992.5385741  
1724.889786  
3747.26218  
939.2857527  
1395.097827  
7140.557605  
1554.16457  
2252.692945  
806.0052695  
3580.616942  
4260.331332  
7794.667349  
14981.94864  
23113.45409  
17092.3919  
1092.852787  
4419.210494  
829.9938754  
786.2755262  
6813.069724  
993.5994962  
5449.547141  
11392.15468  
4426.435089  
608.9937448  
7913.711996  
3963.406527  
1497.167562  
3877.149674  
1283.541183  
11521.06491  
7796.582222  
2833.341912  
328.5823915  
12748.85542  
874.9757914  
13751.38817  
22331.07464  
19326.1823  
10329.71932  
5416.926091  
5484.028508  
19239.66521  
15890.07506  
4194.427997  
2971.480137  
2428.678512  
514.0430317  
2305.374183  
6.33653685  
6411.055536  
788.2721077  
1183.735059  
9597.215587  
113.9429099  
2092.055676  
3761.541996  
5763.509556  
2638.806136  
4239.198636  
2900.874831  
1236.094976  
2279.802647  
644.094938  
1651.845345  
208.7952514  
1014.277808  
148.1412475  
2369.272243  
47.9079984  
112.721404  
345.4718509  
942.0591248  
1110.698138  
1845.168817  
509.6590644  
1393.261071  
18.99092908  
677.6560251  
1356.460305  
354.2413717  
59.76235358  
797.4048311  
230.0282431  
105.333385  
770.7049794  
63.20112293  
714.5789652  
164.7647328  
120.7297277  
121.4923638  
41.45498281  
1053.084534  
71.01696811  
413.2647967  
3852.372189  
1287.830314  
461.2166524  
1127.174804  
62.58733392  
1374.121507  
240.0147179  
3884.179868  
2172.839587  
1441.120683  
256.9318367  
177.4556981  
406.7581441  
589.4074002  
1702.840366  
603.4390633  
157.6567062  
784.6675756  
958.8683389  
1191.319143  
257.3584212  
664.6265351  
2243.963284  
204.7317625  
1295.380239  
1209.028251  
107.016431  
401.7216824  
188.5468019  
991.4120442  
868.8200757  
1862.76631  
788.6512608  
16.67375215  
91.22817675  
577.4548457  
327.4558291  
2103.970237  
369.1502167  
364.526651  
709.3145272  
918.3450619  
402.8679626  
1148.663677  
295.5197063  
57.44109994  
349.3443529  
286.4098991  
728.9084248  
580.3066284  
202.213501  
966.111765  
252.7337414  
522.1142162  
1032.044652  
1092.737341  
436.431631  
587.5455634  
6.472463582  
54.22164895  
600.3885033  
275.2553073  
356.9171712  
229.5337545  
976.9718185  
568.9838722  
941.9294789  
695.4316487  
659.871394  
843.338089  
706.8816975  
2286.762136  
1125.105696  
59.5604241  
318.9377944  
31.81094684  
130.0534891  
1992.974769  
614.8333205  
340.2751255  
488.6332258  
1115.853949  
495.3226285  
85.54750039  
192.8490317  
688.9972858  
331.6624516  
3.84977953  
236.8319714  
263.2298103  
1176.744112  
228.7250361  
317.1720923  
193.2647032  
112.3752635  
70.64751187  
558.8252342  
60.8575889  
379.8473752  
195.2598923  
11.54476328  
816.5193511  
310.5420948  
919.0994834  
328.9400636  
1228.879816  
151.7728001  
1809.772892  
628.0155878  
625.8308602  
1614.211059  
665.9875546  
809.5278014  
695.2617454  
7.807231716  
169.1112657  
