168.2957337  
128.9184147  
188.9197774  
120.7038664  
910.143963  
3810.202444  
2806.226407  
150.5465189  
3865.369515  
2584.013149  
145.2494726  
4141.147702  
6592.830132  
2174.532673  
524.5002919  
4018.912506  
6191.256209  
26878.73093  
58226.94652  
16154.65165  
9099.498693  
36185.47073  
4590.206109  
148.1848979  
6117.566888  
17274.09262  
25197.02303  
26028.98484  
18706.01013  
21901.73667  
9441.29439  
7386.057489  
3231.588643  
6835.471827  
7642.748818  
1242.212538  
20123.31299  
539.955984  
5190.648248  
10997.03171  
9843.547888  
379.8499357  
3113.802031  
2228.641401  
8902.450053  
668.3816377  
8473.522216  
6231.67284  
24114.57371  
6016.257182  
11044.55328  
1042.413455  
495.9236064  
1010.746864  
3027.712746  
2807.857676  
8456.706318  
1896.725998  
2263.733376  
1076.765074  
979.1667988  
1044.396353  
421.8199411  
2868.547979  
3876.792273  
95.53069087  
3165.592902  
1053.317509  
2115.741022  
591.060286  
265.7277144  
3417.990404  
2714.905554  
391.862216  
909.3352324  
1568.818668  
9576.237786  
2091.851026  
765.7634932  
9.885246523  
78.70862473  
3101.183524  
310.3163995  
2575.638706  
1818.423877  
744.9483614  
1259.264514  
722.9057637  
486.1242247  
3893.576526  
4398.53114  
4684.787924  
12037.53766  
1067.94863  
13464.11817  
3586.929496  
16816.76232  
17211.03762  
7342.583952  
2776.756314  
5728.42517  
1737.003544  
1504.471343  
3853.643224  
64.16013023  
10448.63593  
9969.246491  
4181.021952  
1818.73884  
3978.918253  
11779.72894  
1526.236601  
5690.061242  
1261.702051  
13672.54784  
15325.79704  
3272.11001  
2223.94788  
5083.155702  
6032.195803  
9240.369685  
20194.69993  
7018.018293  
17176.04237  
6973.917737  
280.0489367  
19273.22123  
13639.31001  
9079.612979  
2393.824386  
5123.414583  
896.0555339  
1469.781316  
1542.032902  
4059.686961  
282.8244592  
168.7247101  
2222.066179  
1096.539035  
2014.056812  
8235.443288  
3778.795565  
2609.046475  
3338.259526  
4959.976952  
2877.121992  
947.6427227  
326.5721693  
1243.921211  
108.2408034  
9.037025544  
123.0552311  
145.1810269  
286.3558735  
1117.473352  
2394.790899  
2.68443641  
2854.111698  
5145.850438  
1181.683746  
1.578109285  
307.6580852  
1796.514696  
141.9223637  
526.7370277  
179.9667339  
2379.146456  
127.5215411  
106.753946  
635.2473091  
219.4317373  
413.0494416  
524.2086708  
576.867587  
1235.655561  
220.0830241  
96.71309905  
88.74017179  
300.4601619  
653.2257759  
188.787633  
281.9618432  
75.56559893  
117.4724564  
267.2138643  
167.4606848  
142.5980833  
312.3684446  
2088.304775  
76.41534129  
296.499439  
657.3140703  
198.1423797  
964.9674187  
879.3065507  
422.6800862  
85.27132536  
17.36163776  
315.1460093  
390.8559291  
258.929687  
233.3073402  
347.7971271  
227.4667773  
703.432749  
42.50908056  
194.9158232  
415.439324  
479.6553556  
1026.940599  
25.40837764  
567.9597864  
176.9960105  
695.6645544  
58.70983756  
175.0180162  
593.2489855  
87.83371585  
509.7056163  
255.1748997  
509.7637481  
51.78660857  
103.2598873  
673.9701418  
543.7605829  
371.7930568  
1253.584576  
123.6952445  
72.07539599  
99.77248721  
399.4669446  
134.0958654  
452.3233791  
326.2473005  
723.9723491  
490.1205649  
142.3812785  
1030.347815  
587.9826135  
732.8587696  
308.2641952  
1300.448077  
187.1275234  
506.3640466  
425.9096865  
69.3064748  
294.1652688  
566.6039657  
824.1240639  
299.2921507  
175.2442083  
531.9556109  
205.2228778  
37.10709647  
149.7270696  
66.33839405  
177.2713566  
16.55316603  
335.4321807  
168.0130846  
164.1115043  
2.26528831  
359.3838303  
101.507201  
52.12677207  
9.398576925  
69.19146815  
185.8580329  
11.21043139  
24.1541605  
277.2046924  
112.1838187  
178.4014432  
395.88701  
431.0193981  
342.8283763  
15.63124037  
268.0763293  
93.23620979  
73.00810868  
53.74077617  
241.3957972  
74.16616193  
196.5200418  
126.9087594  
337.3726983  
710.5148578  
114.816429  
207.9554168  
791.6100787  
199.3554811  
981.6250795  
366.858865  
58.08818314  
0.892129196  
