118.3796362  
132.5220382  
433.9791848  
573.0696181  
513.513028  
387.5926697  
122.5750886  
2048.292212  
4046.548034  
2031.987653  
1661.725689  
34.77019756  
4069.842955  
3354.94268  
2397.657178  
1892.903751  
1229.662245  
1945.313112  
1351.00586  
468.7506516  
604.5365026  
3797.569946  
3274.165656  
5380.958737  
3867.780832  
2081.636097  
9557.149851  
5700.84976  
1320.910288  
2345.256437  
14833.01159  
8779.720663  
13074.00756  
5054.912105  
19487.66544  
1403.645162  
2399.547182  
18120.62882  
6179.479433  
133.9504593  
12449.94331  
10397.4089  
3373.084874  
22248.08483  
3058.145284  
315.9942293  
5425.978495  
1946.9479  
1108.87662  
1095.448752  
2540.121072  
1893.072656  
2016.637091  
2392.968737  
553.4539385  
1116.067016  
1667.838125  
1609.196259  
756.6493492  
2143.837401  
2101.210635  
1071.559073  
1365.990671  
17.94552972  
5627.385686  
967.3708102  
744.2896967  
224.159868  
1308.234357  
1475.028905  
2238.60178  
180.1259652  
1596.04146  
1251.361347  
69.74727905  
688.9901135  
966.2901583  
1493.536669  
443.5949262  
572.8972751  
15.86995171  
1364.02045  
3765.647022  
196.7651193  
1149.265758  
436.2213922  
532.5695737  
746.2857053  
150.4558092  
2086.467058  
419.7270558  
1094.971123  
677.8732069  
1180.77938  
727.3827787  
896.390344  
1861.483068  
452.9545758  
2597.25133  
454.2227795  
8.924023856  
877.7264539  
46.46806265  
499.3750884  
358.6006686  
723.3499296  
308.0145044  
172.7216388  
198.2658901  
769.8862176  
416.0494008  
121.076308  
957.0340915  
224.7506553  
1233.775915  
338.9213936  
172.1623839  
603.1997852  
844.7769224  
744.4633785  
2733.685805  
2412.129399  
2702.309458  
1986.053222  
725.3826062  
116.9526599  
1066.106651  
2040.549623  
1169.176738  
48.03100586  
1863.693217  
393.8657683  
1603.808386  
640.506032  
1549.338036  
1055.46926  
397.7628294  
1315.405117  
311.8976842  
782.7049486  
611.8384298  
1174.430955  
772.3047074  
905.083901  
1632.353866  
1127.689542  
877.4574268  
654.6888947  
70.91113661  
290.8019682  
164.2291438  
657.2710795  
755.69001  
3.535851401  
251.834012  
242.5501565  
108.721491  
67.91211358  
524.6419478  
689.4065135  
272.6162842  
587.3865673  
55.26016033  
219.2812426  
481.133348  
3.841059537  
211.705936  
195.9340693  
281.6455737  
49.25424121  
195.74231  
139.4852117  
46.4780607  
236.9906996  
69.88111911  
642.6925492  
28.55025873  
444.1663363  
410.9982479  
38.78346503  
178.4458591  
228.1815884  
99.86208327  
46.84435554  
128.2785316  
338.9488228  
120.1467032  
447.3625119  
578.8250975  
126.3452616  
388.5275805  
4.368409601  
360.9623029  
706.1117884  
827.259185  
355.135835  
53.76128905  
50.6410373  
523.8138715  
91.92524074  
693.381803  
43.17393054  
228.6366874  
177.7818293  
402.2647989  
183.7079275  
191.0886989  
17.95547485  
86.41965846  
372.8661343  
214.5407334  
200.5236133  
134.7505264  
62.41469954  
206.2937254  
279.0250263  
704.1016343  
340.9173569  
267.575143  
236.4922195  
38.22971963  
274.7632326  
19.83676327  
276.0837623  
254.223723  
70.47619509  
424.876043  
459.710461  
141.7275515  
68.55522531  
9.798353781  
355.7859885  
44.1369918  
133.0939204  
166.014772  
476.7425997  
42.34589232  
374.8235228  
20.39635169  
141.6263485  
162.601242  
194.8244205  
777.29538  
316.4172332  
261.9661483  
54.96455085  
125.4314162  
215.7561922  
107.2241997  
343.4286815  
235.5511996  
245.1934835  
203.1010075  
14.28774782  
406.6692533  
95.33935159  
110.2828865  
132.3613537  
7.011177269  
48.36598235  
32.5573304  
53.3699129  
205.2242998  
123.7453457  
341.9303208  
109.0250972  
295.1313949  
129.512609  
59.25809434  
28.4420966  
18.99842787  
336.2598294  
65.89158789  
7.489289966  
1.212410662  
6.611904986  
193.5318005  
26.24888271  
248.2708198  
41.31771154  
155.9789604  
177.3233939  
26.74896896  
103.9809025  
116.1587036  
242.6412939  
136.4032965  
237.4495591  
171.9905866  
112.2663382  
551.8661082  
51.75204765  
17.10225226  
213.1586408  
66.82336657  
