77.29382157  
369.5910013  
1082.436089  
1316.226977  
204.9797227  
2258.803957  
638.9693818  
1978.977911  
1060.129845  
3858.120117  
6773.875451  
1656.83754  
19581.69143  
5376.912338  
18243.86237  
21039.94875  
11001.35641  
105373.9195  
70460.50224  
45090.5886  
16286.65368  
82019.23491  
8196.390868  
26760.4127  
30798.90941  
44270.9544  
92453.90253  
85464.44219  
55839.20453  
44989.0609  
31511.47931  
34943.65361  
14743.75592  
26265.10719  
29549.65035  
19726.04518  
62354.8713  
4252.505301  
928.3704046  
18643.60442  
21440.08253  
15739.79157  
21905.4636  
17360.92059  
17469.20809  
26882.1462  
7817.863431  
19884.84191  
84215.4582  
10475.05301  
60.5124809  
9556.123702  
8983.878671  
5243.104635  
12870.72553  
3426.489251  
13973.42779  
6433.989532  
2353.82299  
6768.9993  
12282.83301  
35.32856643  
29699.78054  
8633.8852  
5491.369131  
4418.041073  
5831.345522  
2453.559969  
1568.409815  
2679.811843  
2444.378132  
11799.33949  
54.22732021  
3291.103882  
2651.586204  
9359.489189  
10120.25688  
7900.667345  
803.0066321  
566.5301836  
9115.407969  
6041.272785  
6070.112035  
3836.585219  
7889.891929  
2243.638087  
8135.802276  
7945.718719  
1085.334308  
3139.814338  
2553.030681  
638.078665  
1086.173186  
1852.33884  
183.8742529  
2300.186712  
3805.037333  
758.6936906  
4600.961468  
2867.782029  
1419.22102  
12.02643013  
482.9126597  
2616.403784  
1169.823061  
8723.284074  
2842.211195  
825.8246862  
3758.705292  
2415.082285  
1527.515235  
325.4998706  
2087.543982  
110.1398917  
1769.437066  
448.2220085  
3276.764669  
4428.356581  
2995.634585  
829.7422932  
1453.774652  
4986.988583  
8868.260366  
1095.020135  
19.74381209  
239.9208513  
5384.528576  
272.3671452  
1758.323934  
753.9222714  
863.3543096  
4603.476437  
48.44313626  
1437.325677  
867.0258263  
3432.041443  
973.4165034  
1430.106731  
529.1991578  
311.1796148  
251.9684186  
712.9138875  
602.7169122  
2342.417941  
1111.209758  
177.7994318  
911.0438677  
170.38248  
195.0995589  
740.6154952  
381.9370744  
3004.376004  
45.5623707  
392.4661724  
410.4793147  
127.5702456  
622.9921168  
705.2836188  
4.514022155  
170.6868709  
701.793568  
182.4122173  
4.872592863  
371.6432983  
596.768455  
310.6015821  
210.8097296  
687.5965169  
259.7245167  
951.8016327  
70.01054837  
347.5948355  
379.9779502  
48.32269244  
994.7935491  
1029.278403  
80.29771793  
155.5744748  
892.1180258  
1383.968303  
71.44485369  
567.4967742  
89.34987748  
46.45448699  
313.0904843  
284.2265631  
69.91444625  
302.2343119  
579.3142462  
24.18601732  
815.4793538  
195.0781837  
645.9082863  
140.5624605  
243.8324504  
429.1922205  
144.9880824  
239.5794882  
145.4301856  
9.334589122  
326.6666184  
16.65024352  
32.26148177  
236.3930391  
49.38676516  
68.01474935  
254.9181653  
668.5714963  
52.06663833  
782.9372992  
22.4730483  
95.83759661  
19.09901903  
257.4244258  
604.6613077  
121.5816983  
249.9290932  
112.209696  
390.9432549  
102.4717696  
53.62411081  
64.72414094  
244.769568  
52.56138701  
303.9939722  
1.592801448  
85.7237106  
39.42596159  
87.46799783  
25.68802184  
15.0151136  
108.9240785  
272.2830515  
2.493830725  
45.52880936  
717.7150146  
592.9641863  
655.5521626  
324.7442633  
1029.465157  
189.7295963  
8.345433818  
253.0656886  
72.31277736  
6.429356934  
511.1094224  
216.6047237  
107.551007  
59.41798188  
48.3739703  
488.7926943  
259.8535514  
4.625037195  
119.980741  
211.616719  
24.1725617  
145.7568101  
226.4134929  
202.038416  
11.59548987  
21.45108012  
209.9098503  
317.3451415  
18.19975663  
243.3700018  
263.1327188  
146.1165888  
17.05640222  
49.60872888  
43.09710114  
207.6245549  
99.24588604  
220.8276703  
383.8882901  
81.34479744  
68.52965777  
147.1124451  
347.3919791  
246.5168525  
100.904257  
43.87915373  
349.8427886  
8.229274232  
59.66002473  
76.57141007  
292.1436402  
163.2321228  
53.95752562  
7.100929596  
80.00478479  
170.5324773  
50.08142078  
39.17124907  
442.6707262  
35.63242196  
