6.165940569  
137.9766629  
282.9294086  
14.96637812  
51.41725857  
916.7893839  
1119.191829  
1138.993074  
2075.021681  
1417.572931  
376.2440725  
161.1447173  
4200.788283  
1869.43547  
1011.312217  
4280.16556  
714.5492397  
2103.285382  
5488.720406  
777.3497418  
7659.711419  
6750.121603  
2289.150522  
4284.857721  
1097.012248  
317.7210388  
5157.173093  
5973.005829  
8592.669785  
19293.80081  
3228.278492  
4107.808716  
2440.916737  
1376.964398  
2807.985216  
4529.485529  
8132.858269  
10207.52297  
3086.714413  
313.2998208  
8185.711095  
731.728444  
6736.134218  
3828.900599  
2348.419421  
11405.36176  
11996.61946  
2072.339091  
402.4562386  
55.2755011  
6180.717325  
768.8516381  
3162.493064  
216.4047582  
640.3920944  
226.8625593  
1183.004941  
2782.721917  
752.4822284  
3793.335626  
329.1439862  
130.3609664  
688.9673386  
539.686295  
4023.293131  
2993.244692  
208.2765366  
1716.373131  
230.95357  
675.2872216  
880.5092976  
1882.43336  
806.4486563  
1978.891854  
433.1980826  
147.829107  
242.9065478  
1051.669889  
282.6975179  
407.1763629  
498.4983548  
1917.825475  
6191.380102  
799.8069613  
263.0958144  
273.9481092  
1065.402073  
235.1666628  
968.8230031  
952.280557  
1297.890936  
226.2805132  
231.1449062  
1454.182187  
945.9803236  
554.7133229  
1567.414097  
3667.961341  
1060.493866  
286.1968865  
3203.590858  
807.0755826  
1674.390341  
1968.627442  
89.98929932  
1080.047205  
1225.431316  
1467.217698  
916.0029619  
1271.573572  
3839.210856  
46.16700996  
3474.261896  
1498.993838  
655.1390081  
1117.192564  
1032.299855  
287.6913748  
3209.096734  
836.7403747  
2783.37065  
5890.884082  
4367.050227  
1618.31647  
2072.48999  
667.5085805  
7474.736324  
1368.249546  
1662.625196  
362.302448  
954.1968039  
417.7820453  
372.0578404  
145.8637322  
1188.253796  
582.7432651  
1914.702207  
715.2347884  
182.8842551  
768.9224162  
2751.988433  
2930.259598  
375.4303463  
2345.078388  
1448.975179  
387.3868396  
1462.570092  
88.75359638  
1583.670383  
234.7292321  
928.1171949  
215.6688107  
60.02997071  
827.0199885  
83.23909491  
797.5500755  
548.65967  
1452.742154  
468.4689377  
9.080000077  
284.33072  
377.7044987  
70.82988317  
99.08438363  
91.22469705  
246.2548198  
201.5101964  
112.9390873  
268.482392  
94.21606459  
347.2415532  
6.152627015  
51.21534481  
91.43537545  
16.59432709  
173.8812129  
282.4890892  
71.68957409  
262.5527043  
12.42977494  
382.4854265  
10.00702482  
168.3611136  
152.3466017  
548.8463033  
199.0580407  
801.9335762  
436.5001791  
41.75031254  
68.39517757  
281.4090996  
243.6041698  
470.5787957  
35.7243434  
219.3720655  
74.16736579  
112.8682227  
99.26472545  
17.59318304  
194.3339104  
99.92250793  
306.5833816  
350.9218676  
212.0565067  
31.27145565  
35.55331857  
26.84088659  
177.6851904  
222.3282523  
46.79475996  
168.262708  
153.3017139  
220.9151771  
49.72355037  
85.78975607  
34.1737288  
126.7270773  
29.42750846  
16.97288758  
156.7271122  
46.7968204  
93.0596702  
85.84303568  
149.7706367  
7.78110992  
165.9832719  
58.69854799  
42.12167698  
156.1671029  
0.7108691589  
80.50228577  
195.8065939  
70.84415338  
189.4080147  
227.9712525  
120.2045911  
5.758399261  
24.4245625  
68.44822907  
4.749806377  
104.4842884  
66.97951207  
54.57050901  
213.8851768  
24.36622189  
136.7782425  
21.05773714  
196.5176992  
99.6798953  
7.881830973  
458.8841069  
81.82035471  
15.69500576  
38.93312657  
67.62381717  
57.72613203  
47.1259801  
15.66373015  
114.5915476  
89.12680614  
32.68806681  
127.6742404  
295.6684833  
98.21881288  
50.77696482  
3.363379103  
146.4786231  
10.90809931  
62.82734175  
79.15164224  
171.9729144  
150.1688967  
163.9857338  
24.52695187  
20.14466003  
95.16761653  
52.04037823  
39.65016112  
2.341298497  
12.22251319  
49.16000289  
48.49989659  
73.56901122  
40.85678569  
159.3622288  
90.78823914  
283.6408752  
3.937378508  
162.7043221  
44.93474875  
105.6716369  
20.91830108  
137.1587941  
152.0564365  
10.83889606  
