4.003578422  
3.742899089  
233.103375  
541.7428079  
532.0414651  
115.1377022  
1468.342368  
485.7166215  
3614.274325  
516.8390669  
394.1400123  
450.9678303  
342.4819314  
505.2383924  
2782.081623  
318.7025875  
240.2382507  
706.4516382  
554.2656842  
230.7514225  
170.5373276  
1828.985631  
3641.668776  
1453.75527  
2791.628652  
486.1940257  
342.489092  
300.1862602  
325.9503653  
2087.305834  
970.8285493  
44.12479115  
626.0472753  
5239.41814  
2021.870116  
0.7935792759  
883.8209766  
1373.81833  
859.9401505  
271.4480016  
1081.41333  
2400.185163  
2659.597394  
205.8013852  
2370.854243  
660.599388  
537.1174024  
810.4938706  
616.1672853  
1026.306161  
1997.287765  
698.447072  
76.60974851  
44.04703632  
82.01340681  
4055.205623  
1252.906835  
286.2388253  
197.2695659  
147.3215961  
57.04641064  
10.87526178  
291.3679674  
230.8300082  
1326.854779  
513.0625778  
51.60249991  
1207.398727  
215.7424291  
474.4704407  
310.4565073  
189.31507  
982.7895338  
1478.657844  
881.5058415  
2191.337294  
2446.393897  
1072.181908  
146.0108905  
824.6351519  
3616.036868  
15155.69004  
9971.301589  
9085.993807  
400.5879531  
19.67122305  
508.8285986  
130.4267484  
1205.579964  
3969.288521  
800.9115138  
2909.364177  
2834.829039  
766.785387  
4026.407555  
6633.024254  
4782.348242  
17068.83739  
6381.294395  
1095.013716  
4055.764684  
848.9904583  
419.5948711  
1699.469821  
1771.965274  
6286.455511  
2525.259386  
3614.41819  
506.5736668  
1198.107769  
2687.426507  
189.8031624  
189.7548923  
1582.804921  
3281.329439  
4966.239259  
1636.539203  
113.6801292  
3885.736577  
1783.193855  
3439.071549  
7361.560649  
5062.7777  
2627.568679  
2891.662824  
901.9764233  
3087.694717  
3778.171585  
2170.692724  
1489.395402  
2393.747819  
60.57144217  
157.745791  
1050.022891  
2738.847071  
305.9406713  
349.3945827  
2611.769859  
117.8488931  
1690.788738  
2556.521833  
1819.577215  
344.9021056  
1765.874916  
2166.157547  
1740.21313  
126.94248  
284.7754622  
511.7199468  
1158.762721  
0.06735535859  
359.2035696  
704.3156397  
258.3864906  
777.4656026  
82.51470987  
907.505711  
563.1502986  
261.9378315  
814.4446902  
643.0715158  
15.15076798  
331.1562497  
1749.006546  
603.8294029  
40.01529495  
829.5156846  
276.527602  
94.96439172  
248.0885836  
56.65650786  
970.6657611  
554.6258084  
473.5301729  
72.92032103  
13.42880769  
955.8480133  
123.4713458  
326.3090775  
16.0480965  
405.079019  
6.991479744  
175.8915131  
41.93531399  
219.2763915  
299.7214313  
1135.710077  
1530.364469  
1194.28249  
137.0147537  
91.57114693  
750.396873  
281.3329625  
218.6745854  
376.9284125  
487.9615002  
28.99567328  
159.9267848  
794.5330528  
153.0833565  
235.2084993  
382.4113338  
427.2347617  
86.64171226  
137.8901715  
70.99748116  
369.7661382  
78.00289277  
17.43264487  
532.5279145  
336.4041306  
284.8634237  
332.0351747  
214.1153167  
212.0286725  
141.3325979  
764.578468  
16.60973454  
236.8713612  
169.7220658  
145.4403206  
817.3070467  
142.3620106  
67.53229024  
163.0254233  
535.3838331  
1604.76203  
108.3544893  
418.5356685  
114.8233961  
37.63504137  
31.32299023  
175.6473108  
111.2279602  
349.6218567  
115.8695641  
16.62605222  
113.2328149  
176.4726673  
122.3223398  
217.7126168  
67.09391507  
321.7404329  
348.9968517  
17.54848406  
33.68982826  
35.22392485  
243.8477883  
212.8192161  
123.4874067  
526.7506344  
268.9221368  
34.58079236  
16.25600523  
71.31415471  
18.782623  
234.4719328  
49.1377957  
78.58099379  
288.8102147  
73.18055686  
262.1123208  
226.4227404  
72.20894393  
129.7170529  
42.11737176  
42.23436558  
98.35018581  
141.0694461  
33.15984404  
52.04890997  
243.7514276  
225.0309245  
33.17879377  
142.9476188  
31.70960923  
13.74750674  
158.6287549  
29.91339471  
66.56410676  
191.9401871  
56.09106332  
42.47988117  
19.03353793  
54.74982128  
145.3712604  
52.73698602  
11.49384457  
116.8990243  
23.87248427  
151.2818095  
390.0627167  
72.30032311  
3.735971684  
6.553184096  
