70.10726656  
34.73016423  
343.9392066  
63.43716081  
578.9778961  
979.8477434  
1084.815512  
25.92338523  
277.706113  
787.5396615  
1244.007881  
399.5680218  
905.8577171  
289.8149298  
3624.493688  
430.3912208  
3908.010628  
1671.829927  
7709.234187  
326.6299737  
490.4402863  
9404.496338  
7236.097875  
2047.256007  
1583.116853  
4458.473536  
6734.929477  
3890.853264  
4252.495645  
1060.228329  
2833.949133  
3820.000193  
793.9067073  
461.2740144  
225.8138623  
112.0032514  
6098.851539  
170.8391881  
1348.214478  
93.64199121  
444.0871114  
2307.677411  
0.980194768  
2629.976957  
866.9765592  
1118.834423  
2693.243446  
493.1797231  
779.4939467  
1603.351141  
2629.478466  
717.0566912  
3823.57763  
28.71052778  
2049.643557  
2020.039169  
1800.711281  
787.6233975  
746.0481952  
5.981144602  
13.49754719  
866.9464166  
278.4927554  
747.5214246  
7144.159166  
1064.349718  
121.0606827  
126.0963453  
94.48433207  
1772.446295  
516.2536071  
205.0286438  
3437.8629  
2342.203055  
599.1332041  
2795.125652  
2260.542837  
45.80965246  
211.7933267  
109.4124384  
175.1693927  
431.5746439  
3367.649289  
1783.362783  
768.8699361  
819.8383394  
228.9293534  
679.8464094  
288.7768782  
3106.934481  
125.048607  
1645.095293  
508.4386318  
1040.130711  
1573.803665  
2538.393287  
4302.706572  
4529.418291  
5816.9584  
439.806648  
2876.170784  
1589.849951  
1085.071008  
1993.542801  
1389.164957  
3344.441059  
2016.308777  
193.1898964  
1860.891578  
1193.409536  
1979.038898  
226.5276501  
3546.431663  
361.7330483  
2567.297344  
612.5471511  
399.4223149  
16.34288451  
2098.014998  
451.6722815  
2179.703432  
6188.376394  
3269.091816  
1814.93571  
1141.771835  
321.8780427  
2924.005135  
2309.401598  
1602.15145  
162.7247057  
896.474199  
1412.265114  
395.3239991  
118.6379634  
2852.882892  
442.4553048  
1929.675135  
714.6697909  
166.0925208  
651.4639652  
1722.673651  
685.1132905  
469.7942015  
147.0301935  
1576.093761  
487.1996171  
40.20463327  
146.6981717  
352.1515767  
958.6178537  
151.4809613  
363.2523144  
676.9263998  
40.39914146  
221.3573005  
415.6661417  
15.53769385  
16.42551805  
493.9265891  
405.602951  
211.0968848  
235.922282  
296.8561741  
359.1082101  
438.4712649  
694.7535934  
985.3865018  
85.00155154  
103.8108045  
39.45940892  
316.8910907  
748.6366006  
112.4333167  
118.1114032  
35.00333241  
825.040188  
109.9298448  
149.0849668  
604.463849  
200.71199  
443.5153993  
180.176415  
233.6628403  
1.694796753  
116.6676649  
31.31724323  
779.2391533  
447.300302  
257.1358927  
250.0642422  
112.7310406  
52.35274249  
226.6167461  
337.0492801  
375.4921133  
31.37939717  
83.72258246  
585.0043231  
757.8225794  
58.42137232  
173.8456754  
79.50668994  
77.31043869  
873.3152022  
532.4616516  
63.08313238  
232.4480935  
190.8662554  
216.4030866  
413.8495041  
556.831549  
323.6470526  
85.43795304  
42.84231431  
439.591129  
219.5500039  
477.1318653  
596.2310349  
156.6441908  
27.72641493  
116.9515878  
207.3656139  
161.0704482  
212.9456988  
197.4123444  
284.8405035  
395.3484795  
164.9474343  
790.0360358  
427.4344545  
110.3105185  
2.774175479  
273.4022865  
21.25290715  
214.0554798  
123.595978  
24.69868034  
36.42918493  
46.1410086  
198.444332  
118.3069458  
71.47496396  
316.0030639  
243.6203882  
104.5634226  
7.550090217  
23.94695594  
25.98593041  
133.7177151  
4.327465274  
343.505498  
227.6820307  
45.88717217  
384.4301735  
264.1345797  
433.9969004  
30.76036381  
470.1323153  
2.705368281  
315.9959083  
401.8923256  
95.68996455  
20.67126593  
80.15330978  
36.43591678  
25.77677594  
142.8781225  
125.8524141  
1.308509599  
91.34795159  
177.9493808  
2.720116286  
181.1952243  
126.5848639  
170.8252539  
55.16616316  
8.816708754  
223.3477837  
167.343735  
39.98071448  
5.383263176  
323.3597756  
214.2280696  
4.549434935  
46.87643707  
84.34189109  
303.3902364  
265.2708607  
8.175891341  
723.4594337  
134.0491341  
258.7119884  
49.00138344  
378.5398262  
518.4770223  
