6.851429002  
77.25308634  
214.9621834  
149.8972955  
23.92778934  
186.5507608  
506.3610545  
140.512287  
134.4618322  
404.0027867  
1231.300477  
1177.600293  
1055.255202  
91.66566565  
807.2030758  
676.4170437  
197.3911105  
1676.343848  
80.71101158  
554.2125254  
162.3490182  
1201.872559  
965.4336502  
133.5141042  
26.06231681  
72.53776438  
222.5699984  
275.9080478  
113.3408523  
522.4788327  
6.918158131  
1829.079463  
73.99483723  
621.8887138  
530.6487146  
215.3794997  
62.64233253  
552.9155144  
285.2897571  
236.1502732  
571.4284438  
439.4006022  
12.92198456  
670.193403  
769.1314601  
848.5184726  
1298.700333  
176.93391  
1342.110584  
836.7642018  
2080.983795  
116.9186619  
56.00822812  
837.4421543  
517.2657443  
907.1721187  
296.4807005  
729.1086514  
741.9479194  
745.362578  
954.9772767  
201.8702282  
80.62900943  
221.3303322  
1901.680747  
797.8576789  
489.2842601  
507.7940522  
332.4386659  
307.8209037  
1420.630588  
381.3245301  
149.2685517  
524.0961155  
50.52295884  
450.259139  
1393.781366  
567.9204529  
433.4821449  
764.1789589  
424.3031839  
2044.550905  
9372.661721  
3526.08083  
491.4179544  
636.5525209  
934.7912748  
231.2090374  
744.3160542  
805.1783794  
361.147926  
399.5996884  
1459.520158  
1107.723348  
192.1985325  
675.3883565  
1960.163206  
1022.044061  
1350.135279  
255.2155224  
412.4089996  
446.3368094  
871.1348844  
41.1273466  
612.2100316  
103.0981772  
3023.920603  
69.91808995  
545.621022  
846.643084  
402.2141582  
15.97378459  
520.6837967  
91.61944312  
1791.072963  
1674.487173  
38.88833715  
1964.09018  
1333.826035  
77.07240264  
1301.18855  
3066.312821  
1462.776976  
646.2193902  
204.1503693  
353.5213327  
2398.366453  
1435.897807  
476.8195908  
421.899719  
153.6072327  
739.9218737  
295.4400772  
182.5605194  
155.8261405  
166.485962  
62.42360577  
2053.685416  
677.7581102  
46.6572691  
23.7738258  
159.3692436  
720.1026584  
14.48821665  
136.33118  
276.5019669  
87.16455443  
74.50618721  
208.1917753  
70.48422616  
31.77633396  
383.3396231  
567.5134931  
14.970916  
319.5503495  
290.0031132  
593.2907137  
214.1219175  
6.347085634  
267.6178983  
496.1972891  
599.1546599  
193.0407926  
1228.969229  
243.459692  
382.6569221  
886.3331713  
492.3588156  
448.990039  
340.9674856  
451.2015363  
602.0630025  
199.8159237  
161.1862474  
593.8078502  
807.6398875  
468.8597551  
198.6760099  
7.368432725  
95.84196672  
0.5317484103  
515.1511032  
214.0859216  
154.8326169  
1010.422557  
92.20334131  
798.0301846  
1365.143676  
32.47692283  
2.915373167  
718.0832235  
147.8645278  
495.0557673  
474.1261706  
463.1929814  
310.275187  
183.2496551  
65.19990153  
39.20229472  
508.5635671  
378.565938  
1259.275507  
494.5694735  
360.4590168  
313.0109786  
81.90572859  
125.6522135  
318.4480713  
488.8586543  
401.8351385  
1043.816924  
257.6922741  
827.0149782  
319.3403546  
79.8626407  
317.0045468  
227.0681795  
826.9594543  
221.4659993  
61.95389853  
1046.263478  
663.1224374  
114.3347556  
475.1838368  
316.9543872  
25.09234211  
150.2454244  
942.9469559  
115.5215476  
12.04967907  
185.936134  
90.61798154  
2096.670068  
179.6035597  
55.83122216  
759.4955328  
1082.086865  
87.41219772  
304.3759864  
483.0044074  
30.50077484  
176.1702031  
58.02260197  
200.9427599  
486.0779252  
66.80692231  
367.7607927  
726.2204895  
61.52983025  
1102.914395  
1970.40935  
452.0266149  
92.19036604  
595.269057  
11.73924928  
225.5954025  
1028.908377  
781.7240885  
747.6275378  
378.6851231  
148.1022449  
812.2429109  
544.4759361  
45.8126216  
240.1125297  
71.65166217  
337.9976518  
371.9364261  
140.1953198  
24.56284169  
152.4171363  
26.61320418  
153.7631632  
98.50767342  
429.6756532  
43.67991668  
16.80469133  
7.368668447  
370.0808018  
143.4852336  
137.3002686  
187.1256021  
467.6892711  
136.8803953  
147.6151724  
771.7774268  
1080.876772  
633.6463169  
42.04655735  
91.85664736  
981.3561068  
267.792537  
23.89931076  
76.9126728  
26.48289147  
