14.2056755  
16.01372474  
19.78076718  
59.36761647  
67.15190954  
19.72014023  
333.7598645  
532.8576412  
2077.990152  
742.2741967  
1761.296891  
698.4595554  
154.4659493  
497.0278266  
266.6002996  
1834.280312  
1455.794137  
48.07907261  
3447.89274  
11.4733563  
379.4561771  
1329.736271  
619.1583684  
303.816877  
151.5271241  
1274.490982  
605.5648763  
784.5343082  
81.90284818  
734.6570502  
303.6179442  
71.53140252  
120.2932033  
1182.755684  
1419.86341  
652.0470073  
573.8515097  
299.6383749  
1780.659374  
299.8549504  
334.6427193  
513.2830156  
42.12181459  
384.1540482  
998.3272925  
1044.28529  
314.199246  
884.0039893  
769.3922268  
20.44408656  
805.7404554  
455.0804603  
341.3440636  
710.8833549  
1873.094748  
164.9513438  
62.00126816  
1202.745971  
207.2755491  
242.3028862  
1474.30643  
139.8521674  
5150.991649  
6.911949  
1166.330897  
12.49562469  
2193.737058  
372.9086884  
867.7258649  
674.4930518  
462.0646061  
353.3070868  
42.60915204  
249.6412568  
902.5917282  
2711.929227  
1259.62972  
542.2463079  
2336.527526  
1025.359249  
209.9472261  
12.93980495  
1028.518487  
269.7778701  
616.0702562  
2037.573235  
87.13059351  
3705.087647  
999.2464252  
2339.242705  
1631.278967  
2185.405208  
575.7707646  
91.9182948  
2009.900099  
2229.092647  
1660.407285  
12657.55102  
2064.302025  
2205.570541  
1291.473804  
690.5584062  
734.4342859  
2299.280704  
486.7491274  
2792.350099  
1666.947083  
64.01412488  
716.8032685  
2568.156637  
3736.296689  
300.7373946  
1997.046585  
2206.619003  
2596.404381  
1323.49671  
1938.109587  
1347.477115  
2298.203391  
1277.371154  
5091.565583  
9522.038564  
1578.036152  
297.0006741  
3822.454416  
650.1239402  
6101.396201  
1764.57839  
5790.345479  
109.1612517  
602.5466756  
288.9521756  
592.833039  
1306.964367  
13.01984668  
1905.76318  
730.5779162  
964.4249191  
186.0944743  
269.4800475  
1000.178962  
1934.102034  
1240.580942  
590.7888574  
852.7763862  
110.2332904  
393.641043  
939.9537069  
1414.385777  
796.1743521  
843.0333779  
1732.753194  
530.5251275  
386.476694  
815.0394471  
291.6665046  
57.14430005  
1430.971077  
17.52877913  
886.3297069  
1138.029512  
899.1126794  
1346.919423  
110.531625  
2050.245107  
1718.010441  
39.87068719  
431.450636  
539.9871705  
819.5955377  
391.8393397  
506.2497985  
248.511715  
381.6792199  
353.9086245  
160.0059707  
212.0551715  
141.362004  
426.2321057  
473.5434205  
3218.864124  
400.1301173  
1273.182351  
57.94803774  
120.6543095  
1008.426956  
670.9853965  
317.9008531  
788.0052326  
1070.532072  
1269.943012  
2066.038161  
1797.964252  
136.8256342  
1146.32962  
464.2643147  
257.3348311  
533.9104271  
985.8990431  
69.87962879  
1062.124776  
1385.878958  
216.1229964  
291.1680139  
1927.195038  
92.02720417  
492.5289714  
41.04459204  
698.5586576  
1571.915838  
1965.971881  
458.4436673  
33.79122178  
350.1496399  
290.7555651  
1196.175745  
256.248169  
32.98231373  
248.8664889  
753.1431976  
431.1937605  
1720.89346  
472.3670902  
103.0153737  
429.0935258  
568.7961506  
1888.930798  
893.2351258  
2048.929434  
480.1195022  
34.87620128  
3.996268658  
313.3392469  
570.2726509  
638.1495241  
159.0927294  
63.29779544  
605.6788216  
169.6102867  
682.8764436  
72.61785341  
312.2245225  
2800.181236  
761.9091611  
2180.373509  
633.2325319  
27.86467111  
574.4483561  
280.7924595  
509.2659147  
1337.118031  
125.7514351  
407.7323506  
876.9759018  
914.7015961  
34.62916945  
307.4349772  
327.949152  
792.5807497  
446.4773455  
249.5858287  
173.6094777  
132.3491267  
642.8689057  
793.9922583  
84.75644307  
774.5156804  
241.1335738  
1086.627659  
304.7211435  
1560.325441  
530.8778197  
67.14396529  
179.4127012  
1652.427551  
912.116283  
297.5804723  
421.8144161  
550.2766468  
223.5334206  
690.2359153  
586.7114534  
16.43062524  
185.7564476  
3.288572969  
228.858565  
937.0390987  
448.6252901  
378.1939108  
65.12769919  
105.7491001  
307.8593853  
27.99263047  
404.6899065  
193.1352102  
