97.19387023  
109.0305548  
486.9370637  
46.97012718  
1753.458267  
2117.972348  
1391.558699  
561.5768817  
1244.55287  
1299.453475  
3272.784934  
95.1886753  
601.1179544  
1089.982802  
4617.480672  
2355.640389  
12752.24037  
18286.90743  
16679.11381  
1865.27946  
12314.5876  
6796.176643  
6433.214438  
516.3400166  
3660.739342  
3216.317733  
22999.18087  
13427.14429  
1712.923846  
7072.630298  
5634.500888  
12369.75856  
4103.161268  
539.7101206  
9043.03708  
74.31552523  
5089.521964  
1109.411365  
1619.893205  
7765.783822  
840.4007584  
4591.914759  
3352.361435  
438.070955  
3025.741715  
2392.894021  
4417.222644  
3196.062106  
1038.930566  
6872.025682  
170.6601851  
253.2638828  
1.87773059  
739.3484712  
2278.184029  
2199.591998  
1326.175046  
4516.043931  
4864.529255  
2123.997922  
529.2753305  
778.5487005  
105.4738421  
1225.094971  
1818.084269  
3769.497973  
2370.454386  
1023.804346  
1239.81591  
520.9551485  
66.56501407  
47.91580404  
161.8222368  
1167.514487  
211.7522592  
2199.378188  
1367.286429  
1099.739228  
871.1347486  
883.4981679  
1300.804796  
2406.404583  
1482.314646  
226.1943596  
346.0482745  
79.36651685  
420.0075493  
1882.33711  
1009.288446  
6535.461338  
227.3321088  
94.54778608  
561.7464411  
530.420741  
1982.092378  
5116.917516  
1026.024734  
1075.45186  
2174.638013  
556.0795601  
869.2844678  
907.0410908  
842.1795197  
207.4615228  
802.647163  
478.2084714  
46.33025179  
304.4615305  
1117.532838  
428.556558  
2331.969016  
585.6242321  
3780.173742  
66.78226944  
2584.45961  
941.0021896  
728.0755108  
564.5755963  
1021.631501  
149.1907334  
3045.364503  
5436.847107  
2002.79844  
199.8483125  
3198.01331  
62.92104803  
2074.205739  
1807.420509  
455.37353  
283.5140677  
121.8430546  
2821.138786  
38.08024522  
109.0267518  
1073.183431  
334.1243733  
2704.161744  
241.535628  
273.3720754  
346.6809515  
585.2716255  
2818.876539  
176.8276991  
264.5733357  
1124.905134  
476.0997137  
477.5629698  
632.0279598  
30.98024638  
645.8502553  
289.3316375  
97.57865384  
45.36218375  
245.1406861  
561.253256  
97.54796593  
24.6898533  
252.0410868  
515.4326044  
412.2764386  
213.8266877  
5.534278558  
176.904439  
299.4827549  
153.3035246  
299.7232406  
776.7022883  
358.0566239  
168.6567897  
56.96675876  
153.7175749  
443.7667061  
785.5534578  
16.9837716  
54.41839725  
309.8492708  
172.7072177  
229.2029907  
234.4046053  
7.528872209  
389.3567199  
81.62024084  
27.61985791  
135.8503245  
64.34675093  
11.11067832  
57.03400666  
149.7999062  
160.5706359  
75.27464733  
483.9709323  
61.83234958  
720.6634934  
246.7473795  
15.7866315  
228.1247165  
52.18877853  
166.6082712  
73.09899359  
263.7248542  
114.1688496  
64.75173222  
335.5429531  
520.7219353  
145.7048895  
164.2223195  
113.4095063  
234.523995  
261.9816431  
52.71715481  
145.7626641  
21.68163971  
36.24423776  
143.1376164  
82.30569579  
343.0579372  
23.86417017  
15.44937751  
228.8851748  
122.3951964  
90.24963891  
355.1764156  
66.42592306  
34.63102925  
264.2682303  
251.8278547  
145.2983306  
555.7789  
59.26993355  
65.63035022  
460.9215401  
90.09531283  
62.65477345  
70.07850183  
579.9886744  
80.62540816  
55.8729814  
10.68001031  
114.3619489  
26.31268278  
134.6517225  
266.8705455  
78.10682429  
13.11225455  
121.8168145  
142.9493184  
44.48383407  
141.8175331  
26.34816548  
1.266328675  
206.3215968  
94.14587333  
61.46140001  
319.7772132  
169.9643173  
292.5139984  
4.181795608  
226.6243864  
19.55909543  
37.74183806  
33.22192117  
28.86461183  
114.7048084  
53.16524114  
173.3753327  
34.64011146  
244.738634  
326.8940969  
127.2725561  
5.58414672  
133.9691459  
136.3264222  
56.46562116  
229.9542433  
250.728885  
231.7225046  
36.15545084  
94.8736541  
19.8372698  
158.815475  
45.03356341  
46.6585149  
2.594028492  
200.8159279  
16.9820253  
89.12829073  
217.2429879  
50.32897756  
1.995453526  
18.99547075  
183.0290693  
21.00669456  
61.06614234  
99.18631062  
105.6874489  
