22.42829943  
65.61466018  
479.4724253  
846.2935866  
820.5145385  
445.1368629  
880.0247686  
3240.752663  
1080.165388  
736.2899567  
3542.525229  
30.42109877  
160.5477805  
1796.68  
421.1736471  
365.337931  
821.0517908  
2365.96479  
1712.753216  
200.0322411  
545.9060422  
4720.855929  
970.1518614  
256.4575868  
649.6716733  
444.1580099  
128.4182935  
826.8909351  
162.6110438  
936.0324181  
1956.249337  
105.8824761  
439.2438516  
426.727533  
464.2778342  
617.7899412  
186.4434454  
95.66777648  
868.1924922  
194.248649  
4221.828663  
310.9117729  
1976.162111  
1392.973399  
1210.070624  
925.7986892  
6715.88747  
3171.785473  
2498.248058  
3247.88458  
3123.272089  
553.7569568  
1203.900351  
753.1562087  
222.1424406  
320.5671563  
1442.815547  
2371.116857  
350.3341876  
592.7592703  
205.1530089  
325.7047419  
3107.781611  
170.696465  
405.5656457  
1580.65341  
765.2470446  
1760.760879  
51.49754621  
647.3783964  
1176.752536  
785.84503  
3308.443224  
445.1268606  
41.25737188  
2153.431978  
1137.304978  
462.5037128  
1051.257446  
23.17310615  
1798.25073  
6789.865543  
1282.95506  
1241.153291  
793.128747  
238.8035404  
242.8810698  
702.39167  
4060.676856  
5938.984978  
3464.528468  
4823.983832  
2119.351302  
65.98242769  
4515.411057  
6357.375674  
4768.876763  
11125.66236  
12257.85507  
857.3064482  
3557.043541  
2302.544304  
1046.698882  
2210.309545  
1304.78607  
4751.564525  
7226.442945  
3629.904268  
37.7822456  
6019.795372  
6773.738504  
2848.010815  
3207.661356  
2190.940485  
2741.471887  
7333.114096  
5685.059637  
736.0040923  
6042.99043  
1155.667427  
9195.007573  
13104.26372  
5808.611648  
5435.788139  
6511.430533  
792.8871763  
11022.01457  
5726.083059  
2903.300208  
3478.78731  
1948.54575  
1870.115132  
1662.629661  
813.8508877  
4837.005288  
117.4524031  
1812.150183  
5607.733134  
421.9383946  
1864.033184  
6573.495009  
5031.754483  
2247.287341  
2521.640354  
3746.639763  
1988.294323  
2054.665377  
885.4609259  
1816.835472  
211.6448375  
698.4795906  
1770.162024  
2403.074082  
412.5878796  
180.3730948  
21.63998425  
1367.621971  
6.295839848  
379.3867803  
92.50890897  
586.0329587  
152.2846536  
3624.055932  
96.16989221  
166.7432353  
9.945392694  
690.7014649  
608.3288518  
107.0427253  
250.9039188  
380.4415508  
173.858059  
43.8291305  
95.17772356  
53.23108182  
1135.171365  
1751.354328  
186.0032178  
451.8566884  
1019.817422  
761.7027642  
60.82843367  
113.5487365  
370.1106096  
71.34860501  
115.4403101  
747.8847166  
1158.561399  
616.3249085  
29.10710513  
208.7972416  
16.97772716  
125.4963984  
670.6260179  
323.1896633  
48.10043682  
147.3309068  
35.29917422  
858.9870394  
118.410593  
324.8092167  
172.1930997  
557.4549089  
603.6961939  
91.0214667  
243.1973601  
64.37737842  
292.7404967  
379.8093527  
419.321815  
637.2996168  
712.1230999  
385.9405545  
14.82440315  
64.79101993  
46.13283849  
1062.036804  
830.012809  
158.7102787  
714.557689  
115.0341626  
613.5398034  
220.1357195  
1235.756342  
57.61866533  
248.6179639  
97.52264337  
131.6955085  
339.0316703  
116.5339394  
452.7650058  
124.0052268  
213.8043909  
146.8760863  
497.7694607  
1088.923832  
354.0199215  
874.0001713  
51.69930631  
1962.126292  
281.7307264  
93.2936753  
1297.685058  
393.383593  
153.4628578  
22.38880092  
69.93869412  
60.17137271  
164.2870952  
661.264471  
597.1148415  
7.982287742  
364.8252402  
0.6827805567  
196.8881033  
332.0369208  
131.4098616  
837.1397883  
313.8122109  
463.3592187  
588.312083  
6.980846227  
457.9610141  
216.2676237  
501.0801904  
19.15481249  
953.7142227  
37.64203027  
23.44357078  
190.9812025  
812.4587069  
537.8836535  
178.1929812  
82.62552705  
89.05549131  
212.5389956  
204.749782  
70.64103003  
790.8240431  
53.54957422  
202.072267  
775.0670567  
460.9899946  
215.741004  
195.0430734  
124.4011634  
369.4222993  
466.2212492  
518.2030987  
434.3251103  
277.1120111  
50.52756612  
111.3098752  
213.9047275  
219.8171493  
