13.71511631  
50.57832347  
36.4005305  
1.4674957  
0.2529059301  
273.8187222  
633.2015768  
12.87532689  
234.8615419  
187.7326989  
4.82572418  
297.5034002  
174.1882146  
3.697873749  
274.6457579  
805.8564423  
373.3939836  
954.1500424  
1691.202485  
802.4996391  
762.4157856  
475.8321085  
439.7014035  
1799.123092  
63.53099349  
670.1187492  
5.038512219  
1079.347441  
1017.639953  
1042.571926  
569.0843424  
658.3592975  
169.406764  
511.3722874  
131.4465347  
37.62802261  
305.1864005  
618.659922  
762.7037728  
34.95872067  
60.08158155  
1477.522072  
1543.142843  
252.2864855  
18.60901266  
705.6159664  
531.7471322  
754.6819987  
603.2392054  
121.5086265  
2048.641335  
12.41632046  
362.1824978  
534.9277812  
489.475318  
567.7495262  
358.5924505  
1196.786183  
196.0322802  
216.1477001  
849.2263657  
1708.069586  
804.1187655  
488.6402517  
460.9862411  
115.5331259  
219.1865717  
536.8523111  
601.7115552  
329.7769577  
34.94449072  
18.48587105  
321.2640097  
1395.321063  
277.8221444  
437.7610419  
319.2705253  
129.708446  
2341.585769  
1591.641482  
1189.893278  
559.739566  
431.2060127  
562.7347154  
728.7657611  
161.0014813  
153.0888276  
496.3105879  
729.1607372  
2569.536027  
731.14655  
286.7794414  
49.2138753  
95.51744171  
217.0307237  
238.6178327  
761.9927142  
2486.372439  
496.8550423  
1346.016086  
1710.027217  
642.1831832  
127.6821102  
870.6919084  
73.15528536  
967.4228235  
1107.653765  
720.399751  
795.4044766  
267.9513263  
318.5761663  
193.8978702  
498.4889704  
1033.662345  
537.3191818  
2472.477195  
1095.308676  
39.32115156  
2221.410945  
418.7219175  
770.4699653  
524.7825148  
2494.39461  
1013.267368  
2764.319975  
1225.545997  
3812.036657  
1235.631941  
983.4900458  
175.6694828  
495.1522966  
246.1672504  
387.7070974  
494.6758946  
657.2162493  
193.0772091  
70.59770945  
1398.232245  
92.63235157  
936.5780672  
815.4414989  
1060.917794  
463.9212079  
758.4060703  
3401.522068  
447.35778  
314.2794055  
285.4286604  
397.5957774  
386.4807059  
753.8092213  
261.4943001  
656.3063708  
411.0974189  
321.4911074  
451.3937508  
852.3227059  
486.1712978  
99.44142429  
446.7537756  
690.1660054  
39.31651643  
46.97618998  
380.6394326  
454.2279116  
1610.175441  
372.1099763  
411.0933375  
2.555603348  
123.6455979  
600.2129929  
1273.100493  
129.4248213  
178.5588618  
131.9062951  
158.4450962  
109.1840408  
97.81554141  
238.4662302  
225.4837305  
871.6914069  
3.797236524  
369.7083437  
512.2052244  
531.3264855  
291.7004199  
115.9873381  
227.0982234  
355.2539324  
464.4676708  
267.1367996  
1108.755545  
373.7512554  
72.78056838  
568.4982096  
16.18140281  
182.8301965  
147.7171564  
859.4799365  
113.5330352  
331.6347815  
58.90813253  
238.8910988  
402.6666569  
1186.311931  
31.90553841  
164.8126888  
139.1839967  
351.7502957  
375.7319896  
13.38493299  
125.6925345  
139.1519093  
59.22971966  
181.862166  
170.7335986  
266.0838496  
229.7136791  
75.76850111  
627.6383288  
210.8936109  
81.2025976  
91.72329857  
332.1466257  
18.60623398  
423.3985571  
136.2030238  
870.5028011  
171.5257471  
120.0269886  
116.8278255  
32.30372849  
39.66939983  
23.99856353  
336.3920179  
145.0602097  
41.08963266  
426.596614  
45.28603856  
440.3197009  
129.2632315  
56.40633638  
694.2707079  
195.6056846  
142.4583256  
102.3325045  
15.19142133  
257.2525716  
174.7874755  
258.4735034  
869.9537245  
135.7910375  
92.3341794  
294.0066894  
425.1667793  
94.44997005  
686.3518943  
129.7747427  
469.7280424  
186.0789038  
184.7534855  
330.547127  
347.7322331  
148.4641074  
80.55998025  
186.034748  
386.8797642  
121.5913636  
60.77718463  
299.4608745  
414.0904741  
199.5685207  
558.6826332  
97.96181324  
397.5242189  
15.08762599  
22.47498595  
13.81715725  
81.22989855  
37.7541346  
14.15865121  
88.12526201  
6.403864088  
241.7092754  
104.5676481  
152.5582962  
185.795523  
129.1232965  
305.7039175  
69.29942109  
223.2589781  
408.1620756  
233.7000119  
513.4360894  
5.718559018  
