235.346163  
181.2609754  
552.085042  
61.26598221  
47.2132327  
1160.719258  
2021.663295  
974.4190369  
1793.929194  
2521.30688  
1451.242413  
137.127621  
738.9103159  
1767.925294  
1775.51001  
713.1723065  
3583.296206  
2697.593123  
7275.379841  
1208.18963  
251.0270065  
5232.589872  
1013.134018  
7130.902922  
3060.249764  
2983.502804  
2458.524853  
712.7449037  
1421.086307  
534.4162022  
3554.497951  
1840.968786  
3712.854221  
1891.957598  
1488.381262  
5809.199995  
688.5819371  
3048.266418  
747.0101752  
1381.027641  
71.90961867  
5813.060361  
457.005696  
144.8957399  
1206.160357  
693.6988569  
3261.137461  
1027.778254  
2249.358892  
2095.033112  
7374.118806  
3926.084218  
37.3910742  
46.30273808  
900.8819676  
315.9461808  
854.9731988  
5531.428478  
1228.627115  
493.2296723  
538.6372601  
332.4212345  
122.6769279  
7.399393778  
1263.350762  
1107.659001  
1317.171501  
328.996389  
274.1430695  
1249.966003  
1425.563185  
1014.13157  
1477.122049  
586.1496643  
1212.951495  
340.9162232  
611.3706867  
481.5043402  
109.1910663  
809.7274663  
2123.367675  
383.0893943  
1950.359963  
848.0905995  
366.0046698  
1372.596164  
1634.406181  
532.0524623  
89.76579916  
2306.566563  
2692.785456  
4718.428601  
929.0714711  
1036.715346  
2070.697682  
2141.794364  
2961.863091  
8102.149469  
4571.438557  
111.8033072  
3606.75761  
612.3220889  
344.6326588  
4883.317453  
147.467701  
5315.893759  
8698.279012  
2789.860698  
1570.393744  
2689.243719  
1331.789547  
507.5851699  
6227.727793  
1168.410229  
2774.479769  
5804.256095  
2206.808416  
1375.046148  
5812.876516  
597.5116164  
4971.607529  
8015.083509  
10006.18767  
1795.421109  
2980.848665  
2366.496122  
7076.155151  
3636.688686  
1858.890927  
1206.528761  
913.6209344  
891.1174195  
477.0198578  
193.7801215  
1117.948361  
219.6796045  
545.6010074  
1065.645588  
294.3327092  
1030.332042  
2965.10332  
464.1047845  
107.9807609  
141.4392924  
1123.588731  
1174.154347  
877.9982771  
58.7940969  
376.6018769  
190.8317594  
32.85986738  
43.45135341  
58.73005355  
98.64306893  
705.2742422  
34.40590632  
820.3256511  
734.8396332  
9.328003419  
61.19129098  
28.97460182  
60.99251475  
953.3172876  
221.8458433  
219.2671313  
72.67081059  
51.79903627  
663.882503  
86.98303351  
724.8063438  
531.9672963  
267.6866533  
329.7447411  
191.9593534  
785.2726091  
252.0270124  
413.0046956  
368.5662827  
340.6135957  
263.2003106  
913.3871073  
220.3100867  
11.42735557  
59.83437575  
457.73192  
31.87079827  
1423.702527  
671.7438579  
256.3197333  
156.1694393  
701.3503889  
100.8826882  
524.2383446  
47.26032108  
16.58817423  
264.8773373  
75.78974695  
145.3084169  
437.257477  
231.9389933  
115.4073326  
156.3873987  
45.89001711  
7.631529493  
31.76250751  
346.3711657  
12.70697544  
38.60547892  
183.1078961  
51.58469259  
901.4017645  
297.9476806  
437.183949  
160.5769316  
4.444425966  
51.27597284  
77.33263564  
52.61897643  
318.6548685  
235.166708  
57.16129462  
125.0476436  
128.9352382  
807.2591667  
179.3167232  
82.72235449  
543.53401  
144.201559  
115.595785  
75.6700376  
166.7972881  
99.43317163  
596.0059653  
745.1600618  
8.902118958  
183.6747446  
213.2883078  
4.053451523  
260.6348485  
132.8165098  
167.3998187  
257.5969652  
146.4915012  
302.7071041  
42.11886893  
375.159131  
270.2218195  
319.3396021  
327.7650547  
495.3739184  
576.7328919  
588.5327361  
2.714929674  
235.5938286  
267.6285821  
103.8774296  
602.1498414  
72.10106705  
602.0870575  
85.42117326  
75.47955397  
79.9584557  
32.49005736  
50.86374223  
219.7359486  
22.54240943  
426.1982852  
116.1907596  
649.3766732  
39.89382885  
363.7523738  
13.48730086  
23.21491987  
3.201404941  
410.5949184  
1.429737443  
4.408237172  
80.03612242  
34.94462418  
185.4498647  
87.3116306  
87.28173209  
163.2411022  
86.0565981  
90.38251529  
8.942721351  
617.8916899  
160.6354739  
127.1707104  
106.1205533  
117.7909799  
219.7924551  
132.1681616  
23.38094644  
75.19087481  
