6.902863299  
39.96916562  
125.3345044  
411.0467131  
60.54049268  
343.0125163  
52.20256953  
25.33788498  
392.3743448  
2553.461684  
93.62241883  
1625.004435  
2405.846066  
2766.506664  
248.2492458  
2019.826687  
672.6900874  
688.4097142  
2620.610863  
2906.481375  
870.8285078  
1186.61081  
244.7619852  
200.0861884  
263.3843025  
151.4181947  
255.1663116  
580.0600372  
849.3430675  
3525.404287  
22.65008146  
3223.186956  
1497.213782  
1186.310597  
2700.321861  
1309.630366  
570.1935115  
416.271575  
79.14349361  
2020.377347  
181.5929557  
728.1037305  
741.3368728  
960.4487866  
1855.002903  
1048.282713  
313.8683627  
102.8358693  
3359.743064  
607.2897782  
282.731554  
50.44250326  
701.9952265  
157.8448694  
803.2768609  
626.6556878  
123.3303881  
1713.070015  
649.1917649  
214.1807581  
982.5909467  
34.54269947  
119.0010275  
392.2051614  
45.36389026  
216.1588159  
37.20619701  
240.93877  
20.74171057  
36.2668764  
21.49111356  
56.56280707  
709.6958991  
103.2641277  
2133.162783  
1512.675024  
301.2086669  
1428.726482  
1260.425879  
423.5338412  
1514.226147  
54.44446291  
3954.344824  
1287.358865  
392.2895566  
1582.22923  
1922.73394  
28.04474059  
1248.662183  
2524.884015  
572.4991395  
1051.794372  
4307.933532  
1722.040415  
1717.019619  
6694.241107  
5401.165135  
16689.3335  
3358.341977  
2543.261909  
2260.906089  
279.843795  
204.8696183  
1532.353204  
493.7318262  
5519.162419  
2028.633514  
840.4783203  
362.062766  
1784.414641  
1613.85103  
211.5835056  
1730.312431  
572.1839863  
6463.779457  
2291.593878  
2522.400402  
225.1604657  
1742.943168  
3271.273307  
2464.126373  
8302.224972  
3750.08186  
1964.88574  
4288.595994  
55.92237801  
4000.753257  
1917.503088  
577.6602213  
4233.14015  
1579.823613  
818.5139536  
438.7456913  
970.7988863  
3973.426404  
641.6416606  
853.0930981  
184.6921303  
519.0094376  
153.4328698  
775.1415398  
621.1643544  
169.5734209  
709.1499516  
34.83263213  
41.3544793  
253.4714101  
89.39378495  
687.8798712  
71.86999174  
70.67727762  
1507.348451  
899.1670496  
418.3089368  
1.861206318  
389.3325242  
287.0921131  
604.0026708  
920.0703394  
350.7667455  
315.1798365  
757.8943647  
47.47135407  
278.8665644  
724.488149  
433.1766364  
576.9681581  
329.2809013  
286.8260017  
63.42680328  
426.1307714  
251.7713109  
571.1095162  
116.1443869  
68.14385767  
702.5070959  
4.115152488  
249.9649506  
94.40149489  
128.9730724  
24.08218778  
56.30507341  
11.37161066  
168.4790268  
331.3895911  
312.3752635  
881.3296257  
37.58651113  
653.6169001  
359.39348  
209.2324877  
381.9364218  
205.2539989  
233.1079383  
313.935068  
100.7027123  
107.5418301  
153.0399296  
107.9487906  
177.8554416  
233.6097769  
24.71318692  
4.088373993  
525.6815854  
666.5760621  
417.0159891  
27.43005166  
243.772521  
218.5663158  
185.8393852  
86.87459579  
828.4451381  
10.44143931  
6.847142329  
57.73455016  
38.28507153  
22.63502307  
47.7173975  
51.53397977  
311.0646299  
193.2837102  
93.24388067  
185.1430386  
568.1806946  
428.1495724  
162.9143521  
486.5080493  
168.6202618  
1150.662564  
62.35832123  
303.6990562  
139.9191247  
574.3248377  
110.490617  
349.4820762  
137.4666958  
399.6841815  
451.7877088  
19.46412216  
569.1268559  
184.3271451  
59.54988258  
683.2732114  
335.8010344  
49.6723598  
12.13580627  
539.6214624  
184.9662577  
219.7201781  
228.7891828  
328.2666757  
159.1461849  
678.6916162  
474.2142675  
355.399419  
263.7730632  
38.98005732  
93.90431834  
448.7734043  
140.5778215  
368.223879  
590.2517856  
269.2888455  
194.4791675  
108.3904841  
37.40514466  
108.5654882  
673.6839966  
247.0637273  
8.271048552  
119.7964902  
629.3622039  
167.6705246  
121.4850238  
358.2355423  
281.1819426  
202.7146406  
174.829027  
71.96796307  
3.25009146  
134.8039499  
361.7393165  
46.07846653  
132.7595503  
44.45242234  
66.59834046  
447.3504559  
105.0478783  
165.1768946  
43.2222737  
109.8780759  
69.26752725  
23.35768089  
147.4555973  
30.26221111  
