22.06661266  
160.5326236  
117.2864138  
37.02650204  
33.95905329  
1760.844792  
102.4235205  
651.2893362  
593.5973224  
1186.447804  
2407.620383  
1153.661576  
4291.924163  
2465.8096  
4081.264479  
3417.249901  
1462.520708  
764.8853624  
4324.533883  
526.4303177  
2018.815361  
500.4776935  
1453.831094  
1930.13519  
394.2272445  
1551.864678  
2316.057498  
2781.40864  
707.4937138  
5259.528169  
2366.190023  
4962.273762  
2062.90497  
10.64018681  
607.6695115  
866.5098961  
1131.363897  
3116.452916  
405.6711334  
1768.80467  
2053.38602  
832.7346579  
599.3894177  
554.5358748  
99.51173474  
1025.63033  
378.293138  
3023.002897  
2933.71016  
1052.186061  
12136.84422  
1125.90733  
2939.345494  
1480.871445  
2822.693805  
1008.354355  
816.7166052  
584.4368926  
953.972645  
178.7231115  
1232.404663  
2364.974715  
253.7500041  
1745.550681  
8710.608282  
1345.879439  
327.7127434  
191.486115  
1668.1576  
45.1593333  
1214.815244  
2546.679018  
1456.497223  
1995.54257  
1122.44262  
518.2179782  
2186.150222  
1450.137741  
621.42318  
643.3981295  
130.2504543  
2347.955624  
633.3672372  
523.5991175  
7187.143066  
1699.580849  
336.6971064  
586.8697713  
471.9001525  
5348.522384  
1819.162556  
570.9105314  
3505.464449  
1265.949687  
7217.27276  
3694.283109  
17564.23576  
13008.42667  
6771.996087  
1141.64086  
2940.773492  
4417.935603  
154.8492782  
3663.622381  
131.2032333  
6419.165925  
15057.94253  
3520.529086  
42.55731668  
183.6480854  
1675.064648  
660.7682949  
585.3573398  
1310.041494  
4373.388957  
11203.13479  
4459.594817  
398.8027118  
8715.930069  
1987.879267  
4920.912946  
21039.97864  
3478.841859  
9721.322567  
1689.869126  
311.6725104  
6620.984445  
6256.558143  
2160.356048  
7786.34666  
1199.72168  
62.33455836  
3314.738406  
811.3976635  
4300.177458  
1738.855777  
1379.534215  
5180.133132  
1488.501092  
6241.697789  
3926.408554  
4831.714786  
1054.364237  
1970.565624  
9666.100982  
1157.488684  
1531.423414  
631.8368342  
1480.273535  
501.6587752  
1027.129762  
1713.564196  
820.9024288  
2261.76168  
3100.575165  
1245.192223  
1512.720638  
372.8654927  
3251.906602  
166.5255078  
3767.062775  
290.3832367  
1308.301417  
418.1851822  
452.8175808  
359.6191466  
338.2926065  
1296.801824  
625.5283  
1733.226067  
529.8281506  
2455.278999  
495.9864313  
1260.781567  
142.0387452  
815.3315876  
2589.741165  
859.2407879  
845.80055  
242.6524646  
287.7023413  
1690.607116  
1085.96853  
62.10304212  
2070.390542  
2107.121835  
932.8544015  
2310.340842  
989.7256224  
1278.744731  
1285.906896  
1176.077009  
143.327841  
181.1538969  
1206.012763  
2847.986899  
7.658005664  
239.5967951  
1238.794597  
1273.26783  
143.9567798  
1361.683617  
5648.121279  
4800.806863  
1181.484228  
714.0138126  
461.6023101  
524.9306456  
322.9804211  
1854.217816  
342.7836426  
1471.912999  
1931.624227  
803.2899157  
1915.709151  
3468.590575  
1095.434991  
1822.179562  
365.6943037  
1634.756947  
16.31698584  
203.4126833  
265.1235495  
943.4662771  
2150.690774  
1070.842573  
444.4736885  
430.2713449  
316.9958612  
137.3966388  
233.9265474  
103.0253114  
934.908242  
22.37860806  
1106.423614  
83.30060798  
203.3914611  
164.204341  
484.8369156  
263.5157392  
847.6993947  
1387.065498  
18.2308109  
201.1262991  
364.9604769  
419.3722969  
2779.092865  
180.819997  
967.1907829  
42.01003208  
1443.098474  
173.2341724  
25.45531655  
162.5016431  
463.8731366  
48.13029971  
405.1897207  
210.5965194  
204.8738362  
276.9782371  
511.8261051  
1543.592683  
105.1867071  
62.51200521  
399.3578774  
910.9344561  
154.9018876  
115.3216998  
270.3616352  
134.7527251  
25.36296423  
668.4542255  
710.4527864  
181.7424105  
540.6515309  
729.8438858  
240.0404755  
456.6091112  
34.68036906  
807.6580533  
316.1399097  
268.6794946  
5.848766422  
712.503225  
824.4106572  
483.2609044  
233.6201135  
293.4217142  
1128.305401  
29.4026296  
629.8268633  
1306.952863  
203.9575717  
651.8487932  
2.135956606  
