30.62928099  
84.89408572  
168.4651066  
186.7366624  
47.79761715  
218.2614143  
989.4064772  
746.2460802  
475.3360555  
1922.429415  
2514.21934  
6845.783362  
1910.343803  
1009.300263  
1263.430172  
365.8920448  
3702.763697  
459.6753931  
2667.917714  
1246.723431  
276.9381552  
867.3380059  
346.6585828  
1298.023149  
3616.158611  
3297.504061  
257.4852779  
978.1471132  
613.792614  
826.3675449  
530.3335773  
1613.333159  
2.824816107  
75.30308464  
252.8502659  
5336.121966  
18.53241802  
2204.039132  
2123.405281  
1900.063125  
1510.681779  
455.6763242  
7831.3234  
311.2794096  
636.369068  
763.5832596  
2770.381473  
212.4845169  
53.6424847  
1189.232307  
2506.933664  
1840.345047  
1100.277211  
1282.504258  
129.7510661  
343.9544924  
429.7076351  
1445.581369  
379.8135081  
204.9980999  
3536.461003  
3045.474674  
253.2522766  
2863.419378  
297.1087227  
226.2691324  
2274.603587  
32.05999898  
94.77146393  
238.6700588  
2030.060529  
340.3212757  
399.631399  
315.1492071  
2194.094526  
3664.56543  
204.593929  
2242.401442  
3247.351134  
696.0372922  
60.60347677  
1303.016507  
2656.93909  
243.0706205  
1520.923  
281.7632613  
1694.248407  
757.2793659  
1009.902343  
1767.009496  
295.2324206  
6772.851281  
1992.289488  
3944.511882  
2588.283475  
4510.655792  
3353.252552  
17976.77726  
1676.24893  
131.3320083  
4361.891058  
6439.843397  
136.1848627  
2408.070454  
50.98427092  
9060.67248  
5930.368798  
6139.219374  
497.2183433  
6609.312458  
5702.763055  
800.4958181  
5575.494341  
903.4748299  
3518.137198  
5499.327221  
5721.692958  
509.978983  
9554.780408  
372.142996  
12224.75394  
13955.93556  
7331.221551  
3321.41242  
8814.988513  
1472.105424  
10271.95689  
6168.033831  
3161.619464  
409.0677828  
1380.822424  
2002.625351  
1322.444976  
1108.258081  
2929.148017  
21.92289852  
2014.777877  
1196.773787  
330.1457517  
663.3018666  
2425.565924  
4600.471525  
336.3132213  
918.1156636  
5439.925583  
2456.755354  
1115.469653  
710.7966302  
488.180467  
175.6677989  
317.8616965  
201.9402985  
114.5778015  
54.80552521  
711.9358014  
1024.657253  
1018.2097  
1985.396232  
298.2069777  
171.6573655  
1385.771289  
457.2219068  
1538.844696  
190.9587199  
1636.169138  
329.8139026  
1216.519482  
735.1200325  
306.8950755  
1100.284434  
606.8424415  
221.3875833  
75.24333787  
126.259048  
118.8539419  
537.9000508  
47.71775287  
86.3430005  
896.2113138  
729.0386154  
461.2051165  
275.8587162  
1160.720352  
632.8267557  
1181.837866  
526.4219561  
1000.56046  
194.795399  
186.4914123  
376.8819926  
1299.890899  
30.41873538  
112.1161805  
231.3333033  
328.284586  
841.0153199  
49.53979744  
5.580609799  
447.3506577  
552.4267612  
226.9937917  
46.57625893  
393.2462348  
2237.617116  
78.88475876  
76.47101708  
187.6351687  
260.3726265  
170.1352275  
125.0632449  
862.6874265  
256.5552349  
371.4148185  
536.6873609  
64.53707899  
401.6744899  
38.21298804  
210.9403742  
81.49405163  
80.73930863  
265.5297514  
545.0121865  
1060.647138  
568.2088077  
84.85897036  
219.5548343  
196.8268003  
370.2022624  
123.1640906  
180.3671728  
834.5811766  
197.2587931  
46.69129579  
100.15043  
289.2380881  
57.41213126  
359.6636387  
11.067277  
202.4430768  
403.934693  
162.3909977  
221.5737799  
42.26622989  
125.8076211  
92.03216423  
32.73143426  
404.9507263  
88.00811325  
476.4136116  
447.913607  
389.4496447  
294.9106393  
82.55278945  
394.476672  
131.5260403  
54.7147973  
1.365070107  
221.3907005  
247.2894131  
61.59087814  
43.24619661  
253.2825894  
5.919410773  
14.08745892  
0.948155344  
752.7199044  
20.03428539  
249.9724263  
191.2395327  
281.9729401  
170.4186004  
211.9580951  
5.904661538  
113.0503735  
55.88087293  
187.6174696  
0.6035705924  
46.4916912  
18.31256641  
431.1116735  
11.99083635  
169.1735224  
40.80707085  
18.47523747  
69.03703191  
0.5725323042  
132.8158664  
412.2418477  
787.633344  
90.26767019  
173.9328197  
34.49249387  
52.4627566  
256.0282416  
33.27490415  
