2.449726383  
26.50818088  
23.12175053  
108.6208371  
9.086086598  
225.2728345  
80.86748044  
6.796881117  
61.78570445  
479.1122  
924.4930392  
25.49704578  
24.48411843  
94.7192772  
185.3825994  
1883.144739  
480.0263518  
166.4800387  
160.3404039  
953.7946758  
1022.663498  
61.11655576  
712.3480224  
167.3706549  
1016.494446  
475.8771031  
393.0484262  
341.5192735  
1215.899852  
674.4410963  
2615.596263  
1708.238122  
172.4737105  
1502.680752  
569.2725098  
489.6868858  
196.2766289  
138.3417583  
622.3212353  
2117.024688  
880.8779833  
2805.39869  
76.82365881  
663.1543574  
899.5117612  
46.63864263  
1162.685207  
114.3315344  
138.6782302  
1249.952161  
33.33208221  
223.9362234  
431.3805918  
306.0825241  
1128.962872  
116.050354  
274.6606233  
1324.72881  
237.6073068  
137.6343942  
474.9897828  
58.65405346  
49.18457987  
82.87138049  
137.6085147  
340.969292  
596.1195384  
173.8422129  
801.586582  
615.7172085  
689.1636627  
517.2484985  
939.9492424  
35.38461615  
1450.589393  
122.8346044  
3061.587069  
843.7801993  
69.29996357  
1963.588326  
129.3759199  
5000.844008  
3592.743797  
1675.472288  
323.5716387  
1118.291415  
346.4248058  
135.0508843  
798.975138  
669.0016688  
156.1419412  
1654.299011  
491.7115218  
11.12882243  
1610.69572  
670.1832251  
5819.645861  
3490.472933  
4280.15502  
1499.128468  
2697.774522  
1536.520729  
1164.910105  
479.5447017  
431.0111892  
1835.563774  
6550.235843  
343.4578224  
180.2722239  
53.47985665  
638.3072147  
196.8263664  
220.3700058  
3512.579083  
1486.657478  
931.6123365  
286.9349446  
994.1821778  
1763.605225  
50.89613584  
1647.458553  
4530.874253  
4984.580411  
2503.2025  
1483.033877  
91.64482527  
4762.887187  
2159.223657  
4248.983624  
2206.559712  
567.1710467  
472.1237107  
513.1705845  
264.6701485  
1344.34993  
495.7955386  
315.4670412  
157.9390018  
676.4734919  
2604.771691  
2470.039648  
2101.35216  
4.839448698  
633.7361119  
928.8977935  
1801.430528  
1291.984835  
291.6118017  
21.97290571  
324.6383436  
662.7870986  
269.1941286  
856.1446248  
551.3336655  
70.13805969  
147.2950107  
608.2126895  
1371.967976  
568.0912902  
778.5996449  
415.622336  
463.9157995  
37.13551027  
416.8273786  
681.045578  
117.3067071  
217.96  
2586.783308  
360.919965  
136.4784475  
503.3369204  
458.9993263  
395.1536324  
249.8967064  
385.1556124  
227.5864778  
580.8354014  
352.0623713  
189.4761333  
469.4134925  
1338.823166  
600.8321009  
666.9019428  
22.25528691  
1222.687868  
293.4885636  
421.1815061  
29.82030398  
1349.238948  
380.0662199  
396.0959384  
795.3712881  
1003.821934  
65.93690358  
195.4888866  
724.3946685  
795.5210396  
657.4220181  
1022.535237  
483.6555695  
1648.042047  
1270.813604  
586.8578565  
2932.558906  
1053.933831  
648.4943932  
647.6751522  
282.794214  
263.6428234  
686.2750642  
139.0799827  
13.94920959  
98.16544492  
873.6038471  
1194.624019  
808.3885667  
46.22934126  
742.8843294  
879.5586542  
325.0712418  
1003.083841  
404.1411315  
1929.015828  
130.8075904  
564.9637243  
96.41263957  
2046.458777  
1078.834015  
250.8593004  
492.443849  
765.430044  
64.46290486  
87.18872225  
45.74994644  
261.4229277  
781.7789623  
948.2537378  
528.9889439  
6.966792249  
467.4625668  
368.7301037  
53.71845017  
1815.658963  
1171.380825  
149.792741  
371.0770458  
1799.881657  
105.1009411  
299.6618178  
142.8318528  
1124.889347  
315.5009123  
419.0248248  
1971.815401  
205.14756  
207.5817918  
77.13187587  
52.1561306  
322.0519372  
685.5618939  
883.9244068  
730.5557626  
19.61199221  
88.09567723  
865.0007184  
432.1808672  
1190.622114  
229.1268078  
445.2831279  
76.90004924  
628.082524  
586.4602259  
200.417878  
399.694141  
983.3177094  
63.02463223  
988.5798959  
108.5374054  
137.3036579  
147.6796259  
226.6649665  
161.2398473  
120.0295172  
249.9019624  
991.2705505  
588.009936  
700.041195  
652.8079269  
329.0959497  
38.72727257  
322.9341768  
53.67538752  
540.6100854  
730.2730197  
1210.813954  
