5.394605075  
178.7316188  
148.1818296  
318.5509709  
61.07451882  
660.9448986  
1184.476512  
2533.264109  
521.5346137  
1376.159798  
686.9683712  
75.66702198  
1146.055508  
1105.920921  
1786.259631  
3344.210148  
4830.519573  
937.3501424  
3987.701354  
596.5963174  
1999.960337  
595.7134787  
555.7448194  
1003.023561  
4869.517425  
816.5110526  
3001.03826  
2059.998781  
2341.519816  
2050.047556  
1413.461972  
2865.808972  
2818.832071  
3368.329834  
1124.829888  
1679.360389  
2677.079357  
6715.978295  
1147.957352  
1314.090077  
8037.152348  
1211.786992  
540.2285001  
1314.070512  
875.236486  
310.8244601  
1369.790235  
1396.668534  
696.1195243  
849.2427844  
1121.273575  
3402.759931  
783.5818851  
272.6665165  
15.65422552  
1055.430711  
2282.762925  
186.1113751  
4204.034318  
4281.717817  
2876.025045  
3560.051841  
402.4254511  
580.965825  
1818.100389  
2930.7373  
42.91962511  
23.81297247  
91.32568574  
3064.003315  
48.0628976  
925.5671758  
42.32271876  
1220.426263  
392.684999  
339.3797862  
1709.805609  
839.9785459  
3425.766627  
849.4857532  
400.0532865  
6841.562618  
22675.22676  
8555.599303  
1119.59955  
907.7621512  
915.7199441  
7.654265573  
662.04505  
923.4570491  
932.3527408  
630.9535082  
781.4318766  
1725.1863  
908.5592086  
5435.129608  
1772.314591  
9485.356238  
3975.19563  
986.4098221  
2984.867225  
452.0274094  
895.6688994  
605.0525779  
243.6816457  
1818.394771  
1228.388934  
662.8271449  
833.4442117  
1741.803814  
300.1969644  
1141.131247  
1629.976721  
1282.149386  
2959.635319  
1999.461028  
2500.129305  
302.1561441  
2257.471683  
2465.873495  
6520.11093  
12799.49467  
1025.809239  
2904.207638  
1377.628249  
66.12439443  
5315.657327  
1512.669874  
2577.482917  
4049.821657  
1682.868793  
242.85812  
71.33490233  
344.4758179  
110.7293624  
27.4893181  
1028.049077  
981.0706225  
119.3405786  
1003.061457  
265.3624632  
307.4971304  
274.5031494  
1015.970087  
620.291946  
503.4805701  
370.2920762  
609.1613219  
1171.149789  
62.99328969  
920.4335313  
53.24209157  
985.9410507  
622.8038078  
72.7148094  
498.9961766  
952.4562958  
872.0671937  
536.7326148  
843.7171264  
847.0207205  
156.4169889  
177.8999955  
130.6356385  
540.2000203  
1254.501484  
618.3133215  
550.0167122  
118.6465398  
669.7273143  
406.6100412  
1040.052134  
745.399864  
370.4267374  
157.0041881  
1172.107486  
264.0974139  
333.489276  
382.2491678  
334.8614229  
199.8848417  
376.6518887  
18.62368494  
58.6218225  
870.258771  
589.2200958  
167.3543046  
299.4490644  
162.9228244  
283.527952  
72.16649955  
433.8349504  
225.3319626  
333.6503739  
43.95004531  
181.3183824  
656.4946444  
45.30205563  
61.30157261  
23.10766291  
252.1427727  
605.4837706  
96.59159093  
84.41074028  
837.3362408  
50.08614292  
201.9275198  
48.71500993  
117.7560347  
2216.221353  
270.5398415  
588.4224868  
212.098125  
141.1183541  
439.2522929  
40.5362922  
279.0346998  
477.6355789  
459.6337387  
96.76503756  
616.6590776  
217.8440752  
196.0558181  
1435.885641  
654.6658996  
794.2831  
565.6624113  
273.7783649  
381.2736224  
374.5720067  
490.3701235  
79.99896395  
414.3337017  
543.3890922  
228.7046797  
1915.473313  
770.0714064  
815.4474554  
279.4591754  
565.0600221  
339.5636322  
88.82178907  
339.6530532  
91.66073575  
162.0696704  
381.1102335  
45.75977325  
196.2107757  
485.1373393  
382.8223931  
118.049521  
241.0721126  
170.1516451  
418.2823852  
555.7939352  
2.817189887  
379.1480332  
151.5012908  
366.5788351  
52.66793215  
490.6845865  
778.1574194  
398.6381163  
321.3187789  
91.33161722  
87.28418916  
189.9839416  
1128.868259  
354.7501055  
119.1231872  
24.45468148  
95.59742146  
41.90107123  
10.31579085  
988.5669816  
109.747325  
151.3030751  
115.6205424  
195.7633124  
226.6372825  
91.90503674  
67.7266719  
138.4569394  
25.75815695  
132.8941094  
495.5965299  
577.0602204  
296.6575993  
47.13323421  
184.7720776  
353.3026945  
304.5446237  
166.9375344  
51.86714281  
811.1697307  
