14.75005966  
300.1081704  
534.0362269  
147.4273624  
39.70695995  
920.6118281  
1375.124477  
1460.236359  
8655.868317  
2707.048681  
2254.611332  
1808.96528  
75.41295192  
1255.536997  
2683.552645  
1249.639998  
2913.002869  
153.4802542  
3104.667446  
1658.984612  
3298.684778  
56.83519245  
4016.363727  
3109.790418  
442.2987011  
72.88086241  
7158.516783  
2189.791091  
29495.98314  
12427.39116  
11431.11017  
1893.690445  
4581.230949  
4523.02345  
10843.21502  
181.9504044  
1174.237814  
532.7592334  
4425.652477  
191.6050483  
5663.235599  
5696.776894  
93.45673276  
5513.70418  
2236.128668  
5320.501963  
6613.245196  
3582.143151  
7102.833526  
6649.810084  
6183.228895  
464.4600757  
502.1916483  
3583.495639  
1991.24041  
2577.450736  
819.850501  
218.6739236  
332.8080972  
302.7748541  
2448.46626  
2527.250385  
707.1345403  
2054.187781  
408.9021532  
655.210358  
158.4122559  
6640.064112  
161.6851217  
401.3015822  
2215.902257  
1582.885441  
1084.213584  
3466.608563  
143.5709432  
1155.850034  
550.8720562  
1304.762502  
636.7680374  
199.572842  
751.152631  
908.8519235  
1879.357998  
1060.725318  
118.6839458  
1116.329308  
455.2643246  
72.45930944  
58.97853671  
2217.946351  
541.7158243  
2779.50102  
274.4857022  
201.9066603  
555.1327525  
1669.120705  
1683.030716  
3434.658663  
3618.859228  
209.2172139  
750.2748193  
391.2208035  
265.2589647  
1258.534764  
123.3955386  
984.6820094  
2139.635849  
756.2541566  
1070.739163  
2197.319418  
1068.820608  
108.8451664  
2235.73757  
1122.154355  
3244.528054  
2780.508677  
912.5264916  
566.0631641  
2547.326167  
958.2745013  
2536.557496  
4482.154023  
2163.056019  
1725.825806  
2236.176855  
8.930283321  
3298.727122  
2396.420665  
510.0689746  
838.1105522  
1128.718126  
431.3876421  
728.8669888  
484.5926138  
1510.204893  
141.9005206  
170.1493504  
224.0618403  
613.6765456  
1239.412395  
1164.355739  
1907.469527  
461.3189696  
561.2250246  
1744.295808  
1830.898515  
154.1533242  
98.40707767  
383.757074  
570.0252692  
295.1827337  
226.6715412  
189.0956696  
18.33832661  
290.0545085  
205.8132464  
105.753376  
256.872618  
349.2308223  
20.02689056  
695.3441683  
36.50418113  
130.9629741  
694.8981269  
257.3422954  
173.5036879  
587.8506893  
161.1665286  
216.8272173  
135.4149083  
375.6470312  
313.4062104  
189.2770226  
90.19643646  
132.1815509  
146.3073668  
91.44812098  
293.8807427  
279.4689511  
180.7329871  
1.738663332  
43.84342604  
83.02333944  
54.17401854  
5.926661801  
68.49538662  
281.8899091  
37.69319418  
374.9334886  
134.837133  
48.87827677  
391.9391562  
254.1007057  
34.04596391  
43.87035239  
221.1502594  
249.0107311  
78.33279445  
778.9234521  
3.544095932  
275.9256238  
56.94709552  
255.0317924  
44.3768436  
85.55804466  
177.663426  
36.57582866  
170.5376163  
242.7567192  
350.9736877  
5.15869637  
371.7914425  
19.04744104  
120.9915774  
58.08761799  
79.7572045  
291.6151476  
44.56715371  
191.7388223  
34.41075201  
29.99597174  
317.5194234  
15.24342348  
179.6721003  
39.50346533  
307.2465545  
175.8950597  
85.81203578  
0.07114534552  
57.59784707  
206.9223545  
43.24370821  
317.6041446  
32.04623816  
61.31836274  
203.9014325  
62.92342983  
149.2306669  
132.1548032  
291.6122196  
342.819059  
21.96534605  
383.3576194  
54.33586702  
0.1481648987  
42.21002355  
36.78174208  
67.47039351  
323.6036138  
112.2777806  
16.07806329  
103.7014423  
368.1902127  
77.84601249  
73.09331615  
167.1218917  
53.47709772  
38.91224843  
81.62294035  
126.6328263  
6.346975355  
4.783642954  
0.8198925093  
32.20733251  
114.1800825  
46.0018034  
375.0674352  
49.94612733  
24.51077467  
13.08251121  
1.573200582  
47.35279328  
3.392690291  
84.22764198  
110.8623314  
13.45266455  
152.888095  
4.221111347  
95.01194879  
24.35461198  
122.0252211  
5.383759205  
273.9480979  
74.49271712  
278.0448722  
127.9622438  
84.00981005  
38.32952234  
75.6326023  
10.18930898  
325.479524  
3.457449332  
102.420726  
27.16982287  
15.13111186  
