29.6237436  
7.037637223  
53.17215841  
89.58555449  
24.90432763  
10.79305238  
209.4743545  
503.8355638  
247.0648722  
226.7031961  
321.0567823  
395.7129985  
158.6128168  
475.9383448  
52.92492835  
395.4611171  
135.1327889  
95.83793806  
371.6934601  
886.1405998  
86.59658094  
211.1785364  
1085.82211  
661.8530275  
478.4343676  
557.117466  
336.9817218  
69.49744621  
362.4622596  
745.0074471  
202.4938567  
999.065711  
832.5839129  
207.6808274  
460.2193698  
120.1058621  
1634.402135  
457.2920834  
379.6258105  
554.7571728  
257.7143575  
150.517094  
1681.637285  
193.4955255  
655.6422144  
1040.990754  
120.5130337  
111.3127963  
1936.119338  
901.9733982  
161.3916794  
116.4053033  
70.60910159  
256.2798719  
753.50952  
38.66214928  
767.9974544  
339.0251362  
80.56305532  
396.003682  
155.6786245  
844.9851311  
459.8309745  
844.5539802  
1883.576954  
1174.143875  
379.5814616  
1247.379146  
181.9731311  
1276.848088  
1115.733899  
651.54827  
153.8134285  
57.52327284  
1711.37499  
88.51404158  
834.120074  
1068.618652  
498.0399922  
734.1480543  
195.7946209  
3461.089521  
449.8935392  
1246.925423  
604.6531666  
409.5582139  
1759.946293  
1235.362249  
1368.626375  
3933.725485  
2809.817405  
3044.946248  
5853.196808  
3049.76275  
4013.360366  
8675.978576  
14480.70735  
18722.88175  
8197.992292  
1223.649959  
7890.638181  
3515.748285  
1812.419466  
7213.337992  
1356.457955  
8565.602388  
9274.087592  
3248.00853  
1552.858127  
3228.623845  
6719.34393  
47.82425216  
6098.973426  
2291.628916  
9407.414961  
10740.55898  
4395.166534  
3102.993563  
9992.88536  
5501.130116  
9223.984806  
29672.2482  
14103.24709  
8393.377964  
8623.43069  
1374.366868  
15420.75311  
12741.57155  
7542.804174  
5036.412968  
2563.222136  
619.8566395  
2974.598525  
269.1721119  
4402.336483  
201.9636797  
1985.497248  
4942.830832  
153.0294572  
2575.477388  
7194.256385  
3631.630504  
1495.268745  
1232.511017  
6188.530473  
2718.564221  
585.2951008  
1689.355115  
3027.394742  
2046.327735  
368.5405018  
673.7899642  
214.2427272  
14.486642  
1971.380028  
384.4971375  
1257.364163  
1922.707419  
1664.456162  
652.0799266  
663.8045426  
513.700957  
3376.87857  
192.6148023  
377.8917844  
225.8377566  
260.7713204  
288.0338532  
151.4723397  
295.3003026  
692.3031252  
496.8383101  
63.52724414  
188.7168112  
851.407499  
170.2710044  
243.0249319  
60.55289836  
51.26649465  
130.412676  
20.26001199  
71.06353579  
310.2500782  
195.6943769  
347.9590754  
607.2618553  
374.7772649  
166.9823172  
123.3943858  
205.9539922  
81.80835912  
127.3860589  
931.4836039  
739.7783817  
766.974108  
304.0396387  
917.1113858  
137.6739537  
301.390882  
55.12303255  
166.6044692  
568.6153586  
1.521290078  
43.00081745  
538.6750608  
236.5751259  
9.622810731  
106.6738921  
53.01360141  
209.7558638  
526.6863278  
516.4046704  
34.34414219  
95.16289908  
46.03931524  
273.3480247  
31.26479568  
287.3704625  
4.352764027  
42.04856568  
145.7122681  
125.2538812  
612.4701686  
81.49274758  
72.03657756  
358.0068118  
861.9091708  
344.4579336  
492.1975937  
476.8085509  
61.43164716  
16.76736926  
214.1314503  
150.6788725  
91.62654419  
536.6330172  
51.66981479  
75.69213478  
150.1699772  
527.4862101  
712.1241414  
212.2311056  
504.5529793  
209.4326783  
595.3817282  
195.0297921  
11.7414198  
14.92492587  
22.75132438  
44.0493078  
278.6007428  
17.38826751  
208.6146736  
72.30166989  
343.4260888  
70.10337271  
144.3397766  
187.4122733  
221.695213  
155.1192849  
104.9491032  
129.1619644  
172.727923  
64.36728015  
26.60159609  
139.7963106  
470.6970544  
420.0331444  
68.01766854  
62.16554648  
41.60564897  
370.0241083  
96.08362209  
68.34656938  
68.8488431  
119.0755289  
49.63353919  
50.28499703  
174.5994843  
20.17373602  
40.5677077  
104.4608237  
129.8514331  
0.5045494723  
164.09198  
245.7801309  
35.87371728  
162.91567  
148.8201878  
51.67157773  
11.86208174  
123.8565698  
34.65602867  
133.6692209  
131.5782283  
