11.89822229  
82.37162325  
379.375006  
239.754413  
415.4677656  
567.8424135  
295.9075958  
113.4458182  
1432.514692  
1624.660128  
1794.991655  
2162.97507  
782.987734  
474.7349952  
880.83514  
2440.227717  
428.584173  
203.3174176  
12.09178006  
1333.889056  
241.7120853  
2117.209077  
3848.754154  
960.8532101  
3606.380807  
1069.216541  
2323.003844  
1980.349284  
4099.831275  
1635.793814  
1178.800906  
599.5604395  
543.181468  
900.2746143  
977.7327596  
454.114875  
3046.472716  
774.1730727  
821.8141736  
445.1589678  
5238.893509  
70.77251662  
504.9062942  
6548.535517  
639.6087302  
1364.844603  
87.77376415  
43.39377216  
758.88637  
53.87147977  
3007.862139  
718.2564117  
0.1087175296  
1498.26938  
533.6495999  
1286.662356  
680.779409  
362.637522  
940.6269883  
1609.096807  
88.8055965  
117.7316008  
700.8565117  
1554.544623  
939.7678319  
1211.9734  
1200.870295  
43.57108768  
1300.582515  
932.7515934  
318.370589  
858.1318832  
1575.320443  
764.0114357  
2406.619499  
458.3508309  
3387.891785  
466.2672738  
293.6449921  
2352.601657  
1355.818794  
2177.610664  
7821.982827  
1990.464041  
290.5846606  
4507.460615  
998.5470106  
544.9749472  
3289.611339  
1260.275375  
1537.250328  
1938.848463  
2272.628356  
1438.396653  
308.129696  
4535.440444  
5263.017314  
9509.078666  
1593.122751  
254.5873366  
4034.01418  
289.7756798  
700.4798408  
1433.124812  
214.2893486  
4575.196424  
3465.042269  
4454.663826  
804.1117074  
2390.079452  
5416.296282  
1300.422102  
1670.44777  
634.0946266  
3078.013166  
3261.15508  
819.8687529  
1711.529022  
3831.109405  
1185.935066  
4709.185417  
8700.218056  
10104.26907  
2052.864282  
3802.121296  
1870.701996  
6655.649312  
7348.602416  
3531.849335  
2411.995643  
2015.308336  
1438.158135  
533.9681464  
131.5397477  
598.9347347  
114.7926354  
612.0868027  
3047.195366  
456.4958782  
2584.048481  
4792.90616  
1711.201476  
624.674869  
1468.777107  
1459.140856  
1487.106706  
390.631797  
31.67155982  
107.0820143  
69.71128694  
97.40225239  
1146.420346  
1087.747343  
253.5177309  
55.57990722  
35.53283316  
348.9256228  
612.5558287  
995.9979139  
74.78869155  
237.6307791  
655.5179163  
970.0130565  
425.0708662  
120.7326558  
93.05538249  
1976.450151  
195.3577343  
380.0841049  
354.1995405  
381.279479  
274.1331599  
331.3672788  
150.6806274  
533.8887841  
165.6815881  
135.0425483  
1165.149787  
332.0606586  
156.0051438  
1.365076815  
1060.409113  
187.6784517  
175.7807453  
204.2137876  
120.5566869  
68.46477345  
35.38860887  
340.2636161  
161.6823464  
562.1938254  
254.2267512  
49.39171247  
459.0483012  
867.6178675  
25.24791813  
247.7760773  
234.5914699  
477.2768118  
179.9988475  
502.9128172  
217.7925822  
862.8545747  
332.0862891  
473.1503787  
166.8168464  
187.4904172  
105.0169817  
307.1531671  
567.8823909  
128.226672  
110.8459313  
129.0927094  
355.4738626  
67.87209892  
36.43821957  
427.2168409  
96.65556257  
1271.394819  
73.56988445  
2.810006566  
38.58833689  
287.6788987  
99.93874642  
60.96913087  
453.4808401  
119.6442948  
706.2213447  
222.4972006  
87.73182496  
145.1824312  
58.47967356  
520.0448501  
198.661636  
98.3278708  
361.2235281  
255.3017094  
37.03584873  
10.72354915  
19.71522828  
19.73262438  
535.9076261  
250.3529197  
353.9630496  
53.75243107  
151.4871401  
26.16699642  
785.7453018  
16.7476011  
66.95580726  
74.04178049  
15.69662962  
78.34063735  
57.82987881  
33.09802115  
73.70498629  
116.1447133  
109.6274992  
15.47227501  
59.13650891  
211.051705  
169.6202905  
143.4942783  
111.6477107  
79.69026213  
195.147466  
307.7268507  
77.27820633  
8.43975481  
482.8529371  
163.7827831  
97.99091244  
108.8511407  
217.7449502  
39.67820938  
77.6502253  
261.5587222  
7.352535006  
43.31947687  
71.12421786  
108.7158131  
247.5691204  
138.1103839  
147.2948633  
62.26053596  
209.5389675  
196.6290393  
225.8910846  
418.1447973  
35.29044612  
312.2343662  
10.73343265  
7.021340804  
48.82096112  
175.760892  
