18.81894224  
7.521552449  
54.31365324  
67.21062886  
29.45637458  
234.7367591  
727.2298006  
190.2862511  
36.32672459  
42.41019625  
37.5534432  
1617.738415  
711.053278  
1442.303227  
657.5623144  
2055.87618  
574.497181  
1293.674695  
1719.319387  
627.0040494  
544.2563731  
1250.378885  
43.06369768  
301.9419383  
255.7835881  
73.20702628  
247.0848178  
23.11410322  
1130.125084  
424.7591659  
484.2587374  
3544.835298  
32.94400596  
1276.150907  
2697.283215  
149.5591767  
973.9175095  
1455.346432  
4343.898015  
2884.508943  
178.6927543  
331.499805  
3040.183907  
421.2325314  
1046.255951  
855.8398818  
815.4167346  
0.5632731502  
1419.125885  
3353.780106  
463.3138035  
58.83472283  
404.4930477  
392.8875493  
46.55038866  
24.34459193  
596.1428283  
939.722192  
45.82099925  
279.9835338  
124.2476661  
456.2395022  
220.7470936  
418.9979876  
888.6682272  
1495.67011  
327.3791554  
186.9825749  
10.17687788  
377.6313757  
194.7250738  
484.5057218  
540.3441946  
965.4738488  
811.7780038  
18.14877647  
669.4161002  
654.840602  
11.47671135  
214.7356492  
759.7431181  
560.664516  
2614.186529  
238.7115636  
343.6013691  
274.5635086  
321.7579236  
202.1978096  
609.4858366  
2002.78588  
558.1303343  
259.6011873  
1135.236763  
212.4389909  
1567.712116  
289.9573142  
2946.972744  
2777.642671  
175.24577  
940.0001155  
3344.20975  
471.30971  
436.4949593  
388.234818  
45.30169013  
1410.212974  
713.3325618  
1536.338604  
519.7543661  
703.8058206  
3238.827226  
25.54861912  
601.2342637  
898.6316723  
2165.7453  
2540.091  
1616.846561  
948.0257247  
1245.105754  
2070.613689  
2018.736317  
2567.143386  
133.4804428  
1088.778958  
1289.408705  
203.1902357  
1080.383702  
1320.648987  
259.4511466  
1771.665309  
605.1340851  
49.46860943  
1466.916439  
565.949507  
2558.729029  
364.123643  
262.6771488  
1025.14428  
1264.619105  
1515.16829  
3140.24685  
1267.825449  
2183.538544  
1597.062525  
187.53477  
825.4887373  
621.3338735  
253.8329125  
816.5683115  
1007.77284  
131.4147919  
62.77772702  
681.2210247  
7.866025475  
508.4243976  
235.7099594  
396.4378295  
16.22934981  
287.3215181  
177.0023892  
266.0456898  
22.73312793  
4.405831066  
251.5687732  
633.4049799  
411.3877487  
113.797547  
566.770224  
228.7775805  
74.32006237  
12.67303642  
1324.15384  
169.2904464  
98.72537158  
580.7209049  
1424.750167  
227.6733608  
8.004629777  
531.3131107  
153.6230548  
533.5194563  
41.46526187  
92.23607272  
388.0991772  
164.4823543  
671.0977801  
24.75260143  
316.1575418  
236.9751145  
39.15159039  
294.4487588  
241.8184963  
244.9136931  
462.3754537  
211.7242298  
583.8319736  
249.7092298  
205.8324086  
1107.040833  
205.3789949  
296.5340319  
779.3591461  
547.1867296  
458.8181242  
353.6642814  
46.47503513  
173.9002328  
44.03047086  
124.0860494  
121.920356  
219.0088589  
697.7046094  
181.4556109  
432.2564634  
337.9253944  
73.26725796  
301.2025716  
498.703464  
111.3585892  
13.77997013  
988.1437831  
12.38038673  
24.86311184  
582.3647394  
31.91281869  
249.7187726  
33.44399905  
11.50077138  
39.97949084  
541.3283715  
89.32909087  
150.1719995  
450.6506106  
674.7294136  
432.4608403  
341.0384634  
165.4934623  
49.58473111  
116.9521277  
216.7769261  
536.2586861  
38.37891837  
9.883606715  
268.0517036  
267.0532691  
113.3867071  
545.0447157  
62.10644389  
106.8512869  
64.26824813  
218.7173203  
82.05713112  
132.4624487  
20.89957956  
98.57465896  
266.5084479  
168.078187  
18.03149871  
253.1854723  
34.31613872  
16.14259156  
106.4645199  
16.00622698  
62.39503197  
150.2543829  
168.4863152  
64.87571325  
393.7740798  
169.0152522  
169.0696014  
70.23983193  
100.8931122  
283.7116221  
215.7878169  
216.5445094  
196.8103933  
103.6734955  
50.03610294  
28.82137837  
25.51267914  
49.31114848  
72.71109257  
140.0363966  
99.3194196  
46.10057742  
72.65690319  
108.5957449  
54.20903207  
67.32624283  
133.6685824  
57.09447199  
142.7682074  
367.4461435  
48.17894009  
0.601237406  
