1.635118838  
0.4013970601  
66.12457815  
102.9766798  
16.04059916  
112.6978719  
399.4713336  
942.9554084  
149.3219293  
2109.878635  
1241.632832  
5203.047199  
123.7150106  
625.2470602  
275.3230273  
2180.91219  
2019.127087  
909.4543329  
2434.484095  
2647.096605  
2396.836589  
4487.096559  
591.0731134  
3397.208604  
12102.14602  
563.2960756  
7907.88087  
286.5031949  
31.05384417  
1682.43273  
21965.11681  
5625.848577  
7734.991178  
2857.582952  
1120.207389  
4012.631625  
7334.825102  
12077.3923  
981.4047014  
256.284121  
3946.510343  
1726.841316  
14.05436391  
356.2151706  
6077.493029  
528.5919132  
1871.858848  
1727.464731  
919.1334893  
6081.785134  
4203.861763  
4099.51799  
301.8590766  
240.9289558  
67.46262086  
1627.170343  
2932.590778  
1017.055748  
170.7623751  
252.718843  
193.8710096  
62.27281279  
603.6748266  
1114.674277  
2626.932347  
1623.538501  
761.9818515  
263.5038896  
438.2753424  
247.8983038  
27.95892782  
537.6476345  
459.5725559  
406.7048025  
828.8606269  
1284.971682  
343.1831467  
1905.54381  
1384.342744  
1922.276754  
156.8946525  
1370.21295  
308.7806858  
636.1218995  
429.9572302  
972.7774463  
878.3849358  
27.21910675  
468.2974684  
1722.615804  
1447.269447  
1014.03959  
1489.484236  
1483.199404  
3646.459498  
2473.052883  
6821.153794  
14274.26775  
5469.333136  
913.4081202  
7044.885884  
175.3342791  
615.8289885  
3110.969105  
320.036596  
2205.907144  
10669.19258  
1478.521421  
1190.224203  
3798.86576  
4300.499449  
706.6447392  
1878.659106  
1398.500863  
6187.877344  
3332.739404  
3807.424465  
7.299632686  
6165.201018  
2647.914166  
6363.416081  
15483.8258  
10515.96656  
5962.459386  
5631.786771  
1999.020371  
9198.055057  
8747.078286  
5779.834624  
3600.282878  
1816.514673  
135.7293849  
1634.820992  
159.2311587  
2487.611936  
118.0323418  
815.1321751  
3478.652775  
927.6147038  
2207.714268  
6386.500693  
3404.042961  
546.8033871  
1281.557082  
2398.022936  
860.701991  
512.2636043  
545.9076033  
438.0213743  
65.8602782  
455.7626625  
381.2524326  
102.8482571  
216.3651104  
165.6042226  
549.4513236  
1213.490793  
1042.393384  
1375.309264  
162.8024133  
638.1789814  
159.95173  
442.0181661  
131.0224168  
383.4478752  
20.4744636  
14.73699208  
140.3190995  
582.9304504  
390.8009873  
172.6021977  
315.6025878  
62.84904195  
36.33540514  
174.2666133  
10.80077232  
348.4377067  
391.5153288  
155.1663479  
662.3240966  
220.746587  
87.98431928  
534.741957  
730.0948719  
322.8802197  
128.4816503  
996.0619982  
673.3530694  
22.34008632  
263.8334953  
23.5319297  
12.8472392  
529.1056564  
41.7842525  
795.4036351  
153.0211668  
194.8916358  
14.57511248  
283.9753177  
93.31395139  
188.6254548  
73.18267571  
428.0032332  
272.9282943  
17.3390594  
11.47166575  
139.1136416  
6.886932619  
197.6490947  
203.9571963  
60.17132005  
0.1211639078  
11.4556326  
333.7559416  
4.347212388  
341.6221814  
13.4493249  
117.1030156  
90.14208469  
22.40319555  
200.0402806  
117.2324764  
694.7900432  
137.0283551  
48.45960628  
32.06982645  
32.06511743  
201.7372705  
280.8322321  
73.53821717  
249.5606587  
26.6750778  
235.6499987  
143.448692  
131.5187736  
178.0526079  
182.3936568  
14.6148495  
179.4234617  
93.83740109  
177.337699  
105.9971223  
46.3271219  
126.6149944  
149.3220555  
158.4715378  
247.8855588  
134.670637  
77.10832414  
330.2381151  
264.0223925  
378.2045619  
86.65111652  
31.9819566  
136.9768272  
0.5586628018  
25.77372078  
413.5714376  
233.8842062  
115.0576227  
21.48602133  
382.7478103  
10.51735772  
68.231962  
38.9823045  
46.74198175  
83.02242628  
7.579766264  
241.3264413  
112.5182877  
382.417481  
63.00921029  
24.20531901  
112.6360127  
643.6356531  
67.94238134  
4.344238765  
230.2841791  
43.85473888  
7.948830501  
22.86586235  
35.30423957  
18.45894372  
98.93848148  
54.62617151  
136.8466603  
72.80130329  
53.67364263  
9.907204045  
289.4440963  
77.35118236  
93.42698998  
13.46925026  
8.098900319  
2.398949727  
