13.94584287  
56.39574372  
68.67630564  
228.5030867  
157.1383845  
553.4640248  
487.0957481  
39.04378231  
159.1948351  
584.2759116  
1544.125675  
1216.280417  
393.7535764  
1169.385339  
8032.069627  
2837.809177  
3292.792583  
6455.495148  
5480.767259  
2657.990951  
769.8958273  
9850.342289  
223.7843087  
137.5686589  
3452.891192  
1615.875723  
8247.733663  
3131.640614  
10491.38469  
9161.593206  
2574.920025  
1118.836383  
3189.377287  
3028.587856  
914.1173399  
528.5022121  
2562.928984  
1915.383858  
137.3061404  
693.1579047  
1593.51713  
3138.367297  
271.1570745  
382.6257788  
665.3436069  
202.9793919  
120.5645759  
465.8564099  
3570.292399  
1626.081019  
3519.735733  
875.284925  
1411.601183  
720.1190868  
1790.935968  
271.0649123  
369.6986741  
274.2595459  
618.9783316  
440.3535515  
423.2625271  
691.3403789  
160.3495351  
2171.016315  
235.9567361  
608.0716387  
1113.511492  
406.0514106  
578.523753  
902.3183303  
546.8735781  
2276.455291  
627.9657731  
455.2744035  
2257.393572  
667.2369967  
675.4874189  
123.5207993  
396.328227  
29.46861432  
520.8645281  
4750.197685  
3284.757841  
196.6306074  
644.4128622  
1178.274561  
330.7623585  
1893.133409  
440.4081517  
619.3742617  
2751.378602  
458.1708244  
706.3429857  
50.80338279  
344.0646823  
404.4693172  
4348.648753  
2713.270568  
1755.957466  
494.2020876  
105.7502602  
1205.740359  
1440.107839  
1135.226225  
248.706697  
2410.741113  
4311.532211  
1328.742848  
2213.686921  
1002.236663  
2352.757734  
486.9424937  
2231.548357  
308.6932785  
1858.599058  
1308.151351  
27.30449102  
2592.65677  
554.3113645  
1453.758976  
3815.078789  
10782.49538  
3498.948923  
2121.912041  
2434.254645  
490.0036854  
2573.899954  
5009.219316  
1837.936357  
1335.390459  
1473.181976  
1033.008925  
840.780672  
366.3100572  
2780.479068  
51.32677686  
79.62522313  
1808.866603  
84.25205004  
2384.641157  
3349.359858  
3878.742503  
297.7508471  
2164.829003  
1822.136128  
1659.436112  
418.0635556  
389.6765231  
415.2394978  
244.3326098  
101.0603149  
279.2688303  
1085.225784  
179.1389077  
93.50740011  
420.1052836  
416.979928  
1234.93406  
57.02303259  
2.107417805  
68.2331902  
138.3052216  
617.3514698  
78.25197706  
271.3551783  
189.9759333  
216.5074277  
223.499367  
126.8466095  
1137.55751  
475.2444339  
107.2933  
12.85324289  
658.5837303  
17.81051439  
447.8745291  
125.1951312  
103.2998908  
277.405113  
514.0369734  
63.02140113  
260.2758716  
319.7969812  
28.94510081  
29.79120897  
151.0125891  
468.2068942  
363.1123681  
51.51362109  
34.83662968  
167.881143  
12.44427379  
81.69517941  
153.2901694  
173.7972537  
1.293423035  
117.1204764  
730.930173  
140.8770283  
425.909838  
234.3832188  
276.9793673  
159.8574474  
151.7900091  
252.597259  
29.5408378  
97.51198574  
63.90030308  
244.644644  
18.5903  
125.0150044  
93.41964194  
75.93310761  
388.6588707  
19.54232855  
249.4348431  
167.2543421  
292.7729424  
25.71368295  
44.99594937  
110.8394927  
69.93283997  
24.35244833  
35.26858355  
128.7792951  
95.34691476  
83.79483031  
229.600705  
259.9577824  
32.98876572  
99.34463891  
198.1000657  
47.1665477  
142.1414318  
115.3333337  
489.9950663  
120.1205071  
61.73113664  
34.35081127  
106.8197067  
61.88873141  
70.95446566  
140.105563  
13.83507611  
157.6017766  
384.8022825  
46.51058397  
100.8905189  
48.62184744  
53.2839859  
98.54336231  
56.45329653  
37.99256014  
43.94376083  
73.56969553  
164.7015297  
22.66346355  
257.0751326  
19.47126832  
229.3612061  
65.93326239  
240.0668646  
27.21237181  
31.94658164  
5.751129598  
67.79149993  
40.73225992  
71.98855885  
73.12734982  
37.51377515  
345.1186692  
242.2419213  
29.96704713  
114.3857581  
9.00389765  
131.9008281  
60.71181679  
77.1732611  
3.4308835  
18.80782104  
173.9799824  
45.61153155  
112.5419835  
25.38941783  
36.44627318  
50.92430007  
3.197455796  
75.70572378  
114.406782  
382.8134725  
58.36656993  
82.75817274  
96.07493515  
22.17525629  
1.84689459  
