16.97614555  
15.70806418  
28.20709529  
62.68732013  
354.2811882  
405.4720112  
214.0697078  
24.67839089  
59.48270927  
70.50069118  
97.32406728  
334.4651146  
446.963386  
3636.444049  
18.11734611  
4066.894537  
439.6453629  
1202.49427  
296.2460246  
814.5306479  
708.8643201  
403.2419923  
683.1234116  
1062.537866  
2363.693714  
260.2809235  
650.8347684  
2311.108114  
135.3110899  
16.15358311  
1927.727778  
3844.968125  
82.40200959  
1011.502103  
75.57179604  
187.7236179  
408.663002  
0.03334352816  
532.218891  
218.4436072  
1506.810107  
633.054454  
645.3218506  
345.4677261  
615.5911928  
962.0799897  
107.0973293  
52.56067291  
1309.101021  
349.6328145  
109.4870047  
1326.165687  
530.1019101  
486.7965779  
485.6669351  
1145.996418  
2257.873465  
663.9229422  
1203.706559  
127.3592895  
1586.431626  
40.40338524  
2335.511402  
1084.400394  
1101.349491  
672.5070243  
2414.714874  
997.5817293  
1028.989749  
1019.969018  
880.2602705  
33.5720155  
216.8148363  
87.01322309  
2509.640898  
95.10872186  
528.2275211  
1149.146946  
125.3695109  
561.5608138  
2242.794187  
1701.093215  
438.653907  
4805.754102  
327.8224899  
574.4615398  
1030.464933  
342.0785036  
905.547459  
302.2233297  
112.1736191  
852.6100862  
1016.885298  
893.1309136  
1048.261371  
368.6992904  
704.619922  
3014.010599  
4371.582402  
360.6344651  
3561.810469  
2889.545567  
1527.144095  
761.4109612  
1253.664647  
3009.638385  
3472.966136  
627.9158247  
118.8095525  
277.5068593  
1479.491916  
415.0070734  
775.5249977  
539.786335  
3419.473757  
1943.331562  
319.3363355  
512.579784  
3386.674265  
1509.303579  
2154.112467  
8650.570342  
5567.727313  
478.393926  
4108.974933  
2097.751516  
5813.060653  
894.4887408  
4002.74918  
1433.542061  
654.8367718  
1259.806451  
942.0425196  
572.5343019  
2770.667874  
2076.644837  
278.253117  
744.0982771  
662.2537461  
336.6308576  
2531.515537  
1351.185177  
369.6077469  
1027.477015  
1365.095908  
411.9756865  
202.8057266  
59.31871223  
1092.964627  
153.7809242  
41.81224014  
1164.094957  
77.66928237  
527.7023913  
52.80387659  
316.3670702  
311.8895175  
111.5554296  
307.5641441  
469.5342197  
491.5152555  
50.74002722  
40.5250738  
1127.223388  
79.57753612  
82.41537228  
270.6017746  
140.435549  
26.1590094  
390.9794096  
2126.090143  
31.41113532  
392.7009298  
386.4497539  
276.5197584  
457.2944331  
219.6344415  
195.6367792  
381.6078171  
583.9406762  
185.0937163  
243.2833795  
361.2925366  
283.9864358  
261.9630482  
169.0480169  
991.6341583  
55.84867793  
196.8495073  
26.05673228  
143.0561886  
53.59972534  
121.7888819  
46.24413542  
602.1802508  
23.31664511  
265.8268463  
70.70260731  
245.417178  
164.6172448  
136.6605942  
29.74676804  
241.5833298  
231.4225378  
228.6284474  
135.6575395  
251.4096558  
247.7674021  
207.2922236  
462.6920368  
266.2618523  
469.114166  
184.2410527  
219.7655098  
24.09737929  
0.1116517421  
226.9168688  
35.29764591  
238.9594308  
1.63965421  
96.93960317  
149.9328707  
673.2327275  
114.5830863  
501.8027798  
716.05529  
76.57589059  
429.4266856  
206.5472817  
84.46345617  
59.39039576  
62.86443839  
315.8010921  
471.3013263  
223.9135727  
151.3903889  
364.6778954  
26.29208918  
279.544904  
1532.320135  
255.8517256  
356.2257386  
362.3554145  
151.4235125  
143.2801379  
130.3976616  
208.3402591  
419.7224435  
55.79273685  
78.92826643  
400.451704  
99.44635395  
1.83973904  
182.3010704  
101.0229128  
389.818688  
340.8425526  
155.8088785  
259.8701618  
326.8684274  
393.0346188  
573.9628781  
336.3340585  
220.8627215  
201.8423624  
243.6572281  
237.2675751  
96.12036135  
130.1988054  
6.94191428  
271.2734627  
6.33924721  
283.1383303  
52.79336072  
758.0971754  
23.40821297  
146.1274785  
131.9152792  
3.297952737  
20.0062426  
99.54018998  
3.792857338  
112.5829129  
48.81275426  
483.2328106  
134.1329525  
156.4687758  
65.31808487  
407.6550989  
23.33442336  
116.5874577  
11.74238151  
120.1225315  
60.54668514  
300.7232633  
