3.210333877  
2.221817959  
-0.6542166557  
-3.774554118  
-0.3404893556  
0.8530283419  
-0.5321266387  
-1.987398685  
2.684337536  
2.398434656  
-1.565942813  
-0.5735162617  
3.543502249  
2.169504045  
-0.5933243358  
-1.251624799  
-1.469911132  
0.2652254568  
-0.7223949186  
-0.04060882762  
-0.03400870113  
0.2587094812  
-1.282638616  
-1.779891954  
-0.5032364919  
3.393389102  
-1.537268152  
-5.600814369  
-4.839425738  
-1.833421972  
1.908363044  
2.416194368  
1.127811917  
3.195574773  
4.293495925  
-2.219876747  
-5.59783627  
-1.129035176  
0.7651007224  
-0.3969995319  
-3.381797745  
-3.3996915  
0.2232557532  
1.966711296  
-1.730913031  
2.510567488  
2.00833064  
0.5013864857  
0.5910131826  
5.541968672  
4.058746736  
-2.930614435  
-4.589180462  
-0.2201580244  
3.436133064  
3.155337141  
2.259974832  
4.001209036  
7.226124184  
1.922988854  
-3.120513165  
-3.659926527  
0.4691388261  
-4.174309952  
-5.823928266  
-3.786855139  
-1.713431872  
0.02966009591  
-2.427280588  
-2.831117136  
-3.780513382  
2.055947323  
3.00393928  
3.813757422  
3.49009978  
-1.7461207  
1.235549636  
3.394164962  
3.154111711  
1.56412433  
-1.684906085  
0.5626907305  
2.178491993  
0.2965643372  
-3.202517149  
-3.326328111  
-2.207069256  
-1.814646688  
-5.733284698  
-9.98504997  
-6.027119917  
-2.822137421  
-0.4450832115  
1.063965243  
1.755296293  
4.908105369  
5.523136597  
5.260636678  
1.797430321  
0.8983565792  
3.832138098  
5.13603187  
3.68759727  
-0.3053345457  
-6.318229732  
-1.438136701  
-0.3446956354  
-1.587238281  
-3.216093305  
-0.5571555574  
2.712113609  
-2.301054366  
-4.376288666  
-5.220158094  
-6.440785986  
-2.073163032  
0.687185081  
-0.4398269284  
0.7390554257  
4.095843894  
6.540796931  
5.415160259  
2.091779497  
1.203219664  
4.056218804  
-0.5483714255  
-1.914257395  
-0.7234160755  
2.375156551  
1.659446763  
0.7575536773  
-3.350496005  
-2.881606882  
1.264577486  
3.250106255  
2.043151566  
-0.4350128749  
-1.526258226  
4.971434704  
5.014757105  
1.195750343  
-6.594115786  
-7.443756021  
-5.820391582  
-5.465518032  
-6.745207326  
-3.709279617  
-0.4819973389  
1.788572012  
2.879593844  
3.044988879  
3.010145395  
1.752417784  
2.756808498  
7.415672677  
7.047589331  
5.993432297  
6.219047269  
4.004625099  
6.44879619  
6.081761494  
0.1873979749  
-8.82289274  
-7.581386755  
-0.7780530592  
-3.519180797  
-5.903096032  
-4.299750157  
-1.165623129  
-1.771522779  
-2.557825468  
-6.254637297  
-5.642379238  
-1.22623007  
3.145453289  
2.647055673  
0.5365724432  
0.222801636  
1.692503509  
7.303105461  
6.40027451  
3.204493262  
2.825665169  
2.744153711  
1.505491082  
-0.4739819916  
-3.491523166  
-4.905348476  
-5.067178236  
-6.337671293  
-9.895041267  
-6.072715734  
-0.9958847684  
0.03906946276  
-0.8486838663  
-2.725306667  
-0.09576902522  
4.30985229  
6.836088504  
3.95915254  
2.105237498  
5.888251056  
6.518641056  
2.110907206  
-6.901502456  
-5.72780684  
1.123610791  
0.8367634734  
-1.480165999  
-1.952416072  
-0.8615881016  
4.190968197  
4.374968751  
-0.3476021668  
-4.147446341  
-0.3337079698  
1.870597094  
-0.2100981097  
-2.80283696  
-2.018240119  
1.663835976  
3.683022353  
-2.2788727  
-8.184545912  
-4.241484875  
1.528718399  
3.791578757  
2.320578748  
2.34654114  
5.073215932  
9.738042609  
8.760113012  
-0.4675046195  
-5.680862001  
-1.863452038  
3.679238174  
1.366447354  
-4.885133246  
-5.121090071  
-1.232487767  
4.295554584  
2.735595101  
-2.033020186  
-3.611959261  
-3.438626935  
-0.4992063754  
1.861820252  
3.69217428  
2.794661352  
1.672348402  
2.394580401  
0.9872432317  
-1.721804965  
-6.233435345  
-4.61992792  
-0.4354962704  
-2.588423246  
-5.539774437  
-5.473679037  
-4.04517937  
-0.2511666149  
3.817557765  
4.060706814  
0.4034224449  
0.830303433  
6.913599282  
6.646530676  
3.517252014  
3.315877801  
4.924992561  
4.44198088  
3.928410539  
0.09308872348  
-1.192230715  
0.1826418797  
-4.203716216  
-6.096745699  
-6.692301984  
-8.838466742  
-4.073260893  
-2.274454465  
-2.708134814  
-5.802482412  
-5.301767113  
-2.400349113  
1.178171306  
1.297811046  
2.078886174  
0.8059051067  
1.393396289  
5.591318274  
7.82425877  
8.026810151  
2.401162008  
-6.045694963  
1.837823049  
1.179722836  
3.50368963  
7.93541104  
6.373338904  
0.8059876196  
-1.1873922  
-1.942234473  
0.4726820772  
0.2498851529  
-0.6795601547  
-1.336753769  
-0.2447931149  
1.738168669  
1.153280664  
-1.010239244  
-0.8331792912  
-0.4524654478  
-2.705079665  
-3.411477924  
-4.20056432  
-3.614164656  
-0.9663691239  
-5.922534419  
-12.45795893  
-9.528637271  
-4.655525783  
0.6805159729  
0.5157126021  
0.1124769191  
0.1681900705  
-1.033877465  
0.2518704247  
2.864604376  
6.354669598  
8.970479697  
8.925310098  
4.869775228  
3.288402193  
5.231406632  
9.677656227  
8.400875391  
6.731551803  
0.5933478304  
-4.051194477  
-5.030080555  
-4.135901046  
-1.984933393  
-6.740865613  
-11.2775539  
-7.751656031  
-1.467113998  
-0.2821371391  
-0.2705019454  
-1.276969014  
-2.073239071  
-0.1941048209  
1.882819202  
2.406268479  
2.006308319  
2.15326901  
0.6714778193  
1.874437588  
6.898582882  
7.426298091  
7.00079331  
6.797972023  
5.769747564  
7.9749141  
5.203882999  
-3.818928351  
-8.128380931  
-6.774901396  
-1.390583357  
-2.989028193  
-5.932113126  
-7.084806945  
-5.093908613  
0.9809496734  
1.367504281  
-2.447372751  
-8.41751111  
-8.853700519  
-2.812142805  
-0.991526561  
-2.831697221  
-3.331417971  
-1.973073053  
1.003231553  
0.6263882853  
-1.688251633  
-4.727216902  
-3.649756121  
1.738248231  
3.442681229  
2.546688131  
2.251239067  
3.375715667  
7.996795944  
6.357293843  
5.898542362  
3.813322685  
4.244006822  
5.744871266  
7.444773679  
7.827253678  
5.799602193  
-0.2663274598  
-1.880414621  
0.7278844905  
3.141496486  
3.376386639  
-2.393866402  
-7.896846266  
-7.073973529  
-2.514922565  
-1.89806467  
-2.410438058  
-0.9663197185  
-0.5485073743  
-0.7486254733  
2.06196331  
7.560244655  
6.314433021  
0.02165446716  
-2.2788468  
-2.567514844  
-3.457967903  
0.4145968732  
4.360215822  
4.274192693  
1.766312588  
0.3205648098  
0.03506257485  
4.162239246  
4.731026339  
5.408339636  
2.901338934  
2.575836151  
6.119703603  
9.183112846  
8.522084773  
1.783837181  
-1.965449312  
-2.3006542  
-8.19071329  
-13.35681426  
-11.87919169  
-7.263525396  
-4.067262519  
-4.111682546  
-6.557031935  
-6.787207154  
-3.031999096  
-2.394843968  
-3.640842021  
-4.47896311  
-0.6124237564  
1.705239915  
1.625915584  
0.194200849  
-0.1500940549  
1.198024246  
1.698156598  
-1.455071187  
-3.300333845  
-0.1555553909  
-0.7216684217  
-1.649021124  
-2.863174014  
-2.45869566  
1.083083546  
1.953491113  
2.144576727  
1.612782049  
-3.184677671  
-4.929066673  
-1.844872667  
-2.215131361  
-2.439048348  
-4.913683497  
-7.156270882  
-4.402293464  
-2.846665543  
-1.132993468  
-1.259878826  
-1.780183499  
0.6198233549  
5.04194832  
6.180601748  
5.256342424  
1.949676065  
0.81703683  
1.95265771  
4.859413623  
6.458270788  
7.149169224  
5.148483484  
4.665788464  
4.839389195  
5.584654306  
7.900265294  
7.109053153  
4.725404407  
2.967402021  
-0.3225833263  
-0.9156107132  
0.9840871075  
0.7029475664  
-2.910587322  
-5.898270846  
-4.193082552  
-0.6163544311  
0.673593125  
-0.6539138625  
-1.464002137  
-2.764993032  
-2.736949514  
0.6072460916  
4.706808925  
5.099055111  
4.534611744  
1.98977507  
0.2015595253  
2.816870976  
6.456091413  
6.088665012  
4.811650581  
-1.217893685  
-2.790221641  
0.1417317421  
3.489449183  
5.824646902  
3.967451579  
1.176747956  
-1.075062586  
-0.805733206  
0.901865615  
2.600659186  
4.21807558  
-1.315179926  
-9.325283701  
-10.56983334  
-7.648675959  
-8.519402083  
-9.304518918  
-9.6161034  
-10.75143086  
-10.78212392  
-6.499557848  
-1.466801313  
1.91561974  
0.6566909235  
0.7783776152  
3.224913516  
5.514539475  
8.950817453  
8.71517505  
7.774643904  
5.438391058  
2.997778741  
2.953187108  
1.086828305  
-1.497390576  
-7.045602051  
-8.155140254  
-8.160036435  
-7.63810602  
-5.405643523  
-4.981070882  
-5.276402761  
-7.13189443  
-5.725270241  
-2.240422032  
0.2317162372  
0.2427622427  
-3.71330371  
-5.923322298  
-5.449650017  
-2.256852432  
0.1188725398  
0.7152862871  
0.8186596583  
-0.05225316438  
-0.0009533794644  
2.70735348  
5.624345717  
5.191137402  
4.330575443  
1.673045402  
1.220326802  
2.743699566  
5.868587648  
5.823467035  
-0.05400152646  
