6.713107629  
2.820297549  
-3.281293227  
-6.496759404  
4.828100099  
2.539471496  
-4.380499202  
-3.437867023  
5.335238724  
-0.1895988676  
-6.108041793  
-2.732224224  
4.090726805  
2.604692878  
-2.640216998  
-5.835485907  
5.078654534  
5.247373482  
-0.2758961242  
-5.584872033  
-3.692404993  
4.132384696  
1.313138141  
-5.538143817  
-1.076469179  
6.503071868  
2.143045376  
-3.694527683  
-4.961368577  
5.47577625  
4.928223714  
-1.163243434  
-5.430739136  
4.63345159  
3.353902733  
-2.867016933  
-6.830077344  
4.689240236  
3.806410195  
-2.546793796  
-6.454210539  
5.576984427  
4.460165101  
-4.078410188  
-7.241936363  
4.785354695  
2.431395443  
-4.683353002  
-5.962208053  
4.146961528  
2.573756084  
-4.364459992  
-5.377478254  
5.700841067  
4.855838184  
-1.667811105  
-5.453630583  
0.54291579  
4.230546574  
1.859133368  
-4.155350709  
-0.6199508737  
5.945977295  
3.163553357  
-1.428437036  
-5.629659495  
4.033005367  
5.893284735  
1.263148423  
-5.575140494  
-4.602578088  
4.79703352  
1.794941333  
-4.248427997  
-6.746520367  
-3.395043724  
5.596668389  
3.79043993  
-3.439053986  
-4.657036403  
5.138487203  
7.255171791  
1.733215142  
-4.825335139  
-5.488132426  
6.681479716  
5.237432669  
-2.424056538  
-6.126453554  
1.260138896  
7.317582822  
3.792521466  
-1.804193929  
-5.889186894  
-5.305175254  
5.346771323  
3.041745658  
-3.683543373  
-6.360223177  
-1.861675229  
6.591287754  
4.704741974  
-1.885474557  
-6.179230132  
-1.625661838  
6.224596967  
1.108049302  
-3.745393786  
-6.252189543  
1.514348424  
6.364981779  
2.76685774  
-5.094406349  
-6.880445984  
2.798490133  
6.797944297  
2.114597552  
-4.865389649  
-5.630747261  
6.069157104  
5.378131156  
0.3404369752  
-6.926125  
-3.099131595  
6.215879393  
2.749047842  
-4.01088387  
-5.223608779  
7.096355106  
5.005182304  
-1.922215568  
-7.883503295  
-3.369707164  
5.569123949  
2.871664137  
-2.27952628  
-6.364620581  
-3.343256807  
6.438294319  
4.069164191  
-3.213211535  
-4.924391062  
6.792790849  
5.007140578  
-2.384462178  
-6.730632155  
-3.28497218  
2.900496462  
7.112112985  
5.741207581  
-0.08448945068  
-5.506843928  
-6.393483313  
2.31016437  
4.380572116  
0.8773305996  
-4.780126756  
-6.826920025  
1.415496034  
5.956105692  
1.654938719  
-5.990403332  
-4.663819449  
3.951049121  
7.146428736  
2.636899579  
-5.218543158  
-5.940667871  
6.337924718  
4.664788464  
-1.91575475  
-7.244516751  
-4.343568979  
6.495371155  
5.278482683  
-0.3927577961  
-6.289906979  
-6.372330828  
2.206317379  
5.072187283  
0.7235330608  
-6.731065423  
-2.57060727  
6.949274508  
3.931592778  
-3.405054917  
-6.622819526  
5.709884109  
6.163478658  
-1.669177527  
-7.562490343  
4.09623417  
5.802284456  
0.9741065552  
-5.983183284  
-7.170898313  
5.996188049  
5.337850825  
1.124878033  
-6.307989232  
-5.013858517  
7.205546992  
4.573996781  
-3.893992121  
-6.689389766  
3.01516575  
6.540840778  
2.319809109  
-3.789035862  
-7.403509363  
0.177971041  
5.629887715  
2.892897735  
-6.278323565  
-6.469294879  
6.504865795  
4.265166004  
-2.207565761  
-6.436572878  
2.288036638  
7.382171802  
5.593567055  
-1.294383658  
-6.759651719  
4.22800501  
6.10846364  
1.134729076  
-6.602587981  
-7.251051878  
2.68514437  
5.117164675  
1.00190167  
-7.136718381  
-6.496816736  
5.777949526  
6.145945769  
-0.07694376873  
-6.824726215  
-6.595563071  
4.385798905  
5.980791886  
1.482549475  
-4.245031964  
-6.317098688  
0.8279758287  
8.242933966  
6.428600636  
2.564048763  
-6.262391643  
-5.816248794  
5.663001189  
3.277346375  
-4.476454409  
-7.480517798  
0.5494291378  
7.995413717  
5.104273938  
-1.95655516  
-7.70581  
-5.565724711  
6.223842271  
6.604242083  
0.02082632704  
-6.41994854  
-1.189686354  
6.538498228  
2.053759876  
-6.482908124  
-5.783831902  
6.833741382  
5.904840641  
0.0579175695  
-6.076968901  
-4.006696721  
6.205363618  
7.030017048  
1.021542364  
-6.975800501  
-5.680026095  
6.888916262  
6.280310501  
-0.9871267063  
-7.022334065  
-5.405621671  
4.939697816  
7.880413829  
5.132082319  
-2.263139546  
-7.569331655  
-2.407025677  
6.894084593  
6.08322866  
-0.9560653925  
-7.022980658  
-4.988827519  
-6.440093067  
-4.96883315  
6.412043496  
6.965209148  
2.218149723  
-4.78125252  
-6.623826887  
4.347256729  
7.08983705  
1.318636361  
-6.850729275  
-6.057155404  
5.052206632  
5.659895698  
-1.874197108  
-7.013588502  
-0.9553217422  
6.574756696  
4.803958391  
-2.896588308  
-6.727734603  
4.135480334  
7.577780314  
1.514994965  
-6.163496387  
-5.564314  
1.21055879  
5.919722688  
6.232988186  
1.803586743  
-4.014295442  
-7.718665881  
-5.708478667  
-0.5619345447  
5.66922782  
4.285362801  
-0.5342658384  
-7.451749687  
-6.184160934  
0.607613545  
6.505599926  
4.974639442  
-2.731081677  
-6.878658618  
-0.9034264426  
8.102748802  
7.711479247  
2.2671149  
-4.355915255  
-7.503680403  
1.612782448  
6.44036261  
2.109383711  
-4.957786331  
-7.272300966  
-0.2821790381  
7.526192915  
6.299493169  
2.11352172  
-4.343311895  
-6.227904055  
-4.72810528  
4.112773166  
7.566415855  
5.135647242  
-5.032102614  
-9.278018753  
-0.7804726342  
4.310253747  
0.7905601028  
-6.68323951  
-6.77300301  
4.544208449  
5.913982391  
5.136919863  
-2.836346302  
-7.73652086  
-0.303068887  
4.988529339  
4.117980853  
-2.127065459  
-7.766894854  
0.007454398713  
5.197942423  
3.865806279  
-2.377950189  
-6.221314271  
3.403405743  
5.523790037  
-0.7605609335  
-6.759078539  
-5.10512925  
5.564419925  
7.664697101  
3.766594125  
-2.729201072  
-8.026498601  
0.558262553  
5.213107033  
2.544352447  
-3.34163162  
-7.89234314  
-4.597134747  
6.581311868  
6.690512479  
3.417074749  
-3.106120081  
-6.807125214  
-3.71474798  
6.805808202  
5.63624877  
1.239920436  
-4.559833708  
-6.13355659  
-0.7877985046  
6.765878622  
5.855940675  
1.455335185  
-4.424692023  
-7.88456286  
-4.86519518  
6.658073862  
6.673377645  
3.061169903  
-2.34061367  
-7.671623373  
-6.80872448  
1.247933961  
6.576233717  
5.020614992  
0.2763698454  
-4.222953185  
-8.37885705  
-1.092585884  
7.457119638  
6.750987794  
-0.05224585353  
-7.323356874  
-5.837463969  
5.382998575  
4.672640041  
-1.142534705  
-8.564830732  
2.655668251  
6.627171151  
1.678796326  
-6.429959615  
-2.593925082  
8.057742393  
6.738396491  
-0.3612394757  
-7.51476437  
1.908978457  
6.214296612  
1.672776202  
-6.38062477  
-6.556038927  
5.689926903  
4.263719476  
-5.483208248  
-6.422953617  
3.825605643  
6.431290946  
1.614788808  
-8.492700366  
-2.673233599  
6.520932191  
5.121209466  
-1.517310134  
-7.679349158  
-3.243727894  
6.20390354  
5.374264594  
1.76193444  
-4.406836638  
-8.631147185  
-1.603570216  
6.784357442  
7.020792044  
0.2444009041  
-7.27051696  
-3.35811409  
7.746755892  
8.543684315  
4.04223695  
-5.154445295  
-6.190944862  
2.630973172  
6.73084964  
4.270870681  
-5.614476501  
-9.84121016  
-7.466466804  
0.9311765257  
6.522122603  
6.881682829  
-1.830803256  
-8.330278544  
-7.442463793  
-0.9176526744  
7.164808514  
6.636537137  
3.030673697  
-4.00656919  
-9.457251703  
-6.115663681  
5.950250178  
7.102269449  
3.06616285  
-3.097612026  
-7.77936022  
-2.619874124  
8.026514979  
7.540059092  
3.371468966  
-1.24446664  
-9.32701048  
-6.133387814  
4.830768114  
7.112436943  
5.385127124  
-2.212849334  
-8.826671856  
-7.763207434  
-0.01600837839  
6.035020703  
5.742339667  
1.529096983  
-4.443611872  
-7.317911602  
-2.736480749  
5.879076241  
6.12958656  
4.233311963  
0.8646377106  
-5.023178591  
-8.096312957  
-3.981908801  
6.066199671  
5.552737312  
-0.5207682371  
-9.172323273  
-2.435663941  
6.932488082  
6.29862442  
1.755805695  
-4.427288764  
-8.44477709  
-1.070651445  
6.73034052  
6.312355498  
-0.5150807809  
-8.004925606  
-6.379680414  
-0.5017830668  
6.810186655  
6.07499689  
4.867267972  
0.9261218142  
-7.401542636  
-6.931298659  
6.545482029  
5.523891228  
-0.7177631424  
-7.154158497  
-5.294864011  
4.850462457  
5.452191019  
2.676575573  
-4.204637986  
-8.224816957  
-4.810637069  
6.391445124  
7.728377633  
3.771453009  
-3.899488603  
-9.002498269  
-2.033882443  
8.109757921  
7.391617962  
4.800363116  
-1.009198429  
-6.07482125  
-7.4037488  
-4.975905586  
4.092463248  
5.892961982  
3.642872941  
-3.325953106  
-7.999125633  
-7.831636326  
-0.1275069114  
5.261708461  
4.863086324  
2.747230341  
