-2.531712696  
-0.885508823  
2.744417269  
1.891224875  
-3.412350949  
-1.60338312  
1.354113552  
0.8888434786  
-0.7599302793  
0.4522152035  
2.556137984  
0.2309521047  
-0.9666444887  
-1.673559507  
0.8400544106  
2.447388473  
-1.789193348  
-1.70598484  
-0.3874928329  
1.913179077  
1.289420447  
-1.432564838  
-1.221328579  
1.563579592  
0.7946157033  
-2.250858693  
-0.8447316604  
1.653139934  
2.369457943  
-2.635827356  
-1.597794877  
0.2842064227  
2.70516714  
-0.4318966299  
0.05636628332  
1.005334558  
4.188366096  
-0.1925514954  
-1.309315832  
1.102057524  
2.949517104  
-1.988256002  
-1.855247602  
1.031464603  
3.185327886  
-0.1358881177  
-1.731305635  
0.1631098762  
1.740961968  
-3.460289278  
-2.861953725  
0.2901250883  
3.056598445  
-2.071099087  
-1.934300968  
-0.3066842827  
0.9394220868  
-1.03875763  
-1.260840444  
-0.7509839757  
1.707183857  
0.8645928068  
-3.203477193  
-1.78847332  
0.7700673926  
3.100841064  
1.068833801  
-0.1765425693  
-0.1197499339  
2.556991023  
2.949193633  
-0.9554940803  
-1.417190384  
-0.354906298  
0.64292211  
-0.568069511  
-1.812253312  
-2.545609739  
-0.07326182784  
2.711348708  
-0.5922741426  
-0.6739024825  
-1.163324111  
2.035593567  
3.960222783  
-0.972673765  
-1.402734981  
0.7206059521  
2.139791639  
-0.7932002043  
-2.131421781  
-1.734178648  
1.229086303  
2.267934729  
2.536766283  
-1.997395889  
-3.164030434  
-0.5020470562  
1.595286393  
1.611587951  
-2.093068594  
-1.139836456  
1.019422383  
2.705716914  
1.293354461  
-1.91688357  
-1.835408104  
1.146466903  
2.8055808  
1.008736726  
-2.022985855  
-2.42937405  
1.371308873  
2.823645002  
-0.195508215  
-1.379363694  
-1.900507103  
0.9750111881  
2.248953024  
-1.511458757  
-2.024960579  
-2.073666533  
1.392999675  
1.589911655  
-2.624836928  
-2.510586457  
0.1029327277  
0.8460930729  
-3.260688325  
-1.718368253  
-0.2361502356  
2.639414396  
1.429399874  
-1.757502278  
-1.016480013  
1.758880207  
3.529979969  
3.622474338  
0.5300970959  
-1.672049514  
0.7459903535  
2.647002091  
-1.730682876  
-2.023099244  
-0.6379334327  
1.019076643  
0.3177417683  
-1.291993047  
-0.9917313639  
-1.202111058  
-1.403368027  
1.918563648  
3.477514272  
-0.4249640283  
-1.567501436  
-2.24773061  
1.472793441  
3.234624087  
1.592071646  
-1.114384345  
-2.376872091  
1.233667026  
2.787092436  
-0.8124829686  
-2.657544426  
-2.977323384  
0.82528219  
2.476720971  
-1.175282615  
-2.801032591  
-1.383252018  
1.468697909  
2.016262676  
-0.5313520784  
-1.537171037  
-2.248520093  
1.777551002  
3.064901153  
1.682479806  
-1.000098679  
-1.47860816  
1.165914507  
0.7901538448  
-1.849134053  
-2.30710167  
-0.5029319041  
2.090284387  
1.053958035  
-1.064926397  
-1.115062761  
2.752156649  
0.03989248419  
-1.570868  
-1.543807101  
1.821105184  
4.088331008  
1.178689854  
-0.8393831488  
-2.062334696  
-0.440222547  
2.460593892  
-0.8129821021  
-3.385315915  
-1.286089682  
1.579187258  
-0.7393036974  
-2.323939342  
-2.874176637  
0.8800532244  
2.698950881  
2.132619738  
-0.04734114402  
-2.008234735  
0.9637045268  
3.351716252  
-0.02263874782  
-0.847243934  
-0.03687967225  
1.835381839  
0.9314952555  
-2.499736375  
-2.627380782  
-1.240064814  
2.10892487  
-0.1388704821  
-2.706305522  
-2.455978152  
0.7160737464  
2.426299887  
1.019709152  
-0.4582196004  
-1.670418258  
1.308582485  
2.725328354  
-0.1805428971  
-1.155718852  
-1.835647594  
1.748552847  
3.628080523  
1.072013593  
-0.886350718  
-3.151530256  
-0.3006434765  
2.036870766  
1.642620184  
-0.7757794731  
-2.952289651  
-3.818337511  
-0.6086673584  
1.988189502  
0.05234179233  
-0.6852939518  
1.072577475  
3.15978587  
1.374063909  
-0.9428658634  
-1.31581332  
-1.664768135  
0.4961251577  
2.075872958  
-0.4352976284  
-2.435970256  
-2.165330359  
0.6787892807  
1.864841525  
-0.3394539591  
-1.805275336  
0.8816398815  
1.74560708  
-0.9169442276  
-1.780518607  
-2.179864201  
1.618050043  
2.937138218  
1.167124762  
-0.8442138385  
-3.070011656  
0.3054057454  
2.490497225  
-0.8113565168  
-1.727628986  
-1.468897226  
1.136046054  
2.733728069  
0.4006320827  
-1.160809172  
-3.328231814  
-1.845768635  
1.35368407  
1.413792347  
0.09558376881  
-0.2971473958  
-0.731690808  
1.281115468  
1.876818893  
0.5403570995  
1.464378514  
-1.047605403  
-1.459575701  
-1.383168655  
1.921804588  
1.134338733  
-0.08490992617  
-2.533860904  
-1.309065081  
1.393121356  
1.444551184  
-0.7463839319  
-1.712462993  
-0.09440378084  
1.91929061  
0.3699825779  
-0.4361821104  
-1.551626953  
1.432628086  
3.185610172  
-0.5336795386  
-1.249123708  
-1.432043873  
1.908878026  
2.636709527  
0.2805976281  
-1.624064365  
-2.512194043  
-2.635130123  
-0.112311515  
1.351388771  
1.744045284  
1.546826177  
-0.9941030131  
-0.6294628923  
-0.07172172262  
1.777346049  
2.161534485  
0.365309041  
-2.435648885  
-1.897882209  
-0.4919282007  
1.435425846  
1.038036921  
-1.731063453  
-2.544520719  
-1.754967801  
1.273446185  
3.655859198  
0.9092833374  
-1.085567539  
-1.475127611  
1.036824985  
2.141322394  
0.7864946237  
-2.009874772  
-1.913937867  
-2.664706176  
0.2187848319  
1.395614474  
1.519714976  
-1.238332071  
-1.144862823  
-1.842730625  
1.039858589  
3.368831453  
2.262441864  
0.2565281812  
-0.723840331  
1.37441241  
1.81840022  
0.3358294002  
-1.787812682  
-2.097979208  
-0.9101880183  
1.965357572  
1.075139753  
-1.334948463  
-1.224706221  
-0.1273673047  
1.366023121  
0.2242810376  
-1.969474208  
-3.729458477  
-0.5498492083  
1.683624711  
1.281741336  
-1.137908234  
-0.9508857742  
1.71004028  
2.503800791  
-0.3257283962  
-0.8145471258  
-2.141742101  
-2.832215392  
1.410345474  
0.6874921942  
-0.8404044717  
-1.983739944  
0.7804377346  
3.289330047  
3.02903701  
-0.01532571944  
-1.944308525  
-2.482851631  
0.621913568  
1.694277005  
2.170839077  
-1.641492827  
-2.85366508  
-2.849602981  
1.219806463  
2.726990514  
2.419127748  
-0.4666531489  
-2.095556135  
-2.841851809  
-0.1205374318  
1.845530162  
3.668459955  
0.8042545183  
-0.5816360401  
-1.677542832  
-0.4083937287  
1.028417425  
2.518703837  
1.57522407  
-0.1842281256  
-0.0143803903  
-0.167595782  
-0.6847537614  
1.913410212  
0.1708771952  
-0.5669297104  
-2.578627347  
-2.049057663  
-0.4059428169  
0.1964359395  
-2.235285771  
-3.03683187  
-2.989028036  
1.52064689  
0.510002365  
0.02605430774  
-0.8081510513  
1.519166752  
1.373353575  
-0.4973238887  
-1.100855108  
-0.4642601284  
2.898656949  
1.34406785  
-1.25324112  
-0.4070988011  
1.293011838  
3.452431674  
0.5468911979  
-0.9773383402  
0.3606417681  
1.659000115  
2.249632576  
0.970488612  
-1.308361966  
1.222374973  
-0.0777675249  
-0.6397843175  
-1.845267227  
-2.025281227  
1.218969425  
1.613067474  
0.3871411806  
-3.128535483  
-3.100358801  
-0.359578895  
1.317515465  
-0.2740708588  
-1.031745785  
-1.90900505  
-2.4705488  
1.533986528  
1.721054807  
0.8924139051  
0.4677521908  
-1.116396778  
0.3852284816  
2.621774498  
2.339913601  
-0.05488865233  
-2.729501883  
-0.5872015457  
0.7999691644  
2.631672149  
0.8946167042  
-1.530286258  
-2.832557901  
-1.414710439  
1.533433298  
3.009909523  
2.718497251  
-0.004577117987  
-2.579128904  
-3.862437758  
-2.089911797  
1.466717125  
1.570501995  
0.715672536  
-1.181239051  
-3.121221752  
-0.7335930456  
1.480291941  
0.2681493709  
-0.2733662206  
-1.111197859  
-1.043016027  
-0.7812185446  
1.866224358  
1.760600588  
-0.3029138859  
-1.460199053  
-1.185570088  
-0.0414731761  
1.39036298  
1.964182953  
2.540302444  
1.613949039  
-2.364884014  
-0.7858910753  
1.201882198  
3.010728074  
2.933354823  
0.1858892356  
-1.609759992  
-3.258647979  
-3.0664249  
-0.9516186315  
0.4814406475  
0.7456960011  
-0.6426055987  
-1.136344747  
-0.6076395494  
2.792378551  
2.939415275  
0.03196164325  
-1.454888921  
-2.871849289  
-1.127791718  
1.368528595  
0.7074148346  
0.2404575408  
-1.530032454  
-1.45486662  
1.273739512  
3.806404613  
1.784231696  
1.604938703  
-0.1284494692  
-1.630577454  
-2.18463325  
-0.6426794706  
-0.06750892313  
-0.513215323  
-2.183974063  
-2.056235753  
1.850339148  
3.687023849  
1.451998312  
-0.03438825369  
-0.3328393799  
-0.01650156521  
2.621816738  
3.789038967  
0.4063286791  
-2.51286444  
-3.358972887  
-2.867013521  
0.8240811639  
0.815562386  
0.3342241777  
-0.1460040964  
-1.996913264  
-2.248173058  
-1.018614437  
0.9833393589  
1.842398612  
1.652607184  
0.7152686471  
-1.92923631  
-1.271793251  
0.6365332461  
3.230640303  
1.458422385  
0.4010128664  
-0.2673086886  
-2.760686774  
