0.4294217004  
1.215231218  
-1.681791175  
-3.35709553  
-0.7186865756  
0.7979624171  
-2.086990682  
-0.9199596013  
0.6036785959  
0.9432832802  
-0.237893414  
-1.388778495  
0.1871959928  
0.4772491909  
-0.2576536274  
-1.2003876  
1.437323675  
3.942332896  
3.075605365  
0.7396929678  
-0.8365674317  
0.4233860818  
0.5720576939  
-0.1583846566  
0.0005846865551  
1.954004472  
1.638132967  
-0.8789699494  
-2.129430995  
-0.5112922629  
1.992431492  
0.7860216417  
-1.401136122  
-0.9339513425  
1.456389368  
-0.3202464795  
-1.981732942  
-1.154115068  
0.4074716544  
1.559197723  
-0.9064130203  
-0.307994601  
1.173168515  
-0.7274400897  
-1.093613152  
0.5874536349  
2.730940969  
1.52887168  
0.6282957166  
0.8623436663  
0.256642697  
-2.245236015  
-4.073669906  
-1.321650005  
1.187798724  
-0.451775368  
-1.503901345  
-0.7958972175  
0.6228874834  
0.8214616846  
-0.8076769822  
-1.758741774  
-1.112104995  
1.451798081  
0.9808403774  
-1.00365527  
0.2152205023  
2.275757603  
2.456393731  
-0.1839259783  
-1.551164133  
1.637691992  
3.339464815  
1.283483207  
-1.450222818  
-1.367696108  
-0.4128641521  
-0.3892667647  
-1.779308202  
-1.860551244  
0.1676534324  
1.336901144  
1.234195973  
-0.6061916105  
-2.364064247  
-0.4242841642  
1.3042297  
-0.4359827057  
-2.051185676  
-0.3516627236  
2.498364949  
2.335047162  
1.333771401  
0.8462433567  
-0.1108799396  
0.5243931247  
1.419813076  
-0.6499950485  
-2.176172581  
-3.08922661  
-1.125966596  
0.9843320707  
-0.9219232803  
-1.906438652  
-1.303991316  
-0.02168972288  
1.621732674  
0.706742393  
-0.7403581187  
0.4454119223  
2.296125813  
2.042340791  
-0.4678188196  
-1.189799498  
1.019697234  
2.839929982  
2.598959808  
0.9152370169  
-1.412644606  
0.2405766391  
1.506828762  
1.462780391  
-0.9314192  
-2.582910019  
-0.9386745735  
-0.2391781354  
-2.335385147  
-3.701690183  
-1.345618576  
2.589565688  
1.267973803  
-0.6993825487  
-0.9120601403  
-0.3824999536  
0.9327929188  
0.1923248594  
-2.711473566  
-1.461993124  
-0.4989509606  
1.175418379  
0.8263802831  
-4.101241654  
-0.9654575939  
1.69566799  
-0.109772792  
-0.7579858179  
-0.7412780046  
1.034907676  
1.890968852  
2.604258573  
1.946383788  
-1.158810009  
-1.334184652  
-0.2975893652  
1.647369089  
2.470515327  
2.286035517  
0.2433101475  
0.474287657  
0.7988318488  
1.336815886  
-2.075647474  
-3.105730533  
-2.18290585  
-0.4644277577  
-0.2628838012  
-1.552037175  
-2.182772821  
-0.6077802327  
1.105118339  
-0.1696996191  
-0.7920175181  
-1.010696153  
1.007924909  
2.948556035  
3.525912093  
-0.7576118613  
-1.465951961  
-0.008115402822  
0.2876121553  
0.8390910997  
-1.249232208  
-2.066438924  
0.7117334334  
2.808602302  
0.7199166066  
-2.905250627  
-0.4450776336  
2.379841754  
2.653252437  
-0.9832367325  
-0.4390833391  
1.753530089  
3.232894615  
1.075825989  
-0.3328061415  
-0.4400488859  
0.7593987286  
0.259964237  
-1.457942644  
-2.974524993  
-2.180658033  
-0.4824112209  
-1.54961669  
-1.806478615  
-2.242084315  
0.6603414206  
1.97046408  
0.6176338567  
-0.5992938515  
-0.3646936133  
0.4380971769  
1.450290559  
1.286191805  
-0.7016467607  
1.321538053  
4.152176644  
1.580992486  
-1.284770883  
-1.592667318  
-1.110922203  
0.9294487807  
0.1788042094  
-1.995973051  
-1.830740973  
-1.175810848  
-0.5282082302  
-0.6013113627  
-0.8325243955  
0.5915216715  
2.584422304  
3.345937099  
1.140221451  
-2.204536589  
-1.382233274  
1.240928528  
1.849880543  
-0.4118851761  
-2.407328305  
-1.522290504  
0.532577105  
0.9049000183  
-0.576513528  
-1.737586183  
-1.318073546  
-0.2620607104  
1.581173724  
0.9651798574  
-0.05364763945  
-1.282876454  
-0.06341936728  
2.108345776  
1.06071448  
-1.610513764  
-1.077674383  
0.2147132518  
1.44802871  
0.2219796142  
-0.1484608918  
-1.610559239  
-0.385780311  
1.688492491  
1.844153775  
-1.451956936  
-0.2618350691  
1.354656077  
1.087713484  
-0.02620604657  
-2.917095425  
-1.226298579  
1.370728301  
1.21060685  
-0.3247044268  
-1.889060501  
-0.4301183022  
1.612914088  
0.636330439  
-1.550309713  
-2.347653857  
-0.5817987319  
1.22491436  
0.4635230735  
-0.6845142279  
-1.243132495  
0.3411440229  
2.704411153  
3.188121712  
3.07986439  
0.7240109811  
0.2291885628  
0.08895647009  
0.7571671431  
-0.793720426  
-2.981260088  
-3.432360296  
-1.455521609  
-3.221915618  
-1.525905773  
-0.01517729394  
0.7791065417  
-0.5078015981  
-1.20008893  
0.3879437976  
1.165906746  
3.282543165  
0.4432863022  
0.09837349954  
0.1941098296  
2.220604405  
2.905642308  
0.0801336535  
-1.161545181  
-0.1106538081  
-0.01487995801  
-0.8585572568  
-3.085503589  
-1.647532448  
1.913795918  
2.407852848  
-0.9889009137  
-2.115866833  
-1.786763116  
-0.2199596929  
1.604784611  
3.048597223  
2.215751762  
-0.3587903947  
-0.2303106466  
1.536817225  
2.04216618  
3.814005786  
2.846924281  
-1.882620652  
-3.800237817  
-3.256855678  
-1.530224587  
0.08907918961  
-1.220626744  
-1.806985293  
-1.160331012  
0.4921718581  
1.718834421  
1.231322899  
0.425923653  
-1.452328077  
-0.9396514987  
1.588477246  
2.144971117  
-0.890121335  
-3.237516186  
-2.150049007  
0.1896566148  
2.525143624  
2.057090469  
0.7510002289  
-0.05701368679  
-1.281809485  
-1.209587252  
0.478556434  
1.385628756  
-0.08912489008  
-1.580324874  
-1.550072571  
0.8703197939  
0.4721300053  
-1.61136785  
-1.799656254  
0.02054641143  
0.8296347884  
1.091330132  
0.06203152306  
-1.684919472  
0.3418595311  
2.20076507  
4.084682396  
1.657878571  
-2.553778575  
-2.940012981  
-1.299337005  
1.428344832  
0.2359640402  
-1.76241564  
-1.183823742  
-0.5646678805  
0.06041748619  
-2.303113561  
-2.476446033  
-0.4992861835  
2.333385366  
3.169328237  
2.183331494  
-0.486317501  
0.9519124597  
2.717694423  
3.158126821  
1.384035663  
-0.3674237969  
-2.407462322  
-1.961607641  
-0.4769860643  
0.4873803431  
-1.85827028  
-3.041535966  
-1.229070498  
-1.200371134  
0.2657036229  
2.612271883  
0.01434178858  
-1.528456255  
-1.190699741  
0.3921802098  
1.592321233  
0.6073123983  
-0.7296280864  
-2.366981521  
-2.046467093  
-0.2087610659  
1.791989356  
3.263604204  
2.092911558  
0.2166002437  
-1.140982133  
-0.5306142894  
1.071479846  
2.491241028  
2.738555498  
-0.9269193384  
-2.341888034  
-1.025333005  
0.5732959573  
3.077219965  
1.967909475  
-0.435176185  
-1.769366717  
-0.3595355721  
0.3516554006  
1.233543233  
-2.250440864  
-2.787502985  
0.3497415965  
0.3522171312  
-1.996524906  
-3.909657589  
-0.6330347315  
1.204342968  
2.939934567  
0.7686330313  
0.7019319346  
1.71549615  
2.009675375  
-0.985809458  
-1.045942847  
1.189928074  
3.727268092  
0.9443936973  
-0.8792523359  
-2.16301953  
-1.729661207  
-0.3050254867  
-2.409302988  
-2.39483913  
0.2249310768  
1.784910969  
0.043478159  
-0.9461275015  
-0.2663900972  
2.243602896  
3.099499122  
2.072152181  
0.9307919818  
-0.8701248759  
-1.405853755  
-1.067235458  
1.719785629  
1.062048501  
-0.107028807  
1.316364917  
1.335860927  
1.390268272  
0.8340700762  
-1.43150272  
-1.562255433  
-1.013355032  
0.3173005721  
1.325957421  
-0.2269754633  
-1.673457847  
-2.328365515  
-1.555576642  
1.178733149  
2.456563704  
2.025080621  
-1.235208589  
-2.716619703  
-1.639871128  
-1.118908016  
-1.10793706  
-0.4579059484  
-1.136813485  
-2.782884936  
-1.869528747  
-1.199044554  
0.7343531901  
1.355118604  
-0.2433049925  
0.005073789454  
-0.2601828907  
0.3910375652  
1.714083983  
2.716484192  
1.578738718  
-0.07973610178  
-0.1917600901  
0.3008611964  
0.9033131591  
2.506839479  
3.496321941  
0.6507421089  
0.1300062476  
-0.09453786118  
0.5199253688  
-0.7725246878  
-1.798541843  
-1.610243348  
-0.8019481285  
-1.910779753  
-1.686241692  
0.08822667942  
1.299757995  
-0.7423475692  
-0.8105318018  
-0.8328575359  
-0.583652329  
1.315823482  
2.31778692  
2.415772543  
-1.545980289  
-2.400123676  
-1.492122127  
0.3389484912  
-0.8383608322  
-1.762978279  
-1.046415961  
-0.05024068644  
1.427125544  
2.372772592  
2.250884207  
0.1152152058  
-0.08643151421  
0.7349743567  
1.598323573  
3.009478764  
3.311079611  
1.181536325  
-1.768984587  
-1.536887228  
-1.618333235  
0.3458948335  
0.9993541519  
-1.999873758  
-2.292324514  
-1.943743812  
0.5607263653  
0.6656501239  
-1.340754821  
-2.233698282  
-2.192233502  
-0.93428487  
-0.1512577632  
-0.0637586715  
-1.283833838  
-2.111107644  
-1.763655053  
-1.026941518  
2.32285818  
3.502073237  
2.314896881  
-0.06832750466  
0.5219318347  
0.6397437791  
1.021028399  
2.091151578  
0.7306279841  
-0.2111361782  
-1.49986197  
-2.003071072  
-0.7597246703  
-0.52319064  
0.7040055523  
1.460698813  
