1.479871656  
-0.8698361088  
-1.340315511  
0.09306182984  
-0.6083695762  
-0.9925039422  
-1.240945706  
1.425536417  
0.9496426793  
-0.4507484946  
-0.2829751935  
1.249345041  
-0.03931079806  
0.04388816745  
-0.466478347  
-0.6270278268  
1.224302663  
-0.09334214534  
-1.406588941  
-1.017070976  
0.2492972699  
0.7491138974  
-0.4290488555  
1.020144772  
2.775252031  
1.641486883  
0.9589138138  
-0.3548281976  
-0.01272612492  
0.6068913916  
-0.9395600864  
-0.6208299312  
-0.424138049  
-1.082254456  
-0.7132536713  
-0.9907934002  
0.9560827851  
0.5035586012  
0.9565180558  
-0.8804636703  
-1.489562184  
0.3808351001  
0.05130961635  
-1.107996593  
0.1108270959  
-0.02007996506  
0.8457654504  
-0.9208558304  
1.20174244  
1.644371696  
0.6476510287  
-0.7180622858  
0.1386073801  
0.1320074158  
-2.878845026  
-1.611676926  
0.541150195  
1.420149776  
0.2477323498  
-0.1901346676  
0.1355092156  
0.4004863134  
0.4470206868  
0.390420796  
-0.8264532655  
0.1233505515  
0.04570204121  
-0.4343593193  
-0.6831448563  
-1.540801249  
-0.4366804109  
-1.520734236  
-0.7569437861  
-0.2842862084  
0.2749749176  
1.223017449  
0.005053464428  
1.541789706  
0.3212335288  
0.7580114085  
0.6786145326  
0.2548785715  
0.3842625768  
-0.7161452848  
-1.327706684  
-0.5397711438  
1.291965276  
-0.1574072086  
0.02533654432  
0.1304570531  
0.6343848219  
0.3993918511  
-0.01177549995  
0.06060726835  
0.6637322798  
0.08692881548  
0.07548801417  
-0.8844290578  
-0.1178408307  
0.8900599154  
-0.5045009577  
-0.02739271744  
0.33185123  
1.03502103  
-0.302238363  
-0.6107320619  
-0.4289385819  
-0.7341864719  
0.8248265825  
1.305716798  
0.3394508062  
-0.1998576679  
-0.6416099789  
0.2561771864  
0.3594816777  
0.4418908028  
-0.2216322379  
-0.7793235533  
-0.0827889842  
0.5795489523  
-0.3951430523  
-1.036933326  
-0.488687026  
0.06362141071  
-0.1674860815  
-0.3699717523  
-0.3665725745  
-0.1858517101  
-1.907720659  
-0.3607470055  
-0.163444182  
0.1494678537  
0.6456737042  
-1.351363791  
-0.2083459732  
-0.5816117426  
-1.216363402  
1.154095405  
0.8939018288  
0.09189376683  
-0.8382804697  
0.07301658539  
-0.2947886203  
0.6907271908  
0.5210889619  
0.4852325345  
-0.1357738829  
0.07631412129  
0.09470398858  
1.526369971  
2.470890316  
1.535618941  
0.9908236095  
1.86838242  
0.06262130457  
1.369109054  
2.237392232  
0.6823891364  
0.5446844131  
-0.2245517334  
-1.395588206  
-1.766845435  
-1.760408209  
-1.295241773  
-1.939981588  
-1.476534882  
-1.740692887  
-0.5858748219  
-0.05326194404  
-0.3407311933  
0.3013472797  
0.8413331362  
2.102379414  
0.9594013084  
-0.1648540016  
-0.2860150209  
0.5050416186  
0.9965729516  
-1.719992145  
-0.8507211011  
-0.9003544636  
-2.407502215  
-0.3595717726  
-1.172793789  
0.3739037108  
-0.2093939808  
0.962624738  
-0.1262820751  
-0.2478615546  
-0.3917488591  
-0.8045305976  
0.04627932959  
1.065237175  
0.7662266966  
1.261384132  
0.936139401  
0.5357869711  
0.4172743536  
-0.4679709496  
0.281987797  
0.7924381814  
0.3489978179  
-0.1180786184  
-1.336863033  
-0.7543209521  
-0.2078333591  
1.050135841  
0.9483151129  
-0.01843380098  
0.8723161164  
-0.6494155613  
-0.8971313173  
-0.667347848  
0.05188649031  
-0.4196004753  
-0.5257996927  
-0.3196347187  
-0.6734192572  
0.283941976  
-0.2713480203  
0.9978039421  
0.891449052  
0.1898118937  
0.8730420032  
0.8601314701  
1.230144032  
0.06015373947  
1.5567503  
0.7368174796  
0.3993549563  
1.386292529  
0.5918756677  
0.1992690388  
-0.8916407485  
-1.252832835  
-0.8444157522  
-1.048753898  
0.1198177549  
0.9373133413  
-0.8343527013  
-0.3295479043  
-0.5182590308  
0.0416788463  
0.5009900707  
-0.7408704039  
1.122013377  
0.4157776216  
-1.59623691  
-1.323437058  
0.3432172848  
0.2328855584  
-1.075084944  
-2.095135347  
-0.638993835  
-1.609202094  
-0.4404787016  
-0.1721783162  
-0.6543783032  
0.943134336  
1.374840726  
0.2159390863  
0.6768385667  
1.1562647  
1.545032445  
1.356654463  
1.511463113  
0.7169391668  
-1.475785328  
0.5740538207  
-0.2536526097  
-1.599069319  
-1.570985823  
-1.093037774  
0.629249427  
0.8856697841  
0.09962042125  
-1.095596799  
-0.1139393527  
-0.3454876321  
0.5670684428  
1.527703145  
1.233375147  
-0.07454302085  
0.2298468085  
-0.8545565417  
-0.2127000536  
-0.7435771762  
0.3294702187  
0.583757022  
0.2414023872  
0.6453531351  
-0.4449390575  
-2.276794813  
-0.615342684  
1.424791195  
1.04062249  
0.5769906885  
1.154557494  
1.207362551  
-0.2129553258  
-1.326178496  
-0.6989266533  
-2.038499274  
-0.1903960759  
-1.230012923  
-1.376369382  
-0.3143983013  
0.4215555271  
0.8400785973  
0.8392956468  
1.135285863  
2.057017967  
-0.2238016727  
0.09947602604  
-0.2088811517  
-0.1192283399  
0.6870378196  
0.0117902853  
-0.6229929657  
0.7072411395  
-0.7787095965  
-2.011615435  
-0.6958679759  
1.024728169  
-0.8078792932  
0.7591669575  
1.270317446  
1.427809836  
-0.2467528479  
-0.8135935558  
0.1634631975  
0.8611608284  
-0.6899962111  
0.007470905518  
-1.817808836  
0.004541155183  
0.7771640206  
-0.002374374207  
0.515272141  
-0.4472839835  
-0.7627801766  
-0.5112944817  
-0.9741609253  
-1.471034798  
0.5472089229  
1.322435913  
0.6982903268  
-0.3859450597  
-0.5571717208  
0.2799753989  
-0.6275692452  
0.1014501861  
1.876413994  
1.221735663  
1.203783261  
0.6491869462  
0.4512591474  
0.1357637564  
-0.8349841047  
0.04077175968  
1.094264967  
0.6921613825  
0.2571037994  
-0.4927288193  
-1.172884735  
-0.6836360292  
-0.251084724  
-0.7738556342  
-2.09672153  
-2.032317643  
-2.010626457  
-1.1624568  
-0.739867898  
-0.3299204624  
-0.6654226089  
-0.8011388027  
-0.8730372145  
-0.8457904266  
-0.6195329583  
-0.6325830499  
-0.9250173784  
0.3351160495  
0.8053927004  
1.929978523  
0.9834915498  
-0.2383895445  
-1.329977222  
-0.6228955148  
0.6078751213  
1.096329192  
1.273340527  
1.148166209  
1.179962787  
0.1872201019  
0.2755498337  
0.05068440603  
0.5043049953  
0.6250492154  
0.3014587593  
1.778328527  
0.1764377923  
-0.3978168155  
-0.05102513922  
0.5780715119  
-0.387243145  
-0.2513761829  
-0.5744671732  
-0.07556222882  
0.5958890707  
0.2876387372  
-0.05768919879  
-0.7019271114  
-0.4716599678  
-0.876192819  
-0.4180425263  
1.178228312  
0.4561156003  
0.6663856919  
0.1823681356  
-0.02735615531  
1.114723685  
0.2084381771  
-0.8615939472  
-0.2315633369  
0.7197286468  
-0.3140338635  
-0.3323221153  
-0.1563303005  
1.02503101  
0.8075892894  
0.8318378503  
0.4756921444  
0.2746339968  
1.634368836  
-0.8280060828  
-0.8089739268  
-1.642879086  
-0.8787031904  
-0.05671641388  
-0.5144352115  
-2.307459784  
-0.9276942529  
0.821378312  
0.8732445276  
0.8119593006  
-1.076772618  
-0.7608470802  
-1.476551972  
-1.080739979  
-0.7234715784  
-0.3552312065  
-0.0275077879  
-0.1025198933  
0.1396222068  
1.003400079  
1.499527584  
0.3629268446  
-0.3636781667  
-1.807525868  
-0.6347761277  
0.9730633246  
-0.3322768555  
0.6106055573  
0.1821493431  
0.2371667245  
0.08930589526  
0.3573954321  
1.150347991  
1.091871745  
-0.2647947364  
0.8157418437  
2.092485372  
1.384654653  
0.7009032587  
1.029586994  
0.2075500936  
0.4884318278  
1.147614371  
-0.341004963  
0.9399027151  
1.600128233  
1.971347835  
-0.1100899743  
-0.1633671157  
0.9110358865  
0.9308675151  
1.112396533  
1.867248275  
-0.7323889295  
-1.163043744  
-0.6271575454  
-1.088962941  
0.7523523335  
0.5003403866  
-2.208360881  
-1.5959075  
-0.7523307925  
-0.6652736607  
0.4823970017  
0.1734259985  
-0.1331594439  
-0.3759111395  
0.1989321061  
1.41733302  
-0.42275089  
0.3303726273  
0.4415712097  
-0.4770448822  
1.303124135  
0.4444930406  
-0.1336986592  
0.3864642008  
-0.5813907054  
-1.003956993  
0.2733806317  
0.4508519463  
-0.569396335  
-0.6455599633  
0.6062835533  
-0.5523141777  
-0.5833537724  
1.720377839  
0.9458098254  
-0.3790773045  
0.5037502784  
-0.8625401946  
-1.639106401  
-1.223577729  
-1.13516999  
-2.026726941  
-0.4350501484  
1.863687641  
0.6702609286  
-0.2367861742  
1.187461901  
-0.0804707482  
0.1962781791  
-0.8111234146  
-1.492068488  
-0.9829353636  
0.4189556271  
0.3170318179  
0.4013684469  
-0.06684781341  
-1.160129234  
0.658389139  
-0.6532637174  
-1.948151275  
0.2799637871  
-0.7217069513  
-0.2250872277  
1.02169083  
0.9380038845  
-0.8039766695  
-1.331282634  
0.1693969055  
-1.261773068  
-0.4160816049  
1.223699511  
0.6296625082  
0.3456689239  
-0.9388852632  
-0.06496639864  
-0.7703914747  
-1.532763982  
-0.4085939414  
-0.7825015325  
-0.4717062953  
-0.5132434593  
-0.6485261492  
0.6978830457  
1.29726224  
0.7867161834  
0.1067693201  
1.237500634  
0.2137872995  
-0.1653906243  
0.03995516086  
1.178325534  
0.5846416154  
0.3296326737  
-0.1016100418  
0.3501821156  
-0.4751254711  
-0.2513086723  
1.187129903  
-1.352874068  
-0.4928474601  
-0.4398006053  
0.5639406892  
