-0.5735904908  
0.2807920005  
-0.4835983307  
0.1043909963  
-0.1230239531  
0.6507813733  
0.1438343153  
0.4980353773  
1.09518647  
0.6021011559  
-0.9398969702  
-1.209304457  
-0.0349057054  
1.021120027  
1.052375864  
-0.2740161643  
-0.6423123137  
0.8155369313  
0.7355554769  
-2.195907245  
-0.7206729974  
-0.1181453709  
-0.1636582153  
-1.816327486  
-0.2310645567  
0.1454368219  
-0.5376784578  
-0.3810609918  
-0.7596186403  
0.520245403  
0.5736235831  
1.342870753  
1.363770972  
0.9184582388  
1.036374037  
-0.3784035731  
-2.530715042  
1.129227891  
1.166976421  
-0.3317767006  
-0.3584522127  
0.1684406871  
0.7459148416  
0.7155320281  
0.2521087953  
-0.3563127345  
-0.2137516121  
-1.205919021  
-0.742449713  
0.3337537912  
-0.17163317  
-1.470204157  
-1.763739903  
-0.9163398936  
0.42662951  
1.328437713  
-0.3467409485  
-0.1455624463  
0.2602434404  
0.6639752541  
-0.5721858416  
-0.05031601685  
-0.2159670317  
0.3094914046  
-0.05209677613  
-0.2653178474  
-0.02921040796  
1.112974299  
2.350938606  
0.1700114298  
0.3560900097  
0.406474276  
0.06097269926  
-0.8946823457  
-1.897213777  
-1.416447876  
-0.03949652503  
0.8729074764  
-0.7111674573  
-1.391232071  
-0.2697358798  
-0.01492863229  
1.145343993  
1.05691679  
1.379860618  
1.333844666  
1.132293946  
0.8660669729  
-0.7957488062  
-0.8995249862  
0.06467707134  
0.4840941383  
1.141464639  
-0.6525693602  
-0.2465840427  
-0.03482038092  
0.2356604676  
-0.8287948826  
-0.3383179394  
-0.4702292542  
-0.04020423262  
0.5382373297  
0.01997081907  
-0.7913891195  
0.009145878457  
1.13385173  
1.060260315  
-1.963023262  
-0.8932937485  
-1.391264203  
0.1797822162  
0.6937821988  
0.06684498855  
0.1343408116  
-0.5443898275  
-0.3050497262  
1.253870626  
0.5833620453  
0.06979290387  
-1.149945682  
0.767345945  
1.567904795  
-1.402751526  
-0.7373895126  
-0.6027352224  
-0.3611120699  
-1.720207066  
-1.857567246  
1.1709175  
0.6469246886  
0.3249293989  
-0.6881869906  
0.4758918615  
0.06240694035  
-1.564839236  
-1.384037649  
-0.9946635463  
-0.2978232528  
0.6076127415  
0.6015913154  
0.968130006  
0.397626808  
0.7006974982  
0.256709976  
0.3073548576  
0.1674979457  
0.4772220148  
1.182110849  
1.115291795  
0.8574152426  
0.8001377639  
-0.8713464453  
-0.9039117829  
-1.102677531  
-0.8532155359  
-0.1643504422  
-0.5548694248  
0.2850517897  
-0.4772619895  
0.04669581703  
1.41670958  
0.6553449305  
0.3913982702  
-0.305010619  
1.007772108  
1.443998052  
0.3475190479  
-1.327780457  
-0.7791739106  
-0.3352383971  
-0.05256032722  
0.1975969076  
-1.013285053  
-1.186974426  
-0.4819025381  
-0.02818715081  
-0.0803365658  
1.700776948  
0.3797537099  
-0.3279076246  
0.2240924252  
-1.534309874  
-0.4987151257  
1.21713162  
0.933394207  
0.137465462  
-0.3843665468  
-0.8207595137  
-0.1935113607  
-0.4290238208  
-0.535905847  
1.132036939  
1.447401082  
2.186097687  
0.4170393574  
0.3639596961  
0.8882577559  
0.3495974329  
0.07281273428  
0.2221907695  
-0.603404925  
-0.2697699089  
-0.4261917895  
0.5832055652  
-0.4746013342  
-1.311486413  
-0.5358363576  
0.02171643291  
-0.4143132205  
0.7766541819  
-0.3713153526  
0.2038661275  
0.06724905774  
-0.6440888644  
-1.643773888  
0.2352448049  
0.3534635537  
-0.0923913612  
0.2453378971  
-0.9123569207  
-0.4127070488  
-0.7023340067  
1.742266162  
0.1136081723  
-0.4353103981  
-1.520588227  
0.5674961732  
-0.2893782284  
-1.186585444  
-1.725718333  
-0.1309642974  
0.1811462128  
-0.0620547663  
-0.5614130382  
0.6279078821  
0.7302176398  
1.068356536  
1.130208179  
0.2649981196  
-0.1751567158  
1.399827607  
0.6516851542  
-0.4900278918  
0.3367111737  
-0.6132908818  
-0.2761844293  
-0.2207100156  
-0.7549051397  
-0.4036956336  
0.8269749804  
0.236869656  
0.3926335447  
0.5042509121  
0.6515808757  
1.079101623  
2.070139149  
1.662904117  
0.1128497019  
-1.529993624  
-1.345158671  
-0.04583790469  
1.731659758  
0.3555100227  
-0.4373904047  
-0.3695681  
0.2587346957  
-0.6392775697  
-2.443648938  
-1.179323208  
-0.1312153753  
0.4328482058  
-0.6704639162  
-1.083640605  
0.7092936466  
1.329693901  
0.9296976393  
1.28596107  
-0.6516285335  
-1.21909892  
-0.001301995608  
1.38125682  
0.9946066551  
-0.8602770322  
-0.9491157002  
-0.9839455166  
-0.1765794211  
0.5336835865  
0.1384504826  
0.3589990277  
-1.114076863  
0.7516554932  
-0.2747027753  
0.9724076955  
0.7146384455  
-1.029811196  
-1.099808087  
-0.3173699577  
0.09895610987  
0.3094630567  
1.306962306  
-0.01665994628  
0.5410250596  
0.4844948156  
1.829914799  
0.8508470112  
-0.7347042377  
-0.6905553348  
-0.935544909  
-0.1615117184  
-0.5378365245  
-0.5174575039  
-0.1765927436  
-0.3269020432  
0.4405887258  
-0.1756681671  
-0.4014589239  
0.3180717968  
1.252654377  
0.2153654549  
-1.063052118  
-0.3863654147  
0.2727809254  
0.3211291166  
-0.1478643266  
0.2128831963  
-0.3245531433  
-0.3626572092  
-0.5477972241  
-1.446523701  
-0.9518877011  
-0.2824469274  
0.8071309558  
-2.700986172  
-0.4794067676  
1.327469296  
1.94682543  
0.8555014431  
0.4679257721  
-0.7585148245  
-0.3744589787  
0.3123326209  
-0.2263281049  
0.1149160676  
0.6094951275  
0.5798787078  
-0.2494369281  
0.5204909995  
0.2699556243  
-0.8873073644  
-0.2180784129  
-0.5068938249  
1.608652727  
2.076689698  
0.8897798301  
0.1971279134  
-0.5443233152  
-1.470948754  
-0.8971010984  
-0.4700577841  
1.244791612  
0.02064284554  
0.9584553932  
0.5033645476  
-0.2876658653  
-0.3748247412  
-1.863372455  
-0.09230314979  
0.0325079073  
1.869573676  
1.235382992  
0.9786852048  
0.3606135349  
0.9274591221  
1.295311205  
1.121203034  
-0.1247171526  
-1.4901854  
-1.361752291  
-1.272572005  
-1.795067468  
-1.965054821  
-0.5306042944  
-0.6281725587  
-0.400762886  
-0.391649404  
-0.5702858796  
-2.369012076  
-1.151160845  
-0.4442367437  
0.4026785777  
0.1052994219  
-1.150784342  
1.012546872  
1.797863451  
0.6480518844  
-0.4875473731  
-0.6125958784  
-0.651300933  
-0.1802615804  
1.584124688  
-0.6836123951  
-1.310850472  
0.4996841757  
-0.3759046322  
0.2008505734  
-0.8484035396  
0.4617641599  
0.1499946547  
1.34623288  
0.8598376272  
0.5672736716  
0.5398483774  
-0.09782343216  
0.8326014504  
0.05588680906  
-0.9997941009  
0.2840290968  
0.7116574674  
1.12903361  
1.822630985  
0.02990722588  
1.058220491  
0.3517959319  
0.3518959724  
-0.4717495453  
0.2682048962  
0.7673369836  
0.1100147277  
0.503110931  
-0.795271157  
0.3636386988  
0.8193895637  
-1.838865192  
-1.325140068  
-0.1970538423  
-0.2067838383  
-0.2037772561  
-0.4904488724  
0.4700153166  
-0.5548159968  
-0.7290213391  
-0.5369286595  
0.4173254826  
-0.9842629611  
-1.503523846  
0.4985468578  
0.2759684045  
0.5986801464  
2.209435697  
1.630751604  
-0.8667039214  
-1.182956698  
-0.1688398555  
-1.060528784  
-2.750292445  
-0.8806366422  
0.3487446279  
0.6095169777  
0.1433321149  
-1.117035156  
1.494391552  
0.01780533203  
-0.1408339712  
-0.009631939477  
-0.04910227327  
-0.09275281011  
0.7937653733  
1.05407431  
0.3694989581  
0.5548404485  
0.964723059  
0.5450001561  
-0.2715105014  
1.040700751  
1.123959444  
-0.3474853984  
0.07257080538  
1.256091143  
0.1148423788  
-0.2591843136  
0.6665743151  
1.690227866  
-0.2247036  
0.3855794532  
0.8231918882  
0.4768392781  
-0.1585001658  
-1.361430022  
-1.789366973  
0.02367098263  
0.5306111193  
0.4874112485  
0.6063650421  
-2.137116038  
-0.6526959849  
0.2901743136  
0.4643956465  
0.1101998986  
0.245367706  
-0.694056944  
-0.7328742019  
0.04816967519  
0.5248057239  
0.4958418502  
-1.002623367  
0.02500094061  
1.036492285  
-0.129142954  
0.3675775545  
1.116621701  
0.6387718986  
-0.09074144649  
-0.6177590586  
-0.3893816066  
0.2344506239  
-0.7398049438  
0.4653865878  
0.6179067761  
0.9502910823  
0.3149680818  
0.4590036202  
-1.16010353  
-1.118447956  
-0.7866806484  
0.3762375592  
-0.6627299024  
-0.2575619963  
0.2575415634  
0.4394377477  
-0.825034391  
-0.9800083894  
-0.6517296316  
-0.3477721766  
0.1098574906  
0.355821049  
-0.03845839131  
-0.3768549736  
-0.8431445024  
-0.8723528963  
-0.9442127588  
0.6629190258  
-0.3144431703  
0.5970536465  
0.7369575872  
-1.141046261  
-0.5433428427  
-1.413951467  
-1.985937914  
-0.6278809982  
0.2998541966  
0.1205185215  
0.7798241901  
1.083248927  
-0.2006661856  
-1.333805392  
-0.7837609508  
0.819628186  
0.3745937811  
-0.04380392945  
-0.4838613638  
0.3369252224  
0.6084749796  
1.699694189  
0.5330549431  
1.062823154  
1.780865876  
1.145608082  
0.5370420749  
0.5614189039  
0.3575084537  
1.352855325  
-0.01959966838  
0.007060075726  
-0.3088207078  
0.5068704554  
-0.2334108061  
-0.4461331542  
0.06150213279  
-0.2200014137  
0.4779402879  
-0.1855677222  
-0.9017393532  
-0.4249910014  
-0.6016724048  
-0.5192287981  
-1.597162171  
-1.825735712  
0.875571611  
0.6791412661  
0.1572945326  
