-0.1416668914  
0.2834564788  
-1.070491083  
-0.1330296658  
0.3693191494  
0.2529426785  
-0.8037439344  
-0.3260649148  
0.312972178  
0.35457631  
-1.172412641  
0.415398867  
0.5736464891  
-0.01802766526  
0.58177563  
1.18716167  
0.5751189069  
0.3241524117  
-0.9239450249  
-0.2140071364  
0.006488789535  
0.08337848798  
-0.6402715345  
0.1074999783  
-1.10616296  
-0.7494782133  
0.4040918819  
0.8782931389  
0.7137218681  
0.6967306577  
-0.009672197929  
-0.1900412893  
0.533399571  
1.119075873  
1.141373132  
-0.4712082182  
-0.2550701071  
-0.7034202013  
-1.476695859  
-0.7730996755  
-0.1299196453  
1.071248035  
0.5767592785  
-0.9838386125  
-0.7612203805  
0.6702474902  
0.498092548  
1.502256537  
0.5685600378  
-1.322887816  
-2.169293703  
-0.2012504345  
-1.61118889  
0.4366024061  
1.276475079  
1.156978929  
0.6357639343  
-1.554619564  
-1.763466678  
-1.725434177  
-1.587170268  
-0.2032102293  
0.5463156865  
0.01381641863  
-0.7714210846  
0.04320444354  
-0.8181106929  
-1.166970518  
-0.2136665527  
0.1647701967  
-0.01624601211  
0.8997168484  
0.9905113177  
1.275156903  
0.8262152888  
1.466090065  
0.942680529  
0.03833403812  
0.933602005  
0.1667678983  
0.3968555997  
-0.4530635384  
-0.1784772932  
0.8140775727  
-0.03756940511  
0.01241650015  
0.03952928645  
-1.764602503  
-0.7531310376  
-0.8470772198  
0.2373583629  
0.7720040224  
-0.8878432039  
-1.107927929  
-0.5381339118  
-0.1549103812  
0.4821161363  
1.40801182  
1.586843028  
0.808479273  
0.7651223875  
1.311545656  
-0.06675845249  
-0.7960496336  
-0.3220860267  
0.06600908028  
0.3877891107  
0.2892067366  
-0.418395224  
-0.5453040514  
-1.02536943  
-0.3060382899  
-0.4330795225  
-0.6234382813  
-0.4582114976  
-0.5229602452  
-0.2966260208  
0.4513693574  
1.582969939  
0.7275996467  
1.837065997  
0.8948866954  
-0.5743309037  
-0.4060594699  
-0.4585648855  
-0.7113097447  
0.4416848876  
0.04990390997  
0.08357083387  
0.02582197438  
-1.114928761  
-1.286469698  
-1.314586524  
-0.1424545794  
0.2359715699  
-0.9183202137  
-1.35263131  
-0.9414788454  
-0.2062239104  
1.45355931  
2.018604953  
0.6226084778  
0.5008860976  
0.2770644793  
-0.2252958563  
0.1542711989  
0.5774807838  
0.4468157248  
-0.1661253001  
0.1060403736  
-0.8217427105  
-1.106630612  
-0.1662598438  
0.7091840589  
0.4364300006  
0.8878257647  
1.62554567  
0.5204882466  
0.06269243557  
-0.2684995032  
-1.085322372  
-1.46538757  
-0.9153765243  
0.07217029037  
-0.1339228968  
1.458407892  
0.6163779111  
0.06576744261  
0.5086840122  
1.112692707  
-0.3605712243  
-0.6140301101  
-1.742025144  
-0.6487091277  
-0.5067487145  
-1.100704085  
0.3237270593  
1.328374171  
-0.1034057985  
-0.4698006506  
0.06456621421  
-0.3857975979  
0.5062236331  
0.998098588  
1.157889937  
-0.4383575054  
-1.032594094  
-1.255685928  
0.1144305646  
-0.2003450323  
0.247824247  
0.2940962406  
0.101063335  
-1.545128522  
-0.6459932968  
-0.2089002788  
1.286030807  
1.759919627  
1.174336135  
-1.554925731  
-1.077714223  
-1.249400254  
-0.02679309532  
1.754981661  
0.5886442609  
0.2026350779  
0.5204455653  
-0.2431788015  
-0.03801487687  
-0.4211677962  
-1.225175736  
-0.2827777349  
0.007209387876  
-0.2845175287  
-0.420773632  
0.7615038125  
0.3049529511  
0.05628314989  
0.9315672161  
0.4891908106  
0.4264046129  
0.5249001112  
0.1841311456  
-0.8155955668  
-0.8877150963  
-0.05938885492  
0.9022022717  
-0.5027739213  
0.04936952057  
-0.07764365499  
0.005874521308  
0.5554578605  
0.2477199615  
0.2820903723  
0.04222068842  
0.4337675252  
-0.5788749148  
-1.088469219  
-0.6787559787  
0.3401109087  
0.582607484  
-0.3674684718  
0.1516510573  
0.3527354479  
0.4964864412  
0.8578363359  
0.8709070292  
1.274258184  
0.02354686191  
-0.5911202078  
-0.198385193  
-0.1162109472  
-0.2917568442  
-0.6956603824  
0.247549326  
0.99324784  
0.2669150523  
-1.206308682  
-1.144059687  
-0.6298780244  
0.09892708238  
0.7021639219  
0.2718518654  
-1.055781025  
-0.2380142526  
0.2114369299  
1.069102768  
0.5787486239  
0.6478418807  
0.7881331218  
0.9495866611  
-0.5572440558  
-1.453864766  
0.09104772189  
0.7525567483  
0.7277427562  
-0.1862418346  
-1.758728223  
-1.202193667  
0.1629489626  
0.8337101993  
0.526062561  
-1.364489336  
-0.5673208566  
0.6868409705  
0.009737161734  
0.2706435482  
1.516618601  
-0.1909077413  
1.427488307  
0.7478106393  
0.7700138338  
-0.4198778448  
-1.259906589  
-1.718275187  
-1.461901318  
-0.6717197668  
-0.2664511654  
0.7857462062  
1.046472652  
-0.1175370112  
0.9222590143  
-0.1448901637  
0.3421159358  
0.7672348411  
0.5336881983  
1.566937331  
1.27342457  
-0.2824886207  
0.2880569836  
-0.4904589355  
-0.6445750078  
-1.684096978  
-1.477184476  
-1.008303189  
-0.6789795228  
-0.7579217355  
-0.772555774  
-0.7057774213  
-1.126231615  
-0.2377619329  
-0.1658780331  
0.3219931503  
1.488096679  
0.1603309604  
0.8157602884  
-0.1300313339  
1.412652122  
1.885427742  
1.107494752  
0.7318569258  
-0.4855874273  
-0.1324865824  
-0.03854717889  
0.7732265623  
0.8142760351  
0.2359750881  
-0.0918162443  
-1.555386766  
-0.689221321  
0.7928690283  
1.483321164  
-0.1507002916  
-0.5063607505  
-0.7094314483  
-1.070502413  
-0.6101199648  
-0.1552057924  
-1.176198587  
-0.08262314599  
-0.2180019349  
0.417741083  
1.046093453  
-0.01122899848  
1.159163792  
0.5050230497  
0.6621358894  
0.5302903615  
-0.628496459  
-1.173027381  
1.16353698  
0.9581932784  
1.022360741  
0.8497096222  
-0.5474093872  
-1.43495902  
-0.3949661858  
-0.8935710685  
-0.4362092905  
-0.5768096188  
-0.4370815973  
-0.7879882984  
-1.050320821  
-0.3959929565  
-0.1132950244  
-1.42352946  
-0.865480903  
0.3826751174  
1.633732294  
1.34488014  
1.877613808  
1.262554929  
-0.5162620054  
-0.1076422203  
-0.3923405491  
-1.642462756  
-1.457557622  
-0.8734272541  
-0.1418764848  
0.7993033197  
0.1378048238  
2.145016016  
0.09391833087  
-0.7390817269  
-1.290541704  
-1.297379367  
-1.147525925  
-0.3552109323  
0.663798509  
1.165695089  
1.115619476  
0.3915987818  
-1.597103489  
-0.3915111161  
1.118590808  
1.142469644  
0.1116322448  
-1.07882945  
-1.762315442  
-0.5632669944  
-0.617783949  
0.203786697  
0.1135192505  
-0.1551698318  
-0.9920175292  
-0.06689162122  
0.5543026824  
1.061525642  
0.4101477018  
0.2828241593  
-0.1461124758  
-0.5699547518  
0.02307112822  
-0.3532587471  
1.560353251  
2.225647696  
1.388198565  
0.5476292458  
0.9795471134  
0.9076428443  
0.7752244796  
-0.9136983495  
-1.266386386  
-0.08074455956  
0.6316698986  
0.9120066157  
0.05755842216  
-1.057432878  
-1.235755424  
-0.7541605251  
0.7078767309  
-0.4059793132  
-0.6644539633  
-0.7861898958  
-0.1774555544  
-0.5729208967  
-0.5394746059  
-1.093884192  
-0.08331111785  
1.290958303  
-1.136083245  
-1.083181065  
-0.4038686543  
0.9239846401  
0.2359784219  
-0.6653623899  
-1.03054671  
-0.2284584777  
-0.03306873533  
-1.199585888  
0.1609541456  
1.146213687  
0.1934894176  
-0.4366151099  
-0.9676101545  
0.9998313134  
0.5228777873  
-0.2507716975  
-0.8073533925  
0.8405143307  
0.8927368273  
0.2601184666  
-0.2447205147  
1.010499852  
-0.2216288949  
0.3980283874  
1.060842463  
1.263454588  
2.477331318  
0.4507201914  
-2.211443178  
-0.3885256037  
1.570098867  
0.7109487837  
0.1298748762  
0.6494914745  
-1.352089988  
-0.7302358948  
0.9973169785  
0.9868924793  
1.3320079  
1.225845241  
-1.434414691  
-1.285165867  
-0.02910309529  
0.4556988402  
1.118167249  
1.384466354  
0.3743649911  
-0.2431208348  
-1.032790951  
0.09164370162  
0.7161121397  
0.192480274  
-0.1820737521  
-0.08300369323  
-0.1615614486  
0.7962637553  
1.179156208  
-0.4562307771  
-1.45235785  
0.1009106072  
1.111265653  
0.4246577561  
0.2350407549  
0.4871043903  
0.9469612353  
-1.191329939  
-0.7613815699  
-0.08378284915  
-0.1123405202  
-0.07740580011  
0.8671771977  
-0.9732990233  
-0.5511778783  
0.5914763687  
0.5914917257  
0.8667818803  
-0.4250013415  
-1.090075465  
-1.789540156  
-0.3151760791  
0.6570607261  
0.04857086032  
0.05192376578  
-1.357970803  
-2.446483054  
-2.298279642  
-0.5778538777  
0.928816093  
-0.7620838752  
0.6675925521  
0.5105114769  
-0.6570750137  
-0.3217616961  
-0.01636674515  
2.002439533  
-0.5666024033  
0.2280645366  
0.7531159777  
-0.2040431055  
-0.5026250204  
-0.1678638868  
-0.4082951459  
-0.4965958039  
-0.9245040673  
0.5815899603  
1.23768188  
-0.9766933665  
-1.721547751  
-0.9884505127  
0.906133785  
0.9790174066  
1.30066206  
0.3846754074  
-1.591337569  
-0.9388293995  
1.337017318  
1.173639357  
1.712391247  
0.1274979042  
-0.9086959117  
-1.762880186  
-1.658419378  
0.8245046789  
2.288759459  
0.7996297654  
-0.9249132717  
-1.261962386  
0.207592822  
0.6304142488  
1.092871171  
1.191156893  
2.336326825  
-0.7092700185  
-1.065843979  
-0.4220825958  
-1.270703523  
0.0309897025  
-1.259590086  
