0.03886715966  
-0.8282953985  
-1.142936624  
1.348308639  
0.1874079458  
-0.4924948399  
0.7481282785  
1.92382952  
1.004672216  
-1.815906627  
1.026929058  
0.5913868607  
-1.061732465  
-0.5310718592  
-0.02296443123  
1.903141708  
-0.1598797695  
-1.912620752  
-0.4156987501  
1.430565551  
0.0876355048  
-1.586481175  
-0.398959482  
0.3058401145  
-0.4842954736  
-0.07906743346  
-1.107207613  
-1.261417588  
1.732479593  
-0.2630461451  
-0.382646617  
0.4994960286  
0.5576059289  
-0.7486668601  
-1.164493147  
-0.08346040174  
1.251076143  
-0.1453345014  
-1.006822961  
-1.155830975  
1.364806842  
0.324658902  
-0.100517976  
0.47044089  
1.963353351  
0.7537686345  
-0.9890245469  
-0.4484788542  
2.138418088  
1.158370522  
0.8057151524  
0.9316710271  
0.634987739  
0.3071129081  
-0.5702441419  
0.1504924681  
0.9243541339  
-0.5439079707  
-1.545572222  
0.2148662551  
0.4609727755  
-0.9977059292  
-0.7075008948  
-1.821091776  
-2.112459287  
0.8126223235  
-0.2827255257  
-1.473092564  
-0.5952089351  
0.4547370223  
-0.1119649333  
0.7561353606  
0.2805019669  
-1.095320293  
0.5865024756  
0.4729426317  
0.1867113176  
0.0375095875  
-0.1345534863  
1.255025006  
1.034651411  
-1.010528913  
-0.1182725052  
-0.09068542261  
-0.9998612504  
-0.2129374768  
-0.4929713616  
-1.560635815  
0.1508112144  
0.2652396233  
-0.3159520355  
-1.008512987  
-0.5743040908  
0.08224326464  
0.4794733677  
0.8444894913  
-0.4651474743  
-0.8872640624  
1.380026637  
0.6957240398  
0.01506129586  
-0.9201963867  
0.7268223616  
1.042729533  
0.5658142936  
-1.008246811  
0.03217575588  
-0.155199123  
2.006230484  
0.6079909354  
0.9676759362  
0.01681623452  
-0.3509391986  
1.200664235  
0.4280788555  
-1.204239372  
0.3123819057  
1.246767469  
1.31548841  
-0.8001546524  
-1.205456607  
0.1602163471  
0.6364986819  
-0.9472559277  
-0.6392638309  
-0.6543322042  
0.3748249089  
0.0005885729171  
-0.3593284239  
-0.862875648  
0.4729209098  
0.9289436522  
-0.7217209958  
-0.7967528824  
-1.013466756  
-1.149136448  
1.68261693  
0.1581838011  
-0.5318252361  
-1.770312596  
-2.23250039  
0.2434041704  
0.711891597  
-0.2358950579  
0.4528449375  
0.560344801  
0.2682372767  
0.6835392996  
-0.4073042982  
-0.5043588692  
-0.5167294213  
-1.257535714  
1.347016588  
1.0870704  
-0.5261904547  
-0.2750592056  
0.7909713166  
2.613041382  
1.068917758  
-0.7168495337  
0.2259203306  
0.9824183222  
1.770392418  
0.6968177833  
-1.025262945  
-0.7231686941  
-0.1253175767  
-1.915053652  
-0.3215418971  
-0.9444398021  
0.2777516959  
1.195986979  
-0.3531888801  
-0.3767023347  
-1.68713819  
-0.6741881176  
-0.04060997432  
1.896539766  
0.9069268644  
-0.4731783724  
1.218490103  
0.6899943504  
0.009576503651  
1.557434034  
-0.1942884074  
-0.5385187635  
1.44618594  
0.4440963927  
-2.269695403  
-1.0165136  
0.4861208531  
-0.06799389473  
-0.7493338438  
0.1440361678  
0.1718650971  
0.5124943903  
0.2260795788  
-0.7850604741  
-2.134172456  
0.884482883  
0.7643665414  
0.7430109747  
-1.188908168  
-2.786558997  
1.034492733  
0.5081396671  
-1.173693234  
-1.441415893  
-1.714569289  
0.6629688816  
0.08394278607  
-0.4902858722  
-0.005348538791  
-0.1839766602  
-0.4142431176  
0.6630495169  
-0.8282533384  
-2.587679107  
1.314046739  
1.750460172  
0.9684724779  
-0.1899571034  
-0.2723650264  
1.477948238  
1.450818243  
0.2983640587  
-0.5720767946  
0.9230381515  
2.648694777  
0.484883844  
-1.087355376  
-0.4541358464  
-0.3386537737  
-0.1309497697  
0.1673678801  
-0.9102598648  
-0.6203886142  
0.5688996507  
0.8950244531  
-0.4427044209  
-1.267673304  
-0.5011732051  
-0.3208300692  
1.520614229  
1.344974321  
0.1824946721  
0.4929653974  
-0.01538228269  
0.3643810259  
1.040538894  
0.793731611  
-1.769316395  
-3.703005965  
0.1330454194  
0.2081980578  
-0.4319530534  
-0.9669833127  
-0.1768807621  
1.023621356  
0.9996529945  
-0.2578835768  
-0.8266094694  
0.2495317349  
1.618939117  
0.495033821  
-1.033495298  
-0.05848629221  
0.7048345855  
0.8868131452  
0.8239417162  
-0.1088704481  
-0.1534503417  
-0.1652840457  
1.172310204  
0.444127402  
-1.751591749  
-0.7329347624  
-0.03888132734  
0.8248648262  
0.317873849  
-1.15208139  
-0.5796916576  
0.685059706  
1.195647938  
0.9320993428  
-1.055388888  
-1.075938425  
-1.372603805  
1.086097524  
1.673183411  
1.238363723  
-0.3879984268  
-2.555552394  
1.165932588  
-0.523963167  
0.531412823  
-0.2550866612  
-0.04729921815  
-0.9167672081  
-0.307045953  
0.3855063202  
1.104129345  
0.3692086289  
-0.007078985922  
0.973722313  
-1.011737842  
0.5010260607  
-0.817843103  
-1.257243515  
0.3348783931  
2.206621568  
0.7168767188  
-1.204129586  
0.00407071024  
-0.01898517243  
1.411503441  
-0.7141525907  
-2.953173177  
-0.5985168294  
1.475077214  
-0.5229983185  
-0.417593329  
-0.04731750844  
-0.1407400205  
0.2263729429  
0.07375665216  
1.008161162  
0.3821421979  
0.4194143553  
0.3697329564  
-0.3178313617  
-1.326160667  
-0.2921988072  
1.11847776  
0.1100093103  
-0.186799996  
-0.6923422284  
-2.137748006  
0.337343488  
0.2147390246  
-0.3845323372  
0.2684279678  
0.1878786825  
0.05119400323  
0.7546733017  
0.6213917071  
-1.475046376  
-1.149322049  
-0.9513342101  
0.7265987661  
1.05351441  
0.05218165894  
0.3996506335  
0.6467409677  
0.1884354894  
1.1166033  
0.9250452557  
0.8076929021  
0.4031980984  
-0.5040741755  
-0.5426170862  
1.838012834  
1.209642372  
-0.4883099653  
-0.08066411114  
1.466442398  
1.576207554  
0.428399326  
-1.82335745  
-1.275834329  
-1.855261974  
1.153278214  
0.1848438476  
-1.405614178  
-2.215510329  
-2.413519233  
-0.007871767328  
-0.7744039507  
-1.448518042  
-0.3173354752  
-1.219953061  
0.498817026  
0.341902499  
-0.1802471737  
-0.08087849687  
1.21257098  
1.958288415  
1.261851984  
0.002929243602  
-1.25212759  
-0.9472705982  
1.239833661  
0.8602107394  
-0.110227278  
0.009588740754  
-1.975644189  
0.2327197872  
1.230475021  
1.130781821  
0.08666599479  
-0.2609863205  
-0.6566621847  
1.006112695  
0.4451077114  
-0.01737063909  
-0.7331087625  
-0.05998786275  
0.8438525687  
1.575741689  
1.433523777  
-0.7092623413  
-0.706077977  
-0.8771416096  
0.2315975852  
2.263320053  
0.8525369603  
-1.206846927  
-2.57521847  
-1.846327119  
-1.625120103  
-0.2617915445  
-0.07372923348  
1.788331765  
0.7472800054  
-0.4786863465  
-0.9881957573  
-0.566022747  
1.465396619  
1.944124473  
0.3476655254  
-0.7867465582  
-1.196663764  
0.8605213787  
0.7932331349  
0.7660743765  
-0.645168449  
-0.8693992863  
0.5121546159  
0.8899394576  
-1.013227662  
-2.047026174  
0.8498168478  
1.690760277  
1.815132147  
-1.477522357  
-1.751416398  
-0.003861582498  
0.6551685684  
-0.4745306963  
-1.030247407  
-0.09508821424  
0.6781030054  
0.1179640239  
-0.7433098309  
-0.5259942585  
1.748170358  
2.769605897  
0.3917340528  
-0.7825456319  
-0.369265483  
0.7301641696  
0.6242951471  
0.3480956652  
-0.7512967029  
0.2876794824  
0.3541646685  
0.7564103738  
-0.7907076681  
-3.095311108  
-2.01967641  
0.6320278599  
0.7939636905  
0.4471251383  
-0.5795285831  
-0.7437631213  
-0.1812151989  
0.3164069524  
0.0108938586  
-1.347192715  
-1.71609504  
-0.9729648542  
-0.3454831515  
0.4044539748  
-0.3812389586  
-1.016454381  
-2.16984305  
0.8360921331  
1.197908397  
0.4900347591  
0.5262437839  
-0.7575762867  
-1.01669782  
1.273799188  
1.900589902  
1.640606223  
0.4473771887  
-0.2771101298  
-0.6545015845  
-0.2276683438  
0.5932969099  
0.5759532398  
1.078502347  
-1.087583821  
-0.06281260889  
-2.057778054  
-0.01134571245  
0.969905546  
1.25195566  
-0.3877457117  
-1.142356781  
-0.1939833629  
0.7718384363  
2.080087876  
1.422490339  
0.8694384163  
0.3429527494  
-1.306364586  
-0.5371149395  
0.7191469854  
1.665027421  
0.6067791544  
-1.148854138  
-2.482694431  
-0.6744930968  
1.608251083  
1.070009334  
0.5003353766  
0.2968307959  
0.3959892632  
-1.645362155  
-0.635237581  
1.442362413  
0.529300817  
0.4697677992  
-1.284652904  
-1.228913299  
-0.7864669717  
0.8422282348  
0.4594480013  
-0.1228053712  
-1.122212921  
-1.634645732  
0.8047555794  
1.241175084  
0.1655751142  
-0.8977279939  
-1.533993631  
1.555141818  
1.722349312  
1.036271168  
0.9977083464  
-0.5618143971  
-0.4916902118  
-1.342067948  
-0.4055175753  
0.7196120349  
0.7791651509  
-0.5708397667  
-1.199872421  
-0.3330160955  
-0.3867985133  
0.1077418308  
-0.4417305861  
-1.567995674  
-1.155190598  
0.7720122946  
0.7855596674  
1.411506964  
1.121038216  
0.4737909094  
-0.5378829213  
0.5253555402  
0.9788960997  
0.5805892652  
0.3181578016  
-0.8586685881  
-1.656642298  
-0.06119324146  
0.7362035277  
0.6646431969  
1.370277264  
-0.009039633417  
-1.111908218  
-1.439903513  
1.346899872  
0.9911102792  
0.6065259432  
-0.003049642899  
-0.8789893473  
-1.708038284  
