-0.07685397669  
-1.467057588  
-0.9827195566  
0.9379629689  
1.19573279  
-0.806785443  
-0.5868505509  
0.6515089789  
-0.7174353378  
-0.4841017899  
0.6630237149  
1.991583907  
-0.1297357812  
-0.3204415161  
1.379407002  
1.08347566  
0.4890160055  
-1.183035066  
-0.7917551549  
-0.02542968497  
-0.6965754991  
-1.676032763  
-1.534917764  
-0.2556765977  
0.4844996162  
0.7430891819  
0.6345941741  
0.3323322891  
0.6705410647  
0.6987064573  
-1.344800929  
0.0139516143  
0.7289493922  
0.1861037833  
-1.483948234  
-0.1551951883  
1.302728515  
1.243228578  
1.086477494  
0.5193745707  
1.623255167  
1.534916816  
-0.689530534  
-1.773901754  
-0.6606640373  
-0.6302329718  
-0.5881366127  
-0.2528345685  
-0.5226995338  
-0.4080784131  
-0.7454460995  
0.4533201891  
0.1779019245  
0.05141148677  
-1.945778667  
-1.592925317  
0.181531973  
0.7245930254  
-1.438953843  
-1.016361845  
1.1692001  
1.393605767  
0.5958291017  
1.071392971  
0.9489006288  
1.211112271  
1.057831746  
0.9216853933  
1.867201756  
0.9784001146  
-0.1766686167  
-1.24585292  
-1.999839653  
-2.035116139  
-1.772460075  
-0.1955626303  
-1.660947618  
-1.092478723  
0.9662487155  
0.04913777187  
0.430055513  
-0.1978193985  
-0.1151206295  
0.8218952622  
1.22637847  
1.296923907  
1.031121048  
0.3417962066  
1.944333576  
2.284803543  
0.5802862824  
-0.05489912293  
-1.916704598  
-1.188297956  
-1.592746873  
-2.061092713  
-1.632084482  
-0.415969639  
0.4876725304  
-0.3635290284  
-0.05230384024  
-0.7098165841  
-0.7013016234  
0.3285817398  
-0.3778603202  
0.9957107807  
0.830967999  
-0.7699034583  
0.0552854769  
0.3726668434  
0.3749873499  
1.129581235  
0.7487907353  
0.3758131873  
0.7246100882  
-0.1836172176  
-0.2546125936  
1.064355501  
0.6123498257  
0.528417121  
-0.4627458091  
-1.249683365  
-1.665883481  
-1.201279869  
-0.3091817579  
-0.1951169941  
0.8259899007  
0.2354866729  
-0.2525664097  
-0.4609830421  
0.317217126  
1.966211263  
1.532015456  
0.2494150537  
-0.3317330223  
-1.153046329  
-1.207572472  
-0.1986433746  
0.2181584285  
0.6390874307  
1.568946946  
0.2116140874  
-1.727930733  
-1.639575207  
0.2630171772  
2.224940327  
0.982289087  
0.5437089342  
-0.9739671607  
-0.6546083108  
0.09719855285  
0.0146625369  
0.5023754965  
0.2343589917  
-2.111618871  
-1.377381122  
-0.4894088734  
-0.2323597615  
0.1938595271  
-0.3076286706  
-0.2966265439  
1.764609061  
2.139622798  
2.887654824  
0.05283898613  
0.2594166706  
0.6368442979  
0.601290969  
-1.177125268  
-2.082699176  
-0.7226631226  
0.1821875051  
0.305321288  
0.506313733  
0.1497655091  
0.4953828994  
-0.2539362876  
-0.1657949561  
-0.5211783589  
-1.570313401  
-1.050267437  
0.2589061159  
-1.237785221  
-1.663944719  
-0.627611804  
0.09775288502  
0.55180781  
-0.06679100379  
-0.7028741765  
1.070787342  
1.539217923  
0.3368968549  
-1.102216568  
-1.167474984  
0.4816514746  
1.013523832  
0.4359962959  
-0.5741224497  
-0.7827284408  
-0.3560263115  
-1.205266835  
-1.196397164  
-0.2845982494  
0.5686966607  
0.4611600032  
1.553945473  
1.326950976  
1.278834468  
0.4341924108  
2.169544277  
2.594803718  
0.9496465217  
0.2570015895  
1.115341082  
-0.4737061755  
-1.489054985  
-1.578197068  
-1.258827546  
-0.5568645558  
-0.8339182038  
-0.4783316593  
-0.1813418157  
-0.5583888644  
0.2522444016  
-0.1464628596  
-0.3468087584  
-0.337834793  
-0.8159055162  
-0.6107523812  
0.1070862229  
-0.6330643377  
-0.03380339824  
1.111658285  
1.323986463  
-0.1914711478  
-0.6537974517  
0.1303144238  
1.735157533  
1.974426209  
1.833637764  
0.1773146292  
0.4052321766  
-0.8895831306  
-1.155745997  
-1.40423725  
-1.592270905  
-0.9860690153  
0.4163447584  
0.4541086399  
-1.191639216  
-2.270491907  
-1.195798218  
-0.6223857171  
-0.04726491584  
0.3637833018  
0.8373956413  
1.609051206  
0.6553639397  
1.075098392  
0.6383982818  
0.02629054763  
-0.2998824167  
0.2971522007  
0.8455169677  
0.01374538833  
-0.3375430803  
-0.2466616786  
0.1428435148  
0.008603786983  
-0.5269981829  
-0.7063498748  
0.04509044798  
1.189333916  
1.342104104  
1.273092645  
0.789805362  
0.9106768215  
1.245184843  
-0.04636585971  
-1.026305765  
-1.725220661  
-0.9223585156  
-1.506478045  
-1.603286726  
0.07098155726  
0.008969164657  
-0.7737950742  
0.3764224942  
0.9210788499  
0.3731960961  
0.2354934673  
-0.05801290089  
-0.208061003  
-0.4265595993  
0.5949607568  
0.6532998072  
0.3125723404  
-0.9472617246  
-0.465091651  
-0.02363772444  
-0.8942973579  
-0.3200610967  
-1.405627252  
-1.134412614  
-0.6318116704  
0.2148739321  
0.7408208503  
-0.263379854  
-0.6122363678  
0.6799518177  
0.9483388003  
3.084142537  
0.3465539393  
0.3062027427  
1.04281765  
1.787446435  
0.8211537361  
-0.3195958923  
-0.5085937088  
0.6847284009  
0.863090372  
0.9292967919  
-1.187064907  
-1.07288773  
-1.203407086  
-1.187241344  
-1.397407281  
-0.3007142826  
-0.08367634517  
-0.4341537235  
-0.5625659087  
0.2334252418  
0.6005523362  
1.306158992  
0.9173928144  
-0.5894923256  
-1.099117446  
-1.218498688  
0.1785109152  
0.1657122069  
-0.6255685178  
-0.03480693568  
-0.4856696799  
0.152607513  
0.2226047281  
0.6914213376  
1.045820245  
1.506050615  
0.932461596  
0.9361761925  
0.7058095045  
-1.334269885  
-0.8139453335  
0.4564574875  
0.2386515644  
-0.242728592  
-0.4696715705  
0.3261096941  
-0.6776118404  
-0.5877755467  
1.047515505  
0.5918355144  
0.6704401093  
-0.3920375403  
-0.3770020064  
-0.5036324666  
-0.4103565057  
0.5019478455  
-0.6769051458  
-0.805516135  
-0.3807384933  
-0.7970760742  
-1.144461508  
-0.842972165  
-0.8544232723  
-0.5832669506  
-0.1981765368  
-0.2611810812  
0.02940996529  
0.3487019841  
0.851064496  
0.6177512564  
1.134808451  
1.903046584  
1.630775575  
1.55137651  
0.3301883584  
0.121690476  
-1.463074425  
-1.481456099  
-1.228065585  
-0.4675788184  
0.1938195095  
0.003619189083  
0.4143020518  
-0.1566515198  
0.6027260105  
0.5419307908  
-0.008617896969  
-0.02432039175  
-1.200074404  
-1.606673594  
-1.222716328  
-0.3921490876  
0.0495230152  
0.4404019382  
0.1883381942  
0.2073427888  
1.59682636  
1.709559941  
1.396452183  
1.986924768  
0.5824432166  
-0.8937987386  
-0.333169557  
-0.9301739824  
0.5902827967  
0.1901305449  
1.010146695  
-0.3967915554  
0.2634168128  
-0.09331828499  
-0.002363541664  
-2.010031969  
-0.6418528625  
0.02729037628  
-0.5160681042  
-0.239705735  
-0.04890562437  
-1.250422522  
-0.1287831697  
0.2649401187  
-0.3360581083  
-0.03789460507  
-0.7081452419  
-0.6828428457  
0.4310595471  
1.801356678  
1.856457134  
1.397493875  
-0.09424901125  
0.01899439725  
0.2539379625  
-0.1254303624  
0.1521941415  
-0.8664654247  
-0.8797526152  
-0.9508764711  
0.1356071798  
0.2781389618  
-1.186128656  
-1.299808843  
-0.8242476842  
-0.531810912  
0.786080255  
1.144877212  
1.062068849  
1.060595055  
0.07938721659  
0.1506409503  
0.4342871052  
0.3191925294  
0.03409760892  
0.2579123398  
0.6254287244  
-0.1118035744  
-1.391810112  
-0.7531121564  
-0.07453127031  
-1.124225808  
-0.8277094776  
0.1304012318  
0.2169769724  
0.3664270889  
0.7476839934  
0.4617602205  
-0.1085560238  
-0.108381524  
0.7544517505  
0.3510638824  
-0.4118141496  
-0.1746205895  
0.722365058  
0.36970416  
1.149248713  
0.6090109271  
-0.3214153957  
-1.441318878  
-0.5420842529  
-0.645522252  
-0.87994153  
-0.6388340319  
-0.1066705832  
-0.4064527377  
-0.09209551754  
1.423269432  
1.780100542  
1.807519496  
0.09421580229  
-0.5922448642  
-0.2482652849  
-0.1452836021  
0.2815388442  
0.5743787844  
0.2285509098  
0.4244064697  
1.080940344  
-0.3718153667  
0.6818926148  
-0.155174959  
-0.9486669721  
-0.0505469544  
-0.7614532469  
0.4818672931  
0.1961299947  
0.5248560076  
0.8787965949  
1.357907001  
1.100784757  
0.243043736  
-0.9861273573  
-0.6320922657  
-2.275808056  
-2.346745132  
-0.2459489251  
-0.05513853008  
0.2518725002  
-0.466309041  
-0.3728292578  
0.1037853781  
0.4978902806  
1.087726001  
-0.2319577302  
-1.324247529  
-1.044955401  
-0.4243786479  
0.1563129093  
0.4788100206  
0.3449972008  
0.9272241671  
2.179029255  
1.094488892  
0.4867956027  
-1.000586531  
-0.7683518842  
1.005760921  
0.2598993533  
-1.112974355  
-1.463359068  
0.4849960974  
-1.101264863  
-0.1822235457  
1.292547878  
1.095937598  
0.687501347  
0.2260738746  
-1.267641664  
-0.6138612389  
-0.9870872396  
-1.277959751  
-0.9824493773  
-0.0886841604  
-0.4411414561  
-0.7853859234  
-0.5961831139  
-0.9599580865  
-0.8804785523  
0.07524312681  
-0.6083080255  
-0.3299056577  
-0.2914577676  
0.6938154881  
1.607923812  
0.156711425  
-0.03382814681  
0.5473361356  
-0.2942445043  
0.1313464131  
0.5448719624  
0.05203849062  
0.611719254  
1.220563755  
-0.3893567328  
-0.8664541132  
-0.6476057115  
0.4107117029  
0.8775855419  
-0.8047456869  
-0.6649112036  
1.370999895  
