-1.285974956  
0.8682268769  
-0.08664240168  
-3.389222917  
-0.7035145966  
1.552373228  
0.3859728149  
-1.909054263  
0.2964656015  
1.982542306  
-1.270284247  
-1.342863943  
-1.487903365  
1.178761089  
1.054876046  
-1.074834491  
0.1649446236  
1.970818085  
3.108515187  
2.106048055  
-0.2442683216  
0.2508123794  
0.9338429377  
-0.7595463316  
-1.599460627  
0.2760248058  
2.241425312  
2.006616098  
-2.371258039  
-2.771369017  
-0.74934026  
1.727586719  
-1.276192222  
-0.6056240435  
0.971915427  
1.171795807  
-1.643158787  
0.05453610514  
1.862617563  
2.981547724  
0.634898194  
-0.9220686735  
1.487856896  
1.807289384  
-1.237155589  
-1.965933589  
0.7628864767  
1.579889243  
-1.754245739  
-2.26055121  
-0.3707186784  
0.1098178452  
-1.981802585  
-1.256616227  
0.3815544003  
1.708807458  
-1.023772159  
-2.179865048  
-0.2084565117  
1.228179417  
-1.092373461  
-1.373280775  
-0.05248046031  
1.829330216  
2.364524962  
-0.8714716985  
-1.71487272  
-0.1156445113  
2.820390309  
1.132076535  
-2.075796403  
-1.167850781  
1.1275645  
1.950801538  
-0.4964091572  
-1.507084302  
-1.558863465  
0.9922205738  
1.048167838  
-2.514105096  
-2.349853486  
0.2301575078  
2.345961999  
0.5772178613  
-2.128038003  
-2.199176767  
1.688221526  
2.468448687  
-0.7457543729  
-0.6452644492  
0.6526397702  
2.31706085  
3.004720042  
1.203288742  
-1.650262547  
-1.999134949  
0.1952991524  
1.822983959  
-0.6270518043  
-2.362866591  
-1.426006993  
0.4140227615  
1.447457624  
-0.4127120874  
-0.980496273  
-0.3177731723  
2.840004244  
2.761218316  
0.1605621272  
-1.339102916  
0.2266190852  
2.083503187  
0.186445394  
-1.525413775  
-1.385189593  
-0.9179290029  
1.946350514  
2.429719647  
-0.005901212011  
-0.8348709914  
-0.1189447568  
1.632476518  
-0.4491410934  
-1.811355084  
-2.220825261  
-0.181780932  
0.0492666127  
-2.975377541  
-2.346636213  
0.7542996496  
2.561020377  
-0.3104051242  
0.1815769341  
-0.5104398006  
0.4078207194  
1.051875987  
-1.241676668  
-2.425740345  
-2.375285149  
0.7034054297  
0.6707529471  
-2.174262944  
-2.500848916  
0.1771670293  
2.856186943  
-0.08179568749  
-0.827583116  
-1.018444438  
-1.154256683  
0.3127087795  
2.606335179  
1.865667868  
-1.163001945  
-0.8183146641  
0.4328984858  
1.572859179  
0.9997832646  
-0.05972092277  
-1.374595996  
-0.001593976868  
1.239661501  
0.03718798789  
-1.370431827  
-1.366245894  
0.5904784774  
2.604366236  
0.7041683102  
-0.8836230823  
-2.606305182  
0.2890307128  
1.652063622  
-0.5564270909  
-1.002230313  
-1.508237222  
1.018618458  
2.31778623  
1.498919859  
-0.3505852325  
-1.277564233  
-0.5898717587  
-0.0313458386  
-0.1371701787  
-0.9597638903  
-1.556645413  
1.408248478  
3.026175394  
-0.4077976323  
-1.045079635  
0.7001973004  
3.182037478  
0.3878061351  
0.1568831302  
-0.379806208  
0.4255203633  
0.4005358195  
-0.9066360822  
-1.206699512  
0.5257119447  
1.939643021  
0.8274888113  
-1.033363445  
-2.972761866  
-0.09524798962  
1.345712966  
-1.479359122  
-1.512646668  
-0.7871564731  
1.757752254  
2.21036367  
-1.086064781  
-1.422526642  
-1.42973717  
-0.1308832526  
0.004898709336  
-1.038972862  
-2.229703087  
0.4632026283  
1.300947325  
-1.160421413  
-1.500419282  
-0.2565934073  
2.736939373  
3.18029719  
-1.394215461  
-0.8824916776  
0.03719305112  
2.22193419  
0.5087418838  
-0.2515322222  
-0.03032000296  
-0.6229759326  
1.458946631  
0.2601950664  
-1.208786892  
-1.225207075  
-0.2444867787  
1.976785141  
0.1132794375  
-0.8169572693  
-0.1304079542  
-0.8599239481  
1.637518618  
0.6805913176  
-1.147589872  
-1.635096322  
-1.260190906  
0.3192074493  
2.423215009  
1.842525842  
0.869708464  
-0.1459900537  
1.212768829  
1.965393672  
-0.7101052002  
-1.102871628  
0.008260381921  
1.369423231  
1.935575948  
0.05725830931  
-0.7984214143  
-1.449818135  
-0.6781901174  
0.9243286129  
-0.4492845798  
-1.632143933  
-1.463033841  
1.633816936  
1.036266096  
-0.1316427095  
-1.710479768  
-0.53870475  
0.9016528541  
-0.7994928986  
-1.043380577  
-1.228710775  
0.6070845626  
2.159767457  
0.7521883744  
-1.318987181  
-1.209450775  
-0.3111363437  
2.182534893  
-0.01174988662  
-0.0985941403  
0.05930982731  
-0.3654911284  
1.368681822  
1.404128185  
-0.588996918  
-0.6283056816  
-1.122613563  
1.043625263  
0.9694820238  
-1.947859193  
-0.08583914656  
1.297340399  
-0.2681501212  
-0.4905667188  
-0.1095318505  
2.03883412  
-0.3231832415  
-0.4988738894  
-0.9378661152  
-1.169420177  
1.202172794  
0.9337780639  
-0.6762802391  
0.1995106889  
0.4181075392  
1.27101003  
-0.0781251733  
-0.8165115545  
-1.024666709  
0.04244465149  
0.7107612169  
-0.6684934201  
-1.050424754  
0.3274026984  
1.806411764  
-0.2617462033  
-2.387870575  
-2.934453466  
-2.5416384  
0.999970418  
3.684479804  
1.485787018  
-0.03192607644  
-1.074093934  
-1.780265946  
-0.9487654065  
0.003613762322  
1.280781205  
0.7772068588  
0.01296134615  
-0.351421352  
-1.245647411  
0.646804986  
2.244909225  
-1.222662691  
-1.526254827  
-1.461402827  
0.1952302791  
3.473836003  
2.99347829  
-0.4023637007  
-0.6115640904  
0.179229318  
1.629296251  
0.5382579232  
-1.574136477  
-1.839204443  
-0.6459898064  
0.3247033092  
2.09680668  
1.918615885  
0.8196008477  
-0.3956792264  
-1.437804656  
-0.5526108624  
1.330996539  
1.856300927  
0.1801785456  
-1.951757183  
-2.036763373  
0.6900602278  
-0.2325210538  
-0.144885619  
-0.3191756411  
0.2451229492  
0.9155353341  
2.202267361  
-0.5410705576  
-0.326872847  
-1.095635477  
0.36314418  
1.534035085  
-1.513269283  
-2.581621801  
-1.688107433  
1.391973272  
0.7104220903  
-1.159416235  
-0.5122784473  
0.1650288407  
1.350268762  
-0.5314195185  
-1.291883659  
-0.9817965955  
0.3801162653  
2.117926079  
3.635485273  
-0.008696557581  
-1.539421306  
-1.129544723  
-0.4687638712  
0.1027383766  
-1.623595787  
-1.050941189  
-1.704507533  
0.2213809859  
1.595743322  
0.4027114274  
-0.4318771796  
-2.049859567  
-1.39418403  
-0.2220693768  
0.8204263211  
0.983875856  
0.4213103942  
-0.6466655177  
-0.8311254183  
0.1090084473  
1.070702407  
1.243496505  
-0.3903939186  
-0.6112519615  
-0.0399730387  
0.6785333826  
2.467740655  
2.173528804  
-0.9330467568  
-2.307851716  
-1.925110874  
-0.8289175528  
0.8184413041  
2.440391708  
2.735099707  
-0.2723922726  
-0.8701770213  
-0.7489268992  
0.3480667555  
2.727161461  
0.6031100729  
-0.1717741969  
-1.240815011  
-0.05969307212  
1.339422436  
-1.075964898  
-0.9639007833  
-0.07922760858  
1.455651614  
-1.03212409  
-0.6917275143  
-1.804809717  
-0.6510202521  
0.770158599  
0.1909418062  
-0.2609594235  
0.4235821044  
1.474041406  
-0.5268306663  
-1.994842062  
-1.808310166  
-1.181782729  
0.09326021433  
-0.3113092029  
-1.144787466  
-0.296752582  
1.078500237  
-1.997905379  
-0.5328664074  
0.7878671365  
1.899977332  
2.483933164  
-0.7425602311  
-1.133920941  
-0.9227420801  
1.45581167  
2.771466409  
1.953744041  
-0.1483929371  
0.07173987657  
-0.1961893496  
1.474036449  
2.813226428  
-0.4135839942  
-0.2119115335  
-1.773515212  
-0.7722206029  
1.939398393  
0.6438368861  
-0.999487795  
-0.4456389764  
-0.1174823324  
2.505757703  
1.476678523  
-0.6859052532  
-1.841467604  
-1.593137507  
-0.3058036871  
0.90824189  
1.35606088  
-1.448189595  
-1.831334054  
-1.304580969  
-1.258311122  
-0.4418554457  
1.734011114  
0.7461280156  
-0.9577543033  
-1.360470002  
-1.358582779  
0.3461011964  
2.050848441  
2.404645827  
-0.7075302369  
-0.7084098599  
0.03870625931  
1.064741434  
1.873343266  
1.484557567  
-0.2293947366  
-0.1570303834  
-1.319444654  
-0.4694014234  
0.5700882157  
1.695232192  
0.5025529041  
0.294886793  
-1.416283346  
-1.838606706  
0.5796961039  
1.37765439  
0.6633031753  
-0.00473957054  
-0.5468165948  
-1.313912254  
-1.455112746  
0.3118633017  
1.85311421  
0.4902879079  
-0.6233324885  
-0.2594236575  
0.6794210368  
0.9553769905  
1.605651772  
-1.465837889  
-1.638937256  
-1.803882026  
0.6976407627  
2.185146667  
0.5364048616  
-1.687074585  
-1.924692791  
-1.134607201  
-0.006192758422  
1.235053719  
-0.03822629532  
-1.112165894  
-1.395319098  
-1.87513395  
0.1766668018  
1.063737726  
1.043870669  
0.191011121  
-2.525097356  
-1.599654601  
0.7827080137  
1.204070707  
0.5669177135  
-0.5667743574  
-1.462057697  
-0.655937262  
1.805418321  
2.984905093  
-0.02345983158  
-1.158958216  
-1.556183328  
-0.5861532284  
0.4997935544  
1.795579754  
-1.036348929  
-1.39389584  
-1.840041132  
-0.6819944783  
2.57221552  
3.37770721  
0.1874386207  
-0.02609286932  
0.2107122548  
-0.4930535632  
0.4036400276  
1.01556241  
1.516198018  
-0.8155238907  
-1.032813369  
-0.8740019301  
-1.806762839  
-1.241995251  
1.550495179  
