0.2718256669  
0.3031245169  
-0.1423182144  
0.4041078853  
0.6785322779  
-0.8572352363  
-0.6388773855  
-0.7379457916  
-0.06624806069  
-0.3227864704  
-1.427671334  
0.8497535139  
0.05726895235  
1.267106859  
-0.7607412794  
-0.8481480108  
-0.03076459494  
-0.2705477257  
0.7139122166  
-0.8499986648  
-0.02519896545  
1.090526384  
1.107972003  
-1.251086399  
-0.4852689193  
0.9118776419  
0.3039102713  
-0.1332253206  
-0.663323766  
2.227753146  
1.020583016  
0.2546071824  
-0.2204938125  
-0.6220262782  
0.5484979405  
0.4945775954  
-1.322467809  
-0.4974241088  
0.05397586215  
0.1551322865  
0.4434298742  
-0.1275070806  
-0.5123091848  
0.9978397377  
-0.3071075734  
0.03521683454  
1.081225578  
0.7535684658  
0.04346760744  
-0.4857178698  
0.1895131117  
-0.3630131714  
-0.7873165717  
-0.07163340815  
0.5603377143  
0.8916217381  
-0.2966720097  
-0.4541030613  
-0.6237428565  
-0.1277435781  
-2.235831245  
-1.954935728  
-0.5767463521  
0.4073066337  
0.3120195259  
-0.01602151244  
0.7761602543  
1.3990501  
1.483232429  
-0.3754134804  
-0.35638728  
0.7757079594  
1.298823592  
-0.5743969981  
-1.875264057  
-0.2053183467  
-0.09956608463  
0.5682709285  
-0.1775132293  
-0.9092204593  
0.3153171728  
0.6000320096  
0.7051258501  
-0.07152840832  
-1.432688728  
0.762788961  
2.134073519  
0.7819580823  
-0.315619864  
-0.02854541867  
-0.1958861633  
0.9935479964  
0.5240955139  
-1.429911664  
-1.223175998  
0.2044512857  
0.351567222  
-0.1679559645  
-0.2584254125  
0.1454773014  
0.5355942776  
-0.2533095411  
0.3682180389  
-1.125627467  
-0.5651068332  
0.8297512061  
0.6113737023  
-0.2075183044  
-1.04775945  
-1.012252357  
0.5453901876  
0.5858737566  
-1.442275635  
-0.845242584  
0.08021254615  
0.7496726252  
2.475578041  
-0.297402586  
-1.11189942  
0.8222079175  
1.552195996  
0.382319749  
-1.244094599  
0.563368873  
0.4041875428  
0.676346248  
-1.514158155  
-1.29817477  
0.4134042987  
-0.0535694871  
1.272601259  
-1.205929253  
-1.025692534  
-0.2310495208  
-0.06495961655  
-0.9684951383  
-1.592154018  
-0.5055790637  
0.9246797342  
2.684219853  
0.5319021942  
-0.794487732  
-0.2525528537  
-0.3073121022  
0.7845752016  
-1.387152233  
-2.344365472  
-1.544632391  
-1.080672702  
0.7406791047  
1.994302462  
-0.2538148871  
-1.034167272  
-0.8681457921  
0.4829979182  
1.62655645  
-1.066217258  
-1.224781025  
-0.3956140685  
1.787465646  
1.9332585  
-1.026031242  
0.2080337769  
-1.230852731  
0.6306615319  
2.139953009  
-0.5021858328  
-0.9388700152  
-0.05476237575  
-0.06721136178  
0.7202564618  
-1.23110924  
-1.161525541  
0.844243785  
1.437093227  
1.428685998  
-0.7019404742  
-0.08059055098  
0.4010357704  
0.8160809027  
1.159176856  
-1.813604583  
-1.379727751  
0.1676137425  
1.344748381  
0.669593115  
-0.1823667859  
0.2304901713  
2.027497984  
1.09512991  
-1.317784248  
0.2143620318  
0.5184282358  
1.744314061  
-0.5178225793  
-1.092488586  
0.002266517575  
1.292124689  
-0.107413032  
-0.9028599607  
-1.181106854  
-0.5049753429  
0.903126209  
-0.01884569469  
-0.3219706602  
-0.9288607431  
-0.6402652752  
0.4508760388  
-1.036353039  
-0.5350330787  
0.1618053574  
1.037031627  
0.5939650054  
-0.9157155154  
-0.633850344  
0.893926119  
0.1798097334  
-0.09281327387  
-0.9772020792  
-1.99222436  
0.6727691127  
1.839208232  
1.590584038  
-1.415805996  
-0.5798573698  
0.9328632003  
1.000517898  
-1.638194553  
-1.4123193  
0.2531255577  
-0.01595185251  
0.3559880512  
-0.7611519857  
-1.176239391  
-0.3902187857  
0.2311707138  
1.315952012  
-0.5076787142  
-0.7134441422  
-0.8240666618  
0.7085803458  
0.7302776728  
-0.6239973524  
-0.5993039139  
-1.520065498  
-0.01365634203  
1.073753482  
1.591335076  
0.7673085354  
0.1858337721  
0.6075654075  
1.39658039  
0.1953464608  
-0.5841048605  
-0.3785013866  
0.5329968537  
0.6954606042  
0.1722681083  
-0.3645799336  
-0.849092128  
0.4908286671  
2.848431926  
1.368993056  
0.07959144896  
0.03831629258  
0.6195452833  
1.032182888  
-1.643389708  
-1.430111019  
-0.7471961344  
-0.1274819462  
0.003427950721  
-1.10688934  
-0.7977902247  
-1.342260221  
0.8020417455  
1.492234106  
-0.8894813363  
-2.54281532  
-0.6234563885  
1.243118171  
0.8394391779  
0.2028198004  
0.6054240478  
-0.1056587509  
0.3754460887  
1.742197824  
-0.5044315069  
-1.299437316  
-1.067001154  
-0.3897270852  
0.8780483914  
0.4762411639  
0.08625276374  
0.05530168195  
-0.68730407  
-1.638385852  
-0.5669711472  
1.132746282  
1.842071542  
-0.9752715139  
0.1474030958  
0.6544228308  
1.942183261  
0.7172441199  
-1.649763066  
-0.867314066  
-0.5626939432  
1.191513795  
0.4829105617  
0.01074816361  
-0.2180547352  
0.1342225752  
0.7710337253  
-2.031077267  
-1.682722869  
0.7001047424  
0.7503354565  
0.6098199427  
-0.8295290453  
-0.4371142491  
-0.653853302  
0.3498392976  
1.608064243  
1.980980057  
-0.5813512675  
-1.178622302  
-0.4812538258  
-0.8498218451  
1.132129513  
1.193186332  
0.5499481441  
-1.030389958  
0.2774188256  
0.4267153788  
0.2471097602  
0.360248821  
-1.380192278  
-2.028215243  
-0.976130781  
0.5835859331  
1.059122665  
0.7760812995  
0.1216977718  
-0.003272379594  
0.350321778  
0.8695724515  
1.01505398  
-0.4382762545  
-1.215986118  
-1.317235794  
0.8129115302  
0.2940246378  
-0.1337609411  
-0.9630799519  
-0.3828444145  
-0.3483227427  
0.1793984564  
1.387211513  
2.291873179  
-1.011285386  
-1.035847335  
-0.7552566071  
0.6179443652  
1.294205267  
-0.8921515105  
-0.822539119  
-1.410530968  
0.8143950066  
2.237360911  
0.4610934626  
-1.121845581  
0.4139379202  
2.301761707  
1.569878723  
-0.6954342436  
-1.781542531  
-1.60341202  
-0.8688759121  
0.1699281089  
-0.5621692455  
-1.219151717  
-1.32340194  
0.5360496752  
-0.04022922722  
-2.330882629  
-1.414837689  
0.1473382619  
1.549808436  
1.288740977  
-0.5832144236  
-1.687053215  
-0.0255239983  
1.609568189  
2.560968151  
0.3058830672  
-0.6047231072  
-0.7851574063  
-1.2366679  
0.6743135808  
0.9157402623  
-1.477186307  
-1.900999858  
-0.7937474072  
0.5794201584  
1.275108743  
0.7035166864  
-1.73896304  
-1.028056843  
-0.3804063092  
0.4056550849  
0.0726279112  
-0.01929750062  
-1.374642289  
-0.09342586159  
1.353222109  
2.030119292  
1.710615989  
2.131354127  
0.9525762035  
-0.7946211277  
-1.36517566  
0.3932977974  
1.776498961  
2.088793748  
-0.005621604955  
-0.1389316969  
-0.9129782945  
-0.5127689914  
0.7797325432  
2.450443591  
-0.1292831805  
-1.417689459  
-1.136228889  
-1.075974763  
1.070549709  
0.8996132908  
-0.0615582227  
0.21481299  
0.9669879582  
0.9258775621  
-0.5769714427  
-0.4792725391  
-0.1646405146  
-0.1075872577  
-0.1448548041  
-1.793373921  
-2.005112901  
0.3096781719  
-0.3528027205  
-1.523462601  
-0.7345358804  
0.03430880977  
0.2440204779  
-0.9917393181  
-0.4127887467  
0.1682891596  
0.3102564747  
-0.3402642012  
-2.95711156  
-1.259055952  
1.160709903  
1.310670213  
0.01715667064  
-0.9781809163  
-0.2113434743  
0.0908588393  
1.983978104  
1.599314752  
0.08464147117  
-0.03914396989  
-0.05879623033  
0.746837983  
2.685606422  
1.854521549  
0.1694221771  
-0.1352141507  
-0.136830465  
1.21755297  
2.192644665  
-0.2062747659  
-0.2611856427  
-0.6451545935  
1.475716766  
2.551375672  
-0.507133172  
-1.435492753  
-1.395697092  
-1.604791111  
-0.7138502011  
1.609578973  
1.001680744  
-1.220303488  
-1.491478052  
-1.039634462  
-0.3678797422  
0.06624987039  
1.073300901  
-1.068350967  
-1.509482131  
0.3729880814  
0.7640501203  
1.312792409  
0.9218954286  
-0.3770899838  
-0.7562374954  
-0.1305083684  
-0.4668301056  
2.338887785  
2.015582339  
0.2187232143  
-1.890613518  
-1.130181805  
-1.12017136  
-0.5929040391  
1.155801043  
1.83964317  
-1.131565291  
-1.074700365  
-1.235607842  
0.26131596  
2.763319279  
1.96862354  
1.182863185  
0.8795854441  
-0.5114201874  
0.9229844441  
0.8808498806  
1.52753207  
0.5001589015  
-0.5605312655  
-0.3900000079  
-0.833044484  
-0.2316620261  
0.8780906115  
1.70222972  
-1.320641385  
-0.9732122983  
-0.3574847134  
0.3339562246  
-0.2686252481  
-2.997487402  
-1.823655927  
-1.184292642  
0.05423918724  
1.669743079  
0.3966947713  
-0.804747462  
-2.105655847  
-0.9034467688  
-0.6032566189  
1.437115412  
0.8965572139  
-0.7656938224  
-2.118981749  
-1.692374299  
-1.311362705  
1.730179281  
1.234215173  
-1.262031834  
-1.649525775  
-1.136130188  
0.7444603839  
-0.04434670247  
0.3743107898  
-0.8480264946  
-1.144272473  
0.04991883354  
1.199703542  
1.741027987  
1.055357876  
-0.269753635  
-0.04078034319  
-0.9473737477  
0.4844117188  
2.112573797  
1.030674431  
-0.9538676816  
-0.6700617815  
-0.6986124234  
-0.3845150656  
0.349672232  
0.5347075607  
-0.8514182034  
-0.8393623264  
-0.912656892  
-1.391225835  
0.562518903  
1.765853787  
1.528665674  
