-1.296231163  
-0.4351939596  
-0.6145495133  
0.623790056  
-0.3857344696  
0.6922868033  
-0.8583743762  
-0.004999708023  
1.077357713  
0.2289770703  
-0.9252031978  
0.6278051391  
-0.2050282085  
0.5709328294  
-0.9067664077  
0.6684508144  
0.2095997065  
2.037409456  
1.427019492  
-0.2137436487  
0.8552222155  
-0.396499699  
-0.2293764854  
-0.6927181625  
0.8057723818  
1.489692929  
0.02653839716  
-2.18503541  
-1.575070406  
-1.642086809  
-0.2497848909  
-0.4241646319  
-0.3757291796  
0.09783248569  
0.6376814491  
-0.6804483646  
-1.011922264  
0.224595739  
1.798522609  
0.8488274557  
0.1067172211  
-1.030309775  
0.7920286655  
0.06372788777  
0.1199028518  
1.080255499  
1.090442944  
-0.8263134546  
1.128399118  
0.2064649287  
0.3635375737  
-1.171507091  
-0.9562909188  
-1.817773073  
-0.5855478776  
-0.8863288756  
-0.6877095703  
-0.5705636399  
0.0318054633  
0.8676903217  
-1.466897991  
0.2756330315  
0.3273213802  
0.7345522933  
-0.2100613715  
0.5894372295  
-1.278538523  
-0.919388853  
-0.5341238672  
-1.098451739  
0.8382148999  
0.891498836  
0.8835118619  
1.019217206  
-0.4869557237  
0.3208199393  
0.8263185807  
0.4580276811  
-0.1195488077  
0.6079079102  
-0.2320367694  
1.040641736  
0.6308369713  
-1.336149102  
-0.2387549059  
0.4702155028  
1.717289293  
1.007184269  
-0.6890497184  
-0.8725118997  
0.2803309025  
0.2029490199  
-0.2016609176  
-1.014384194  
0.8194680027  
1.101576786  
0.6233959136  
-0.08403244255  
-0.4980328942  
-0.02853897946  
0.3400218383  
0.6537354145  
-0.3899734256  
-1.535504875  
-0.1507041176  
-0.1018624687  
0.09169332334  
-1.346859683  
-0.6349604425  
0.569071328  
1.108487264  
0.6373872024  
-1.054399324  
0.2776798213  
-0.01249517668  
1.34559835  
0.4301195316  
-0.5943030698  
1.690138501  
1.04291497  
2.395679373  
0.980715072  
-2.597296504  
-1.045570409  
-1.851091094  
-2.532321262  
-2.920359766  
-0.8784543922  
-0.0141575819  
0.6806123518  
0.07789239294  
-0.6937711334  
0.7413822886  
1.247371485  
1.787677324  
1.370829199  
-0.02958300282  
0.175551544  
0.9043710226  
1.631011332  
-0.1184072476  
-0.6428484198  
-0.594332584  
-0.6342320398  
-1.543823444  
-1.542835547  
-1.200966123  
-1.857410685  
-1.249700796  
-0.6776514175  
-0.4189173881  
-1.375669398  
-0.453125194  
-0.2168410869  
2.636749174  
1.596829572  
0.02951285295  
0.724326412  
1.188173112  
2.764733759  
1.849975508  
-0.7221676241  
-0.1956330245  
-1.069821754  
0.3078041316  
0.4551003785  
-1.084388457  
0.5520779944  
1.209161988  
1.366318275  
-1.708383794  
-3.617704906  
-2.194500484  
-0.8991329759  
1.735904224  
1.142919993  
-0.4880958872  
0.4760167283  
0.2968350792  
2.394454967  
2.546941821  
-0.6200897292  
0.9190096483  
0.2127842163  
0.02156475082  
0.00767469789  
0.3266690794  
-0.3714201833  
1.467663278  
0.1297162429  
-0.2779760837  
0.006060579646  
0.8959825703  
-0.09011381615  
-2.558608492  
-1.096700466  
0.7991857366  
1.001695403  
0.928638713  
-0.4184874796  
0.5255028965  
-0.004379269994  
-1.00771218  
-1.725708625  
-0.7355759067  
-1.980772942  
-1.242824521  
-0.4954163808  
-1.358631104  
-0.493405895  
-0.6258793826  
0.5500880324  
0.632383131  
-0.5294315665  
0.7443248562  
1.073965462  
2.157711952  
0.3691816763  
-0.8190861171  
-0.6478553  
0.03558888979  
0.7960482994  
-1.252650636  
-0.9985923608  
-0.2868840014  
0.837956363  
0.9836083782  
-1.594044707  
0.3156780146  
0.8990707476  
2.438655628  
2.221488568  
-0.6355639144  
-0.4548620578  
-0.3505616628  
0.883858864  
-0.05391745203  
-2.15861487  
-0.3825913687  
-0.5446071125  
0.787818218  
-0.2115888056  
-2.001376703  
-0.7969860154  
0.08499461952  
1.376694226  
1.680406756  
1.965858969  
-0.5902179343  
0.6847668166  
1.187501319  
2.087237068  
0.6788487014  
0.601846557  
-0.4108232077  
-0.3446195072  
1.050501307  
-0.8317220853  
-1.849157404  
-1.270419606  
-0.9847803998  
0.8284406624  
-0.07869711571  
-1.610501833  
-0.09841708051  
0.8358008341  
1.058025315  
-2.689187614  
-1.256914958  
0.1926963679  
1.144653991  
0.4177027517  
-1.29032396  
0.4394360773  
-0.2737456571  
0.148062334  
-0.340386486  
-1.747716512  
-0.01066514408  
1.057230297  
1.042036153  
0.03282129677  
-0.8922340645  
-0.6737333368  
-0.1590987765  
1.223731803  
1.022665142  
0.5506440242  
0.3643794507  
1.035200152  
0.8105579272  
1.537408646  
-1.36251116  
-2.514196846  
0.1142319145  
-1.351109588  
0.5364907899  
0.9499233186  
1.496209075  
0.06653476621  
-0.7973398934  
0.02910632816  
0.1123140485  
1.343725986  
1.584817959  
0.5797937922  
0.9568449018  
1.383808488  
1.13433581  
0.129792534  
-1.651932407  
-1.039114506  
-0.4416800663  
-0.8948178135  
-2.565526294  
-1.702511612  
-0.6120146587  
0.7072566048  
-1.259027274  
-3.238362214  
-1.514022181  
-2.347098762  
-0.4955725027  
1.135023198  
0.9154228934  
-0.4965833146  
-0.3077637426  
0.0810041437  
-0.1421266647  
1.618674597  
2.887692773  
1.522461524  
-0.5829821446  
1.515311938  
2.392438178  
2.063867352  
2.329100642  
1.17140341  
-0.9732784385  
-1.085328788  
-0.6928536301  
1.180373283  
0.1998329563  
-2.123289593  
-0.001357079584  
-0.7326640138  
0.1587998206  
0.1750542856  
-0.966928691  
-0.6350461298  
-1.162167226  
0.8428853641  
1.254087589  
0.6807054556  
-1.046988447  
-0.07553961217  
0.08314158834  
0.600476618  
2.418034336  
1.714312656  
0.1386838261  
0.6485094999  
0.2840962401  
2.366212105  
0.3908808882  
-2.75777243  
-0.4870316016  
0.5984290025  
1.416279689  
-0.2038549911  
-1.945301463  
-2.571243995  
-1.556731102  
0.02411782623  
1.042058125  
-1.445494362  
-1.491120942  
-0.9989625687  
-0.6571417007  
-0.332264494  
-1.1081598  
-0.03087574688  
0.1235300107  
0.2891858993  
-0.7957725334  
-2.650132834  
-1.088258051  
-0.7909515011  
1.235854  
1.590633788  
-0.07198197564  
1.160909756  
-0.479500908  
1.451602921  
1.855742909  
0.1712705959  
-0.9028668444  
1.176925383  
0.1340499601  
1.156898084  
1.235000558  
-0.2664139315  
-0.4443006656  
0.5161973154  
1.156452414  
1.396982479  
-0.4054337291  
-2.409440827  
-1.102257268  
-0.03544478216  
0.073802897  
1.352847284  
-0.08394975126  
-1.963203964  
0.8231373261  
1.522200967  
0.5451244348  
1.634139201  
0.4127274388  
-1.984679904  
-1.924112167  
-1.848747289  
-1.714123394  
0.6044670331  
2.349240178  
0.3297651794  
-0.8300539477  
0.1449046183  
0.2328972649  
1.764620545  
1.923895454  
1.076871276  
-1.214159526  
1.094353234  
1.334968205  
2.673007243  
0.8294935885  
-0.09181065742  
0.2755754238  
-0.5253216851  
-0.5433670512  
-1.675562048  
-0.9502826402  
-0.6645175184  
0.07138544923  
-1.252613293  
-1.927474018  
-0.693099772  
0.8380786379  
0.3604816638  
-2.201852106  
0.5860296469  
1.627253917  
2.062547145  
-0.9951088617  
-0.3767552903  
-0.2623246033  
0.4105021048  
0.2504040814  
-2.208413529  
-0.8088468473  
0.753456714  
0.7000851912  
-2.411883544  
-1.843050324  
-1.093642959  
-0.9815496098  
1.025176528  
-0.2281198134  
-1.725483478  
-0.9747708645  
-0.3545747682  
0.9332662028  
0.852579929  
-1.252184626  
-1.155564726  
-0.2600500504  
0.8396811936  
2.194645871  
0.5758088024  
-2.263452227  
-0.4932726997  
0.9160537426  
1.613749229  
1.567853036  
-0.546156331  
-0.1592386262  
0.400304296  
-0.07111091753  
2.106938636  
3.697092589  
1.715446081  
-0.8468741908  
-0.2649606875  
-0.274846636  
0.5148182824  
2.16480765  
1.532312809  
-0.8920520959  
-0.1806772288  
-0.6069722054  
0.4182842091  
1.258918445  
0.147746633  
-1.808586374  
-1.977582554  
-1.607076484  
0.243487375  
2.429844859  
1.768954399  
-1.224193005  
-0.6985086858  
0.2620925878  
0.2520989074  
0.7374217304  
2.086430142  
1.032818089  
-1.970260408  
-0.2014135075  
0.348284367  
0.6707151715  
1.084242257  
-0.2183407818  
-3.204590537  
-0.1856845056  
-0.3892536207  
-1.064845747  
-0.2557130789  
0.5351719304  
-0.5788328551  
-1.831042883  
-0.1532346897  
-0.5188538376  
0.5960474075  
1.675329447  
0.3152177524  
-1.496593714  
-1.190392739  
-0.05457072282  
0.6773934019  
-1.059246043  
-2.076660191  
0.1816486007  
1.549623963  
2.177793196  
1.918032072  
1.313647085  
-0.4421100816  
0.989771215  
0.3251297103  
1.977649197  
2.936882611  
1.010692129  
-0.4431744456  
-2.337541119  
-1.49245806  
0.1605816207  
0.6625734402  
-3.031734296  
-4.891335962  
-1.563332694  
-0.8642483933  
0.4384723244  
0.7177738707  
-1.941130495  
-1.614425526  
-1.178122095  
-1.686049768  
0.3940226594  
0.3538499159  
-2.376329667  
-0.5126831996  
-0.6471935909  
0.5419038914  
1.384698479  
1.346388772  
-0.9481672874  
-1.488065723  
0.3339084225  
0.5945601255  
1.366429224  
1.58106705  
1.725268931  
0.1914304827  
-1.959687049  
-0.4581015274  
-1.004180661  
1.398369136  
2.458534407  
0.8385932751  
