-2.924029408  
-0.9617906053  
1.255462311  
-1.641501311  
-2.243938401  
-0.5833994053  
-1.442587997  
-1.745270566  
0.3034433992  
3.919264343  
0.3394658571  
2.830182699  
3.886309824  
1.871890334  
-1.788371382  
-0.4562360934  
-1.859083848  
-0.7446162738  
0.9177964901  
-1.702339053  
1.602930489  
3.937790546  
1.269087192  
-1.861878464  
2.232699021  
0.1223489566  
-1.415084477  
1.451309169  
-0.2334593254  
-1.093133285  
-2.475010802  
1.687847783  
-1.720727929  
-0.8563158954  
3.011463481  
-0.5739892801  
-1.184375333  
2.343297321  
1.058259725  
-1.079200256  
-1.509415823  
-1.233018107  
-0.5728383325  
-1.255238684  
-0.4422141284  
3.405194632  
1.553447604  
-1.195791633  
0.4253462212  
0.1276864936  
-1.145304108  
-2.27310232  
1.385942976  
-0.4255044274  
-3.107067549  
-0.2036558509  
-1.926506427  
-1.497156141  
1.545307014  
1.693755085  
-2.068512656  
1.647175092  
-0.6277949365  
-1.718566675  
2.156146221  
-0.847991655  
-2.142715243  
3.192554057  
1.505343787  
-2.175709757  
1.739233199  
0.07922547026  
0.2402566293  
2.552332487  
-0.911349805  
-2.275364279  
2.623489219  
1.309007778  
-1.145955102  
0.2497718982  
-0.516574827  
-1.513819572  
0.7202318587  
-2.023155272  
1.018346421  
-0.7168546535  
-0.7578966955  
1.531152986  
-0.850746684  
-2.072272828  
2.071633573  
2.109220646  
1.781511182  
-1.690720366  
2.493368137  
0.4869950295  
-0.6959052122  
1.512697462  
-0.1601625094  
1.53343489  
-0.1627359742  
-2.648806309  
-0.326253007  
-1.617402079  
1.878513006  
2.743495555  
1.563735015  
0.7866387514  
-0.9107649725  
-1.713905089  
1.949647082  
0.9802176782  
-0.3351000336  
-0.374434647  
-1.304964868  
-1.258833325  
1.681550932  
-0.5477407279  
-1.026660816  
-0.6327088506  
1.216684461  
1.265554934  
-1.802333148  
1.109059492  
0.2548967946  
-0.5351748898  
-1.628632852  
1.365754818  
-1.077473329  
-2.020289297  
0.2777775216  
-2.459585614  
1.613626406  
-0.5414110274  
-1.310728103  
1.18281139  
-1.661571279  
-2.14569471  
2.543987953  
0.1061936383  
-3.170370629  
-1.884842866  
-1.112433909  
-2.292345948  
-0.5869896949  
-0.2975612756  
2.114289225  
1.025803772  
2.685468327  
-0.8404923468  
2.189725593  
2.720724817  
0.2415657237  
-1.713664738  
0.2117736617  
1.418935712  
-0.864057356  
-1.919406226  
-2.141441486  
3.1287798  
0.8521644683  
-2.03212818  
-0.3805049287  
-0.5371142149  
2.814476425  
0.8400588212  
-2.055514313  
0.5472301464  
-1.730883374  
-2.50290494  
-0.09249766382  
-0.8615431435  
1.493236303  
0.0002656650506  
0.9021721428  
1.68625927  
2.60940021  
-0.9667867741  
-2.599526982  
2.707843905  
1.445188462  
-1.47893256  
0.101414887  
-0.6829535182  
-0.8966941767  
2.096631238  
-1.482420131  
-2.491965784  
2.400874061  
0.1043386334  
-0.360120998  
-1.053841607  
-1.617887759  
1.852745548  
1.308054467  
-0.898005977  
0.338698839  
-1.062513509  
3.835558212  
0.3996248354  
1.989893919  
1.544349515  
-0.01759365053  
1.906348172  
-1.55632054  
-1.897602101  
2.746589068  
1.512001442  
-0.1251680519  
-1.713046311  
-3.078616845  
2.02752403  
1.304610897  
-1.368193049  
1.220095696  
-1.313650708  
-1.809325379  
2.799297433  
-0.5371623888  
-2.896130711  
0.7286568674  
1.00739754  
-0.8983443381  
-2.58449879  
1.181359223  
-0.1541087986  
2.247152123  
-0.9481744709  
-0.735224217  
-2.113445842  
0.2588799425  
2.032219496  
-2.105524611  
1.281019755  
-0.8099309814  
-1.750194719  
0.9567550192  
-1.6158621  
-0.6296654007  
-3.012623407  
2.261310932  
1.884555579  
1.908094532  
-0.06934724746  
-1.674507368  
1.710692742  
0.694952395  
1.956071934  
-1.458060174  
-0.4321364873  
-0.2627001608  
-0.7893191472  
1.843076735  
-1.236581834  
-2.598683598  
-0.1357834521  
-1.600181593  
-0.628860283  
-0.803917755  
2.318444523  
1.390046134  
3.384209453  
1.273168772  
-0.2284012993  
-0.932203328  
3.137779824  
1.786280657  
-1.93928063  
0.0211223252  
-0.3620572949  
-2.570718399  
0.6418127736  
-1.025827495  
-0.3138346229  
-1.749862801  
1.287923361  
0.7995967592  
-1.583687925  
0.8626453115  
0.2853845585  
-2.229374212  
-0.008107037443  
-0.4894006216  
2.483450621  
-0.6456950371  
-1.728125562  
1.32284273  
0.5547941916  
0.7318141244  
0.5443859558  
-0.5615261698  
0.8409972731  
3.53759513  
-0.751956846  
-4.113985654  
-0.9727237951  
2.460726623  
0.1931086443  
1.46349974  
1.865723399  
-1.609549464  
-2.344529001  
-2.947545838  
0.7893938143  
0.06831088483  
0.817878787  
-0.5352995647  
0.6188081557  
0.9102240011  
-1.298762928  
-1.545738693  
-2.336430283  
2.551414887  
1.348846735  
-1.189867771  
-1.081554948  
-0.9877559098  
-0.8962329202  
1.030659338  
-1.293506981  
1.880916517  
0.595778229  
3.021335884  
1.502770648  
2.436267985  
0.1707285482  
0.03993958938  
1.921949861  
-1.981013554  
0.4555411999  
-0.7419582124  
1.453633971  
-1.791267941  
-0.9110097277  
-1.66848208  
1.569589319  
-0.3628009175  
1.612670641  
-1.555414013  
-2.386946288  
1.123140879  
-0.9963697665  
0.3481015822  
-2.506224209  
0.2671382175  
-0.8521134169  
3.347390972  
2.825443975  
-1.097077347  
-1.432654047  
-2.804097411  
0.9945752319  
-0.1523354884  
1.695042627  
-1.280324536  
-1.491915854  
-3.634551981  
-1.531855401  
-0.6024114165  
1.735588638  
0.799280425  
-0.2597179826  
-2.552544321  
0.6332926905  
1.717372468  
-0.4236097711  
0.7094133654  
-1.22135255  
2.857437536  
2.167664826  
1.40057126  
-0.4839887694  
-1.382279402  
0.466711881  
-1.17693387  
-0.09162239197  
-2.172491169  
-3.249925773  
2.450806491  
1.927831377  
1.37311864  
-1.164842721  
-2.932808175  
-0.4264811125  
-1.584768543  
-0.3220145766  
-2.39136023  
-0.43006367  
0.5157861783  
1.549153039  
0.477240008  
1.070471142  
-0.3248550385  
3.231117309  
2.066626253  
2.344041983  
-0.1303647267  
2.084870169  
-0.2410571516  
2.58847173  
1.282990597  
0.3079457896  
-0.9230436933  
-1.263417209  
-0.9776286372  
-2.816414488  
0.7270552312  
-0.1600124902  
-1.223369026  
-0.3424016609  
-0.4230940755  
-1.416386652  
0.9368711473  
-1.294210259  
-0.7860489166  
-0.7482382298  
0.3985112019  
1.262682342  
1.879725453  
1.034251638  
-1.848111938  
1.52954609  
-1.291254823  
0.2636280957  
0.4618449779  
0.6391988963  
-1.134869244  
-2.487821144  
-2.341540905  
-0.03495928753  
1.731453423  
2.456689241  
-0.3692976119  
2.03336548  
0.0690883125  
0.4739677154  
1.495926799  
-0.2203788613  
-0.6266745901  
-0.8470809696  
2.453964866  
-0.3409448054  
1.493100845  
0.4339665302  
0.5998783009  
1.162315575  
0.1562301473  
-2.823925324  
0.863798818  
-0.9643170936  
-1.18412509  
-1.632709267  
-0.6722978349  
0.8156670628  
-1.032293669  
-0.5202548012  
0.8372567892  
0.8794443828  
0.3400428645  
-2.445132483  
-0.8395956721  
0.5044902911  
0.8932266908  
0.7787662932  
1.373701677  
-2.247227955  
-0.3669942545  
0.5166921156  
1.872448045  
-0.1351674373  
-1.180376262  
-1.873120238  
0.85983451  
0.743324443  
0.5970554556  
1.852669621  
-0.9218316929  
1.584322977  
-0.6560766687  
0.8563484942  
-0.468124094  
1.323470472  
-2.548234797  
-0.2595082353  
1.153264774  
0.9127678815  
-0.2289362176  
0.6004986974  
-0.933662871  
1.306875747  
3.27424324  
-1.946780891  
-0.07369174797  
0.8008919655  
-1.88726868  
-0.05285102411  
1.943682261  
1.319389961  
-0.3238711559  
0.5458522864  
-0.5115609899  
0.5349450171  
-2.144702682  
1.236359774  
0.7427323025  
-1.416168516  
-1.971148723  
2.051861133  
0.9812857586  
0.2880734726  
-0.5616558938  
1.145229068  
-2.524460845  
-0.6038405697  
2.850043064  
2.047860912  
-0.9141146806  
-1.024294371  
-0.6940205861  
-1.51714993  
-0.3492917973  
0.8892336298  
0.6615628105  
-1.10122067  
-1.101013568  
-2.264881623  
-0.06706705765  
1.706155296  
2.313765627  
3.571631782  
-0.07756001003  
-1.251064441  
-3.854114844  
-0.1995169698  
0.3498357517  
0.3801257871  
-0.3548047793  
-1.80963045  
0.6362950757  
-2.065425802  
0.5932546194  
1.244352224  
-1.107301333  
-0.6593005021  
-1.381070111  
-0.2359167356  
0.0004129815027  
-0.5558645657  
-0.4844412468  
0.63226754  
2.575934292  
-0.9437037398  
3.251725993  
2.960562602  
-1.945440002  
-0.5567581673  
1.806522612  
-1.673190795  
-0.5729648768  
0.7669212244  
-0.841550431  
-0.6356349099  
0.2122273925  
-0.9478222632  
-1.289730863  
-1.481053922  
-3.446210077  
-0.5141475197  
1.631695966  
-0.5484733003  
-0.315019094  
0.8030458174  
-1.01134743  
1.747907893  
-0.4023134218  
0.7856799761  
0.6328408595  
-0.4920970258  
-0.348094081  
1.31563949  
1.398425254  
0.2523439516  
0.3861175806  
-2.174952807  
-0.3617389359  
0.9270008013  
-0.1218937114  
1.824872321  
-1.251335948  
0.2786637822  
