-1.407099443  
-1.177459709  
-0.939863777  
-0.6537354867  
-0.1697262305  
0.293117667  
0.1391690692  
0.7707015217  
-0.7108337338  
-0.25631619  
1.559654628  
0.4258348771  
0.0002440945129  
1.211089538  
0.6710617979  
-0.3643211885  
0.2892543809  
-0.3990686567  
0.4825763839  
1.08392757  
0.01848948778  
0.197246319  
1.759265594  
2.253610172  
0.6559035876  
-0.5460968273  
-1.05625904  
-0.9661558757  
-0.8919761776  
0.4599785459  
-0.6625938815  
-0.6601738354  
0.890669531  
0.4539152502  
-0.5045254082  
-1.514298083  
-0.395635394  
-0.3902647046  
0.4962147505  
-0.1566451583  
-1.028643283  
0.4880958875  
-0.09192113458  
-0.6996333037  
0.2548567582  
-1.715495539  
0.766046784  
1.175596916  
0.7646929683  
0.3456158516  
0.3508294151  
-0.11162313  
0.3636998609  
1.694782625  
1.147684533  
0.3962185235  
2.299570901  
0.7317817815  
-2.527275923  
-3.695673239  
-1.768353228  
-2.089158444  
-3.388422762  
-2.054394795  
-0.01287104548  
1.636734126  
1.106935009  
-0.834020398  
0.6064206064  
1.648755187  
1.447120821  
0.6021382956  
1.261845546  
1.125746312  
-0.09902097397  
-0.5020148022  
-0.2009808937  
1.212644571  
-0.8591713647  
-2.075360517  
-0.5269410218  
-0.7516225501  
0.8530644297  
2.141193039  
0.3446451868  
-1.079075217  
-1.21531917  
-1.751795628  
-0.5014417491  
0.6030199817  
0.2414657116  
1.769328223  
1.008957687  
1.880777018  
0.5994501513  
-0.5200796595  
1.174079918  
1.49429292  
0.7253229718  
0.6621056001  
-0.2058446118  
0.3993042467  
0.1615659945  
1.18397626  
-0.3054364263  
-1.376756296  
-1.4523325  
-2.835347864  
-1.590728181  
-1.589576962  
-1.928290272  
0.03210646445  
0.3725467093  
-0.3333235217  
0.7911042906  
-0.04968896875  
0.1764476956  
1.059874879  
0.9535291394  
0.6387584556  
-0.05026265478  
-0.3758322111  
0.9020605458  
-0.2252668194  
-2.171520235  
0.04423403889  
1.34030572  
0.2984874154  
-0.69048781  
-0.6308807646  
-1.060448826  
-0.2039859806  
0.6366748076  
0.5062221499  
1.128104689  
1.368367366  
0.6907353385  
1.176023913  
-0.1326526215  
0.6725641043  
-0.7009695075  
-2.269321282  
-2.614022483  
-2.398931961  
-1.426335202  
0.7415060538  
1.549195715  
0.9243308956  
-0.9703300027  
0.3702609572  
0.7798980719  
-0.0657957327  
-0.2212224457  
0.8468709203  
-0.08690245174  
1.663194877  
1.683529434  
1.199864163  
1.131584139  
-0.2400896635  
-0.9714215279  
-1.412844502  
0.05904442094  
1.783388946  
0.2610493111  
0.3047038466  
1.26692548  
-0.3646927301  
-1.813799711  
-1.853514003  
-1.394977455  
-0.764128964  
0.06821029138  
0.22489814  
0.1112731024  
1.387869958  
1.708067345  
1.360116983  
0.692753712  
-0.1905366709  
0.0431958958  
0.6823043429  
-0.1053280142  
-0.631093129  
0.3230421816  
-0.1021615524  
-0.4196660603  
-1.705458362  
-1.67875822  
-2.359350682  
-1.565173801  
0.3041935859  
-0.4401604768  
0.2128342441  
0.16263086  
0.7035243232  
0.07521127628  
1.093310139  
1.486444572  
1.453900205  
0.8341344431  
0.7951236729  
0.6487313376  
-1.504987951  
-1.441525915  
0.3123581886  
-0.05702869881  
0.1991251737  
-0.05016055825  
0.1021294629  
1.541958505  
0.3217641866  
-0.4701149918  
-0.3985397576  
-1.364312189  
-1.686183463  
-1.776700517  
-1.330714133  
-0.7820028926  
0.6731486517  
0.4724505165  
-1.012747569  
-2.762954906  
-0.1122040685  
0.6412409692  
0.5934489052  
1.092179528  
0.950780131  
0.7287873638  
2.609619601  
1.301837886  
-1.350483941  
-2.515485958  
-0.02102266212  
1.247508909  
-0.07241766211  
-0.9076985519  
0.2809217047  
1.05162404  
1.983795175  
1.034311551  
0.4462667902  
-0.3517247741  
-0.2550325051  
0.2538434844  
0.2096110098  
1.517058526  
1.004236858  
1.017348299  
0.927490449  
0.3004700839  
0.1005141445  
-2.035905509  
-0.4146933721  
0.5182475507  
-1.253417082  
-2.558676627  
-1.630972155  
0.3614800251  
0.266132157  
0.4107418584  
-0.7073868298  
-0.2733950168  
0.7029595331  
0.6648704653  
-0.2384067063  
-0.3336768716  
0.1354710588  
0.693716162  
1.371293647  
1.227726226  
0.9529220009  
1.466584823  
1.677217846  
-0.6077914945  
-2.287260423  
-3.262331795  
-1.991341291  
-0.3315607385  
-0.0003321803354  
-1.237902347  
-1.389734255  
0.1229283098  
0.2049320501  
0.1180827436  
-0.7784327219  
0.6517812836  
0.7150152066  
1.328547818  
1.636470992  
1.432532366  
1.198294657  
0.4510841271  
-1.253407028  
-1.022739146  
0.9103439456  
0.507207935  
0.4855413914  
0.3376054696  
0.03578080264  
0.136311689  
1.094133421  
0.8113103134  
1.524637482  
2.035324234  
1.696244219  
1.020223671  
-2.087321302  
-1.462992902  
-1.62088023  
-1.297703785  
-1.97562709  
-2.434002021  
0.1233833883  
-0.05513524267  
-1.547482447  
-0.7792814224  
-2.76231821  
-2.759532191  
-0.4515172098  
0.455336877  
1.420684324  
-0.9355139944  
0.01797306516  
0.7210767159  
0.9055266243  
1.359302305  
1.700894184  
1.67338921  
0.5536398577  
0.6671307656  
-0.05693779643  
1.462719233  
2.399811434  
2.558446447  
1.198873043  
1.665398768  
-0.2139615512  
-0.6848151321  
-1.97868811  
-1.476878649  
-0.5391436369  
-1.582931318  
-2.746048558  
-2.57337709  
-0.1152268895  
-1.207234246  
-0.05247714662  
-0.04170659173  
-0.02873792991  
-0.4885576843  
-1.053239863  
-0.883122085  
0.4435004436  
1.39885924  
2.082045087  
1.292140586  
1.754296471  
1.095202903  
1.890688215  
1.504737272  
1.529733033  
1.748973039  
0.5603317943  
-0.4390690214  
-0.005361483223  
-0.354976138  
-0.6644272164  
-1.916267106  
-1.929363563  
-0.1590383098  
1.173805669  
0.2418784099  
-1.589759654  
-1.800350596  
-1.662912215  
-0.6035327383  
-0.3932467417  
-0.3992168502  
-0.5890998342  
-1.215946074  
-0.8999109835  
-0.8576319812  
0.5507014812  
1.341372092  
0.7075766945  
1.018344138  
0.6245058604  
0.5581922427  
0.2690143317  
-0.1868516542  
0.04924766334  
0.8828047031  
-0.4980957591  
-0.3179899529  
0.001010388619  
1.283575716  
1.688303549  
1.422261776  
0.912226922  
0.7602956184  
-0.981415758  
-1.125000034  
0.5024534071  
-0.3764431406  
0.3791506731  
0.2899386122  
-0.9914933205  
-0.1903801897  
0.6695828087  
-1.048589769  
-1.352236004  
0.1398058066  
-0.329820737  
0.2612799232  
0.7176583047  
0.5129658239  
-0.8315824094  
-1.884613675  
-0.7379823071  
0.8135628786  
-0.5632567954  
-0.2014381282  
-0.5834788615  
-0.7440500356  
0.6597876642  
0.1271318977  
-0.3651420458  
0.2281413276  
0.466464091  
0.972358668  
0.4734815706  
1.380476368  
1.023755041  
0.8110352828  
0.09526342932  
-0.7215474679  
0.06572923764  
-0.8582471459  
-1.404305564  
-0.370060827  
0.6936095393  
-0.1634439182  
-0.3417344144  
-0.6913461712  
-1.31915013  
-1.449566711  
-0.199309115  
-0.1346209995  
0.5487784226  
1.400107631  
0.7989008986  
-0.1045728883  
0.6822853243  
0.7074121794  
-1.010258388  
-1.984404381  
-1.151610414  
-0.6766611188  
-0.1780466325  
-0.3590826643  
-0.5357165164  
0.6425783146  
0.08781243606  
0.246664057  
0.2338159759  
-0.9525324697  
-1.287993592  
-1.019187463  
0.3064129563  
1.20347169  
0.8983720932  
0.2443689445  
0.3956911709  
-0.05471348972  
0.2740702126  
0.6095213856  
-1.022091015  
-1.422651114  
0.2640458566  
0.7990879004  
0.3960999261  
1.347342505  
0.991760858  
0.6984921945  
-0.001143833582  
0.2956807457  
0.7481191648  
1.080379542  
-0.04999497801  
0.9662957792  
0.3252907279  
1.355997975  
2.136986211  
1.202518701  
0.6105324646  
0.6258932801  
0.3751572465  
0.1209904316  
-0.06175812217  
0.1978148771  
-0.3459636193  
-0.9947425592  
-1.493547715  
-1.400951644  
-0.2984146599  
-0.6920961448  
-2.15955214  
-2.011017334  
-0.902688954  
-1.284064275  
0.1114554463  
2.297355787  
1.455966691  
0.7329569284  
1.374476075  
0.7659261719  
1.339303824  
1.3962998  
1.374339638  
0.02901465844  
-0.3054725149  
-1.898012437  
-1.186437277  
0.1215163562  
0.64970269  
-0.1837874467  
-0.3540519784  
-1.527028486  
-0.9985425483  
0.6729439263  
1.681976179  
2.464743759  
1.868384672  
-0.7340347246  
-3.531966101  
-2.595555717  
-0.09346225481  
-0.6304721502  
0.2494516925  
0.8681459157  
0.02894235412  
-0.001327945205  
-0.1452468306  
-0.7711257344  
-0.3211042637  
-0.5651415037  
0.2125011598  
0.7376248807  
0.7515265471  
-0.3867446092  
-0.5250821251  
-0.3108138252  
0.1608145515  
0.7804143775  
1.237989837  
-0.9950741003  
-1.649674875  
-2.600542679  
-2.416990916  
-1.590904846  
-0.6329886479  
-0.5376666552  
0.3477570674  
0.2486523784  
-0.2223224525  
0.992211147  
1.106084384  
0.915654438  
0.3080635184  
-1.31589598  
0.5637605878  
0.8081513747  
0.3158074543  
-0.07072835851  
0.6361853992  
0.8615011754  
1.029175764  
1.679027486  
1.678288255  
1.052624157  
0.1518377276  
-0.590478815  
-0.6464802492  
0.0804319711  
0.7149242216  
1.69350857  
-1.028137634  
-2.086750346  
-2.672478561  
