-0.07680675238  
0.2778406452  
1.266004845  
0.8214212614  
-0.1914593808  
0.9563959947  
1.63208576  
0.3448106767  
-0.1907670081  
0.002497316218  
-1.486441193  
-1.892109393  
-0.6984227486  
-0.2496439231  
-0.1837405522  
-0.9880730119  
0.3555155645  
1.171381089  
1.323500361  
-0.1856565607  
0.560363681  
0.4782377187  
0.1856409711  
-0.1504523935  
-0.4904251214  
-2.345868979  
-1.297892627  
-0.611574074  
-0.1899477434  
0.1227582266  
0.8111523934  
0.3102680144  
-1.330367596  
0.09822640448  
0.4456690125  
0.538370817  
-0.1865913093  
-0.7261037364  
-1.068149969  
1.215112346  
0.06422337358  
0.224910129  
-0.1831929995  
-0.5484400612  
-1.560889383  
-1.325534852  
-1.728446401  
-0.378011419  
-0.05550513645  
-0.3460181987  
0.711854768  
0.8927380379  
0.735378967  
-0.07418141984  
0.9932798082  
1.053482911  
-0.4362873548  
1.080138725  
0.2816373663  
0.6796314248  
-0.1436720924  
-0.527946315  
-0.9781429006  
1.595138889  
1.270194787  
0.2826579298  
1.857039296  
1.37848293  
0.3579189345  
1.432468466  
1.403194721  
0.1565285417  
-0.5564075676  
-0.4519625321  
-1.153808439  
-0.3015314881  
-0.1084201206  
-0.5461288179  
-0.1422465459  
-0.6318005921  
-0.1541654314  
-0.4370455188  
-0.6360658559  
-1.540182605  
-0.7435144089  
-0.329946867  
0.6531154045  
1.066097782  
-0.4487503902  
0.5390135165  
-0.4558555895  
-0.3810733792  
-0.4649698633  
-1.429873293  
-0.4797392695  
0.3620532186  
-0.8106197616  
-0.776801532  
-0.4173357333  
0.5877070031  
0.05824126761  
1.296083112  
0.7176614999  
-1.360817451  
0.2718072714  
0.3465825559  
0.02662676682  
-0.5059351802  
-1.973139906  
-0.7556167311  
-0.9240815424  
-0.4790743757  
0.6056057522  
1.1303887  
1.052676413  
0.6051021715  
0.7804682138  
0.4787775976  
0.4061705235  
-0.07731166363  
0.6328799034  
1.237892287  
-0.100453576  
0.4946209779  
-0.3265791908  
0.9409058647  
1.307049156  
0.03796476781  
-0.3063211844  
0.07342498575  
-0.9427949457  
-2.029066081  
-0.8987286968  
-1.809708775  
0.364483921  
0.7203812758  
0.2142379764  
0.7361966513  
-0.1061758472  
-0.2587564433  
0.5845897918  
0.7293872179  
0.6220292216  
1.23577761  
0.4551699405  
-1.154784556  
-0.2395580106  
0.1977704231  
-0.3025158685  
0.3351855438  
0.2178412108  
-0.9796721818  
-0.8321531342  
0.5370335256  
-0.07266725348  
0.870773229  
0.4426301255  
-0.7543299596  
0.6980270697  
0.198918097  
0.0479923514  
0.272277954  
-0.2248705435  
-0.18288254  
-0.003063298318  
0.2442759823  
0.7354534765  
-0.3554385343  
-1.028768881  
-1.279935779  
-0.1825967336  
-0.4510964667  
-1.058219778  
-0.530035143  
0.6530209643  
1.281541636  
0.4684256204  
0.2716418056  
1.711867531  
0.848982655  
0.2219995198  
0.5786206974  
0.3817276338  
-0.1758782816  
0.2087055849  
-0.4278820329  
-2.544370224  
-0.5612689744  
-0.6686415897  
-1.418758334  
-2.231866932  
0.08525620785  
1.025200424  
0.7403606483  
-0.228952493  
-0.494845985  
1.205377263  
0.921799568  
1.849493067  
0.3791759997  
-0.8323806291  
0.1735804922  
-0.4016811836  
-0.2695933152  
-0.4523168338  
2.146574453  
1.58684206  
0.9922856394  
-0.6977460693  
-2.197150603  
-0.7286704301  
-0.3952248162  
0.6426085686  
0.2680068556  
-1.178564856  
-1.050137704  
-0.463978822  
-0.5126759952  
-1.003474302  
0.6183570266  
0.3645241673  
0.7610460163  
1.050313236  
-0.7298683757  
0.5051850179  
0.04337347163  
0.07336929185  
-0.02304700481  
-0.3937756444  
0.1325370347  
0.4828276136  
0.4070265066  
-0.816863266  
-0.5516787506  
1.13996336  
2.260205934  
1.399342081  
1.492384837  
0.02170542897  
-0.495429179  
0.3278954469  
0.1716917872  
-0.6011472169  
-1.376933386  
-0.1248051654  
-0.2474325555  
-0.3913303136  
0.05832328797  
-0.8042898278  
-1.564759848  
-0.6459866886  
0.6553607253  
-0.06343692183  
-1.213996201  
1.501249958  
1.317672298  
1.225266855  
-0.1238757045  
-0.6337052284  
-0.9339414937  
0.3471487474  
0.309701472  
-0.2919330963  
-1.550421672  
-2.189571027  
-0.4899652375  
-0.01263721512  
0.04569283296  
-1.087369494  
-0.4657799665  
2.048879537  
0.5518032581  
0.01773550167  
-0.827510194  
0.4069721945  
0.1475004511  
1.578031336  
1.065398965  
-0.7136424869  
0.264879662  
1.439868501  
-0.1705182566  
-0.5388585246  
-1.211682062  
0.06769962064  
1.191271273  
1.097311524  
-0.3479459592  
-1.392597906  
-0.2400196067  
0.4858874204  
1.241607017  
0.1319574591  
-0.9264881349  
-0.7881029816  
0.5177359143  
-0.1655578591  
-1.53745251  
-0.7510034362  
0.2412780439  
-0.3695845419  
-0.7414669474  
1.158143746  
0.7810519129  
0.06450041072  
0.01271338767  
-0.6035761646  
-0.3088306146  
-0.2287861802  
0.06099682239  
-0.8964272232  
-1.034072003  
-0.0301289503  
0.6670080236  
1.176118244  
-0.3481665315  
0.3316826843  
0.8746196342  
1.176744352  
1.036107748  
1.310029697  
1.656909355  
0.7699071301  
0.8446793487  
0.5972941616  
-0.4099436118  
-0.9000822658  
-0.359895713  
-0.723398177  
-1.251350776  
-0.1865089288  
-0.4345323267  
-1.798863329  
-1.046923086  
0.4104793175  
0.7293899867  
0.6347412077  
-0.4889843091  
-1.739663398  
-0.03281821561  
-0.458365997  
0.1514515814  
0.2522313941  
-0.02734194762  
-0.5504936132  
-0.1275132866  
-0.1288968063  
0.5432264628  
0.6561664976  
0.8435413638  
0.4847180497  
-1.071627054  
0.1833888144  
-0.459705016  
-1.098999232  
-0.8975673864  
-0.4542392882  
-0.2302433484  
0.2348515819  
-0.4541404798  
-0.5423782393  
-0.7219315145  
0.7842038571  
1.621107256  
1.592325564  
0.07879549203  
-0.2449251638  
0.5069850363  
-0.3020209153  
-0.1813464107  
-0.5503572519  
-0.8680325495  
-0.2182766567  
-1.717453612  
0.2100387242  
0.6699437073  
0.1404597591  
2.001906031  
0.5840200691  
0.4846706289  
0.9288785437  
0.8118632492  
1.144112467  
0.4228570598  
1.335466377  
0.4239237907  
0.001650880247  
0.2886601199  
0.4306203281  
-0.1207725334  
-0.7905779093  
-2.038980645  
0.1878012974  
0.02075273264  
0.2723669561  
0.228445584  
-1.057293375  
-0.3684908972  
-0.1869527244  
1.455067087  
0.1503315809  
0.7502879036  
0.1039658708  
0.4090546922  
0.7986631945  
1.348225658  
1.101808268  
-0.420841302  
-2.179777448  
-0.8226510428  
-1.972203866  
0.306337331  
0.3374378087  
0.2696630833  
-1.579206366  
-1.379313608  
-0.58294058  
1.011241274  
0.8243397417  
1.052782695  
0.04831366487  
0.2633167524  
-0.4935699188  
-0.5127934882  
0.3124520834  
1.460972633  
0.2585510062  
-1.299991922  
0.4271816595  
0.770782427  
0.2633061392  
-0.1777602093  
-0.8164140519  
-1.60735317  
-0.9955380276  
0.8173654983  
0.3666329931  
-1.233736993  
-0.4587568369  
0.2532383781  
0.5143668674  
-0.520955189  
-0.07677861035  
-1.34568395  
-0.3517372626  
0.06622628947  
-0.8371638487  
1.346764086  
2.151752511  
2.215472656  
0.769398335  
-0.1072119511  
0.1628639053  
1.311327107  
0.2761537382  
-1.393877965  
0.09000916735  
0.4849143046  
-0.2292636397  
-1.668759625  
-0.9033196086  
0.3067555285  
1.083210058  
-0.09016934817  
-0.9578788402  
-0.3630945456  
-0.4626281864  
-0.4164044817  
0.6558394702  
-0.3091330073  
-1.01369468  
-0.364675462  
-0.09770138492  
1.067963922  
0.5798617166  
-2.462947348  
-0.8658911866  
-0.9290815375  
-0.6890965064  
0.6156316621  
-0.4341640065  
-0.8318649205  
-0.6374483535  
-0.00613261509  
-0.04162718517  
-0.129591463  
-1.489191861  
-0.9556075739  
0.2080883059  
-0.1092337326  
1.289673138  
0.7326905753  
-2.102102571  
-0.472118383  
1.304165813  
0.2120211653  
1.907087483  
2.580345673  
0.9944486578  
-0.7602729212  
0.03103316502  
0.8405167279  
0.9111962359  
0.3544802107  
-0.2697953194  
-1.529381537  
-0.08358933166  
0.834615855  
1.430234532  
1.466105941  
-0.6022873856  
-1.711833718  
0.0582743358  
0.5533849462  
1.708877291  
1.148149521  
-0.2390678245  
-2.450045887  
-1.906744503  
-0.3186511088  
0.2027444346  
0.5993849432  
1.127106311  
-0.7587409942  
-2.741583409  
-1.821472588  
-1.274260388  
0.6423898255  
1.401223536  
0.4523680328  
0.5940465816  
-1.093578921  
0.5594441274  
1.84845627  
2.609181739  
1.281762408  
-0.9914665181  
0.02705889571  
0.4343116945  
0.6864061174  
0.4168951454  
-1.287706336  
-1.79269571  
0.1255207467  
-0.2325145757  
0.07165426917  
1.405034339  
-0.981802536  
-1.500126859  
-0.7276997855  
0.5279054049  
1.930955696  
2.087770407  
1.689575485  
0.244178397  
-0.5498035867  
0.2997667147  
0.5279481447  
0.03175723274  
-1.267794396  
-2.373363915  
-1.30083037  
-0.326560891  
0.5514411949  
0.09777280801  
-1.102748588  
-0.6699795544  
0.2780700014  
1.709408912  
1.692193675  
-0.03844651518  
-1.4443427  
-0.6097829272  
-0.5348529484  
0.8034968149  
1.001692511  
-0.1326657874  
-2.186695918  
-3.318577741  
-0.3964282175  
0.2886649592  
1.040158155  
2.113778053  
0.6949234448  
-1.27036973  
-1.284072771  
-0.5941611026  
0.7491219092  
2.193025807  
0.8954385767  
