0.3917692595  
-0.1536716314  
0.7861965104  
0.6077304577  
-0.182625174  
-0.3229830878  
0.1184669582  
-0.3239029471  
-0.1948892754  
-1.059679114  
-1.97123274  
-0.591415921  
-0.3817464002  
-0.1196249659  
-1.131570389  
0.6097468151  
2.119384744  
1.86363807  
0.3103198824  
0.07063661231  
0.272831854  
1.0940293  
-0.9816905949  
-1.71364221  
0.1604184594  
-0.3325515114  
-0.5491445535  
0.4404545404  
1.672317131  
0.4900825731  
0.04975589258  
0.3780656513  
-1.101878249  
0.3626016235  
0.2231692423  
-1.506816038  
-0.6391995237  
0.3294538553  
-0.7059053322  
-0.3685453333  
1.149110016  
1.248760553  
0.6690233765  
1.002454477  
1.058689219  
1.242400117  
0.2811721143  
0.006413991236  
0.3849782746  
-0.3302410081  
-0.5972174746  
-0.4739094333  
-0.05850195431  
0.002855852306  
-0.9650743133  
0.001836381498  
-0.8270972921  
-0.3290151369  
0.03011730591  
-0.4437243677  
-1.819612977  
-0.2889668485  
0.7340117414  
0.4338339856  
0.2449399628  
-0.3609795381  
-0.5883889505  
0.7722002918  
0.5493832584  
-0.2730198177  
0.8087764897  
1.475997381  
0.1303015575  
-0.1601533165  
-0.7111980244  
-0.325840485  
0.7030085699  
0.1147000707  
-0.824752241  
0.08920096364  
-0.4962275394  
-1.82375083  
-0.3508641697  
0.4508851895  
0.7510915528  
0.7350494581  
-0.3336364692  
-0.7563297754  
0.001597164014  
0.03461494518  
0.2917749381  
0.1719646452  
-0.0003925549269  
-0.5429868472  
0.3942630179  
0.5473417536  
0.4717835816  
0.7162951195  
-0.1793872073  
-0.3200483784  
-0.1125840223  
-0.2555147136  
0.891470743  
-0.8508831723  
-0.4720350655  
0.4176054596  
0.10584755  
-0.6161306355  
-0.4476777339  
1.080470636  
1.481276318  
0.5861748705  
0.03380343132  
-0.2502035362  
0.1308685472  
0.2632408492  
-0.5016711777  
-1.120397347  
-0.4747009838  
0.5606443362  
0.2844082303  
-0.2240771308  
-1.295836462  
-0.8102888547  
0.3295461981  
0.1945585846  
-0.7969101893  
0.3315916415  
0.659535869  
0.1546218607  
0.3545505773  
-1.168305734  
-0.2971397621  
0.3968802511  
0.5895409589  
0.3313098641  
-0.6217311381  
0.003378415527  
1.267672905  
-0.12763744  
0.6090496954  
0.1638709879  
-0.003351389473  
-1.073359032  
-0.2524213001  
-1.217098318  
-0.7574877955  
-0.08406135657  
0.9321386617  
-0.4058050366  
0.8655868771  
-0.01274263387  
-0.6788379048  
0.6188274254  
-0.3068743642  
0.3385291657  
0.2838599681  
0.5137856512  
0.6757121931  
0.07065025262  
-0.2671606016  
-0.3552051054  
0.5086263335  
0.7830934026  
0.1961064879  
0.3528894856  
-1.449408121  
-0.8326968202  
1.197845351  
-1.38011584  
-0.4404885114  
-0.4669102078  
0.7707929358  
0.4612147977  
-0.03557798267  
-0.2480012254  
0.2199865696  
0.4401437063  
0.1239685664  
1.130300454  
-0.8175889048  
-2.1719792  
-1.001543155  
0.187390786  
0.3373097057  
0.2925959167  
-0.314799669  
0.6997007187  
0.4029710062  
-0.7458714232  
-0.0004038853106  
0.6931245407  
-0.3876882237  
-0.4910997237  
0.03919537463  
-0.05130900361  
0.7467848886  
0.1210277929  
1.27687952  
-0.02917682232  
0.03909276859  
0.7615424564  
0.1137696297  
-0.4206253978  
-0.2886314432  
0.2212871114  
0.4850595641  
0.1276391055  
-0.0354615804  
0.07209579727  
-0.1891644017  
-0.12984859  
-0.007055178228  
0.2379861765  
-0.6665256366  
0.3433618523  
-0.3123498776  
0.222241555  
1.153635739  
-0.1274346749  
-0.1812097101  
-0.07180535003  
-0.4050103252  
-1.090530753  
-0.802082054  
-0.6507840375  
-0.3429526335  
-0.2625834653  
0.2744166001  
0.1877264027  
-0.1451424179  
-0.3865013991  
-0.5980299984  
0.503172412  
1.237459905  
1.819457976  
1.042344493  
-1.096886495  
-0.9287053961  
-0.7283497462  
0.05755795909  
-0.3062118549  
0.2790631151  
-0.4250534383  
0.009884185199  
0.8089734538  
-0.5167296181  
-0.392330952  
0.6394188742  
1.433802618  
2.165965872  
-0.5281451917  
-1.063468515  
-0.8036012322  
-1.854341547  
0.4684129523  
0.3668232414  
0.3205935859  
-0.6290576318  
0.02163029163  
0.1323179252  
-0.2475499923  
0.1714421811  
-0.3360944904  
-0.426293083  
1.221112661  
-0.2218849058  
-0.958961124  
-0.3368294785  
-0.4386791301  
-0.9931908218  
0.3932670191  
-0.3010358044  
0.4378983423  
0.2460618365  
0.8038857491  
0.7462268783  
0.92854537  
0.9836025427  
0.7274309085  
-0.8788620143  
-0.8918450131  
-2.429338034  
-1.038187201  
-0.04594351169  
1.313432373  
0.8901345216  
0.3524691776  
0.3638142098  
0.7550505285  
1.099633702  
-0.1410179264  
-1.296874828  
-0.08027622873  
-0.8493009565  
-1.483714849  
-0.1327836449  
-0.3387838731  
-1.06317947  
-0.1554918891  
-0.12029515  
1.525897933  
0.554312626  
0.8953350688  
0.6570348609  
-0.0372767298  
0.3627974751  
0.376047923  
0.03174676972  
0.6770963295  
-0.01594332514  
-0.7426537369  
0.7736133851  
1.244663504  
-0.001804428598  
0.2948349348  
0.1820415182  
0.4074499465  
-0.5843703425  
-1.709991626  
-0.866310206  
0.8054685835  
-0.1575706875  
-1.932001771  
-1.077259761  
-0.8310172966  
-0.6140752933  
0.3985640663  
0.2952668036  
0.5702208572  
0.4285775177  
0.9525078799  
-0.366666162  
-0.7460383619  
-0.06359605169  
0.04677397137  
-0.7731410732  
-0.3975803848  
-0.4134807556  
-0.5059495377  
0.8393027161  
1.024033354  
0.2726518798  
0.7360417785  
0.9609376215  
0.1114214683  
0.5227689934  
-0.2630026038  
-0.3025290929  
-0.1757675865  
-0.5134284846  
0.1417484029  
0.667236891  
0.0143752821  
-0.3318636825  
1.232305238  
-0.3512554591  
0.3118170938  
-0.03936607611  
-0.4073674286  
-0.1219607226  
0.09586673041  
-0.8141934996  
-0.0163386017  
0.3196257446  
0.0607005438  
0.3537141067  
0.5682220112  
0.5942573444  
-0.2095371447  
0.9169729506  
-0.003893453298  
0.1405149287  
0.3232437083  
-0.2193279756  
0.4841044809  
-0.7502213689  
-0.7930829881  
0.9246574942  
-0.3145151273  
0.2005228509  
-0.7018805586  
-1.079450501  
-0.2340927227  
-0.08639260066  
-1.094500612  
-1.089036193  
0.8769939431  
0.5873004706  
-0.08951742756  
0.4487894986  
-0.1159494735  
-0.7479903477  
-0.4853503515  
-0.185329545  
0.5796087827  
0.3969739774  
-0.1609445549  
1.326498769  
0.975807342  
0.4665814037  
0.08445252856  
-0.4131551654  
-0.4477034096  
0.003161930916  
-0.6069404932  
-0.09498363087  
-0.5838644003  
-0.7780309524  
-0.2061158293  
0.2452363664  
0.3061976222  
0.5161039185  
-0.6297400431  
0.1828780595  
1.158135804  
1.034567488  
0.2372705441  
0.9175380963  
1.080237451  
0.2693473508  
-0.02049998749  
-0.8180459471  
-0.3389893509  
-1.061127275  
-0.592179606  
1.28668715  
-0.1102586194  
-0.1603135233  
-0.1968967373  
-0.4494120852  
0.02615611064  
-0.156833123  
0.1039683557  
0.7203570136  
0.2655753488  
0.8254982849  
-0.8970573055  
-0.2860307383  
-0.06227995138  
-0.9734844225  
-1.397956119  
-0.9494793508  
-0.8572949827  
-0.5987789371  
-0.01843650212  
0.04304071027  
0.6283961522  
0.8675638887  
0.4381986311  
0.5326054248  
-0.1203690151  
0.361026393  
-0.136587747  
-2.542022743  
-0.2336666858  
1.933435525  
0.3706972496  
0.01449778755  
-0.07220207768  
-0.05250250196  
1.362014683  
1.377893907  
0.6043927582  
-0.3438886501  
-0.641897648  
0.7893364196  
-0.9776490172  
-0.9300297152  
-0.3361379468  
-1.850938867  
-0.5629800781  
0.4871483944  
-0.4028869938  
0.5734012933  
-0.1851017633  
0.2239204173  
1.396635425  
0.5659412759  
0.2955382741  
0.2377093129  
0.294294285  
0.4315562844  
-0.3626589266  
0.2028356768  
0.4692191358  
-0.2419205351  
0.5376859852  
0.406184866  
0.5100173532  
-0.7328965427  
-0.9917206207  
-1.099806532  
-0.1138579277  
-1.667118843  
0.6259813142  
1.699306209  
0.8723911913  
1.325881042  
-0.1331300413  
-0.4195629672  
-0.4848099305  
-0.6701137983  
-0.1697223619  
1.041930223  
-0.2346496559  
-0.2869543924  
0.1258080152  
-0.1823505463  
0.6646062304  
0.3974503263  
-0.3118679401  
-0.9946289125  
0.349584668  
0.6729002451  
-0.5327674983  
-1.446656147  
-0.01397746398  
0.112040193  
0.3217980058  
-0.02546663003  
-0.921578267  
0.1050759695  
-0.7114224799  
-0.5961993184  
0.04136940124  
0.9282147838  
1.065052536  
-0.6047874656  
-0.8930463287  
-0.3116474532  
-0.9611596173  
-0.7968985162  
1.199226251  
1.000648229  
-0.150381381  
-0.4566870066  
-0.4251603659  
-0.08130117707  
-0.5427283746  
0.6502432145  
1.201053631  
0.8186621148  
0.2873708759  
0.6572176479  
-0.517826805  
0.01548735212  
0.214870524  
-0.1697679246  
0.4280959459  
0.7409398933  
0.9541060928  
0.3731214247  
0.2148895942  
-0.2837907971  
0.4737487914  
-0.03293504167  
-1.332489098  
-0.01832524567  
-1.612864724  
-1.068488922  
0.83462616  
0.7588432918  
-0.7984432718  
-0.5525624456  
-0.9339269259  
-1.318537156  
-0.3090156529  
0.03192966963  
-0.470767306  
0.1048857405  
-0.1973999081  
-1.025025973  
-0.1796194674  
-0.9253584936  
0.09015135848  
2.051729569  
0.9010269567  
0.4155262257  
1.211158612  
1.2511882  
-0.4830686131  
-0.2194719326  
0.2519741566  
0.6967101289  
-0.2629450954  
0.439159845  
0.21247626  
-0.9693100915  
-0.8294754165  
