-2.374103086  
-1.10818591  
-0.2699841121  
-0.2850806813  
0.6920405506  
2.66277082  
2.255504105  
0.5544176562  
-0.3283772816  
0.2164973626  
-0.6188710705  
-1.724906076  
0.2461625962  
1.57994076  
0.1549442651  
0.7700897463  
0.5055614314  
0.8189813898  
0.09417211612  
-0.6725053267  
0.7631828159  
0.0699659953  
-0.6343263835  
-1.258522896  
-0.9978637882  
-1.643106059  
-1.071463831  
-0.1352162126  
0.5224650802  
1.752684794  
2.637154996  
1.728671212  
-0.3451438843  
-1.133237367  
-0.5247174754  
-1.055350913  
-1.931103921  
-0.3538643538  
-0.1376552571  
-0.9235251241  
-0.9873976517  
-1.271998217  
-0.7767257673  
0.3421129217  
-0.9295909398  
-0.5033136664  
-0.8368745803  
-1.756373367  
-1.151825381  
-0.6429758576  
0.2802073954  
-0.3773938188  
0.5616388925  
1.493099633  
2.413753722  
2.662454669  
1.525494753  
0.8402383433  
2.213616207  
1.938132373  
0.62766475  
0.3535146991  
0.3052270757  
0.1569090887  
-0.4092402365  
-1.16547854  
-1.502350816  
-1.470814302  
-1.788776944  
-1.847174135  
-1.417872948  
-1.613725847  
-1.167506538  
-0.9013919424  
-0.5162601374  
-0.02109664427  
0.9635374535  
1.648622424  
1.675849684  
2.457149511  
2.512741998  
2.54486413  
1.662035076  
0.3265456131  
-0.8236588733  
-0.5638984916  
-0.4943971697  
-0.4122451089  
-0.4203174053  
-0.2210187475  
-0.2032660459  
-0.5022208607  
-1.30427515  
-1.544087875  
-1.418582603  
-0.949271315  
-0.2148243135  
-0.09653820485  
0.3180028148  
1.200527073  
0.01571299266  
-0.1264934237  
1.405908651  
1.252001972  
0.3212631626  
0.4882057422  
-0.08747326659  
-1.358982702  
-1.694273832  
-1.964464483  
-0.6875748446  
-0.4971820089  
-1.187991576  
0.1767148343  
0.4187184195  
0.2050106382  
0.5399389782  
-0.9199356358  
-0.5088475181  
-0.1832663031  
-0.2842990121  
-0.5696651525  
-0.3972419122  
-0.730621476  
0.7812636614  
2.442935678  
1.960566765  
2.483537086  
0.8464303023  
0.1252864788  
0.3250390375  
-1.250816299  
-0.9297694249  
0.07862914709  
0.04257489674  
0.5260764421  
0.6278580641  
0.0951472104  
0.9578094391  
0.2436947428  
-0.06515297922  
1.17905416  
1.070979446  
0.7882847657  
-0.03151640603  
-0.9602824287  
-0.8991194653  
-0.849773573  
-1.088531552  
-1.504138745  
-1.377440422  
-2.429695986  
-1.282984475  
-1.312348922  
-0.7190456002  
-0.1341969351  
-0.8425242741  
-0.4656482537  
0.5248315158  
2.318379043  
3.242177526  
1.87789433  
1.580086344  
1.774651142  
1.994461559  
1.721087136  
0.6501674054  
0.3364283732  
-0.413695925  
-0.7586898844  
-0.8357089319  
-1.625714565  
-1.383036952  
-0.4921433758  
-0.3220801903  
-0.1995835995  
-0.2634556037  
-0.2962296265  
-0.001007232527  
0.5038597339  
0.4766515495  
-0.03386147333  
0.4994215232  
1.898316123  
1.075879952  
0.2885196686  
-1.345047694  
-0.804012681  
0.4024926227  
0.4645263333  
0.5849832329  
0.3555388473  
-0.2611979259  
-1.606228271  
-2.353189233  
-3.959785649  
-1.682723466  
-1.281321178  
-0.7863725197  
-0.6857940701  
-0.7082817129  
1.153538814  
2.416187084  
1.777925101  
0.7897749103  
1.929377607  
0.8717881698  
-0.1507582324  
-0.5343069767  
-1.074360241  
-0.7352434123  
0.7290854137  
1.017370004  
-0.4564222696  
-0.2691397369  
-0.4963948955  
-0.7457583876  
-0.02619137005  
0.3554939287  
1.236783148  
0.6152927639  
-0.9742439778  
-0.3836820338  
-0.9980351908  
0.795756214  
0.4635221319  
0.8027763847  
-0.5802117569  
-0.96383963  
-0.8900005298  
1.169556203  
1.54535655  
0.7952810742  
1.860610056  
2.797804925  
1.943342704  
0.08240967016  
-0.8296603487  
-0.116398676  
0.088685658  
0.9446322553  
0.3658372907  
-0.5960286304  
-1.139748076  
-0.9352879985  
0.7292358426  
-0.08904346759  
-0.8456766168  
-1.321104974  
-1.283736858  
-0.02554064881  
-0.1632655976  
-1.308293124  
-2.094436652  
0.004618885271  
1.426359177  
-0.0265864922  
-1.090877666  
-1.141858776  
-1.775042215  
-0.4498162117  
0.03547325632  
-0.7815269631  
-0.3078414452  
-0.1306743175  
1.880925084  
1.299835504  
0.3300771121  
1.226082337  
1.198514921  
0.7598837547  
1.649178145  
0.2557633944  
0.8960105752  
0.9171274489  
0.6691988801  
1.129947896  
-0.1228688991  
-0.8032075389  
-0.8107460939  
0.01369745114  
0.3840859433  
-0.460012659  
-1.559240194  
-1.740062597  
-0.4831436126  
-0.7431581674  
-1.121819913  
-2.214345929  
-1.27062323  
-0.07528720737  
0.460413291  
1.58938682  
2.67383223  
1.231901855  
0.8699833874  
1.705011383  
1.47730898  
1.708500766  
1.247848846  
0.4988088494  
-0.7128552069  
-0.5752009723  
-0.471036504  
-0.5773200187  
-0.5241177632  
-0.9531384775  
-1.408680295  
-1.233302267  
-3.463293553  
-2.420662426  
-2.911472377  
-1.196990113  
-0.006940664067  
0.4819117605  
1.767910404  
2.063315527  
1.760828367  
1.651292743  
1.000047342  
0.3352693113  
0.7130340224  
0.6128902786  
-0.606692926  
-0.8697450037  
-1.214525637  
-1.116951616  
-0.993196264  
-0.2383704153  
0.1467349334  
-0.8409176969  
0.8006675882  
2.01983437  
1.856182616  
0.6014638106  
1.663852512  
1.409227473  
0.6880314374  
-0.7395854431  
-1.304072834  
0.6238658365  
0.5463380239  
-0.2760942446  
-1.650074146  
-0.9028088411  
-0.5059057215  
-0.7596200372  
-0.5663191502  
0.1607256474  
0.0322838286  
-0.7061259696  
0.4522301115  
0.01357453737  
-0.8288271693  
-1.625526006  
-0.9914381474  
-1.193920444  
-0.008287220407  
-0.06987494804  
0.2375722859  
-1.569112802  
-1.010472507  
0.05081480779  
1.434159767  
2.803820564  
1.765745934  
0.7402304393  
0.2761841316  
0.7085669529  
2.00749933  
1.335888559  
0.2421617775  
-0.4811987098  
-0.9251223574  
-1.64758793  
-1.061935203  
-0.8854688475  
0.05401856704  
1.234242211  
2.298616521  
0.8753127019  
-0.5045757582  
0.2504960262  
0.6206928328  
-0.7175019149  
-0.6349140011  
-1.002744853  
0.2274301304  
0.08554721896  
-0.2838465533  
-0.2403427145  
-1.404024  
-1.104427265  
-0.4924366913  
-0.9761070901  
-0.4616360301  
-1.088362602  
-0.3180205522  
2.053957398  
2.046882241  
1.298728816  
0.6007962663  
1.36705524  
1.499376585  
2.579009547  
1.708985038  
0.8551180938  
-1.559664118  
-1.310627567  
-0.3876674432  
-0.2516171322  
-1.522653003  
-0.4866307188  
-1.097646387  
-1.188321617  
-0.1929681981  
0.4044634684  
0.5203667004  
0.05427932486  
-0.8938624289  
-1.722874515  
-2.210491802  
-1.323356639  
-0.02453754204  
-0.5215346913  
-1.026812002  
-0.3070490497  
0.048953342  
-0.04034106068  
-0.2957821005  
-0.3557975966  
-0.2559955937  
-1.08626278  
-1.10782414  
0.2443801663  
1.760832343  
2.634767361  
2.837793315  
3.239828551  
3.101403349  
2.828069265  
0.9703233493  
0.6568523157  
0.8557170537  
-0.3618177748  
-1.353108719  
-1.845064193  
-1.227183816  
-0.4945097027  
-1.49717903  
-0.7872924348  
-1.214346132  
0.4469232927  
0.6076320368  
-1.524121086  
-2.388955871  
0.8531186832  
2.111911161  
2.495007973  
1.699983616  
0.3672218116  
0.52884471  
-0.009229023716  
0.01135644362  
-1.340802408  
-1.914733993  
-0.3905990638  
-1.4192322  
-1.73495273  
-1.326876865  
-1.768558756  
-0.849984766  
0.4047215995  
0.7875951188  
1.653229106  
-0.2898730523  
-1.126588014  
0.9651983251  
0.09931015132  
-1.441372945  
-0.6432210291  
-0.03840779268  
1.127425433  
1.188243671  
0.9477936254  
0.2029360015  
-0.7223940359  
0.2103215384  
-0.3346591927  
-0.0309780177  
-0.974962431  
-1.320795373  
-1.89537817  
-0.6306430211  
0.7099267736  
1.096029992  
0.5223194654  
0.6814115753  
1.85813512  
0.2355167208  
-0.9344124858  
0.6987129495  
0.9538973697  
1.811574551  
1.355115747  
0.9679161561  
0.08512829943  
0.8712932027  
-0.2381956839  
-0.7929099871  
-0.5895875941  
-1.10535062  
-1.515067929  
-0.9350940389  
-1.369281288  
-1.825155038  
-1.362187878  
-1.164521636  
-1.475735966  
0.3356865545  
0.2592865156  
-0.0923842506  
-0.8315164996  
-1.017725994  
-1.536669524  
-0.7643556702  
0.3075349676  
0.9590487581  
1.247735966  
1.155460288  
-0.4346653259  
-0.08976321312  
0.02855262836  
1.587741197  
0.8337826059  
0.02240633969  
-0.003385055893  
0.7526255033  
1.279127665  
0.8391651  
0.5494383202  
0.5553244468  
-0.2085971038  
1.230762746  
0.8778781882  
-0.2052573641  
-0.7087357451  
-0.2154741071  
0.01229714927  
0.2688606952  
0.3013508312  
-0.5213435874  
-0.8458367043  
-0.1755199766  
0.5072863515  
0.5317139401  
2.578184556  
2.673502563  
2.773660471  
0.7140370443  
-1.41819039  
-1.107984646  
-0.2666564768  
-0.6852366852  
-1.570598347  
-0.4571226432  
0.4888482084  
1.079378088  
0.1466596434  
-0.6389879128  
-0.2507313806  
-1.091239125  
-0.3460573095  
0.2472659973  
-0.7196426541  
-0.68605855  
-0.1176801454  
-1.267503859  
-2.285188526  
-1.133782075  
-0.2006279346  
-0.6525588664  
0.2029282588  
-0.3481217551  
0.5740458669  
0.04170886755  
0.5033857816  
0.6714719505  
1.407716386  
2.117040971  
