0.5297923668  
-0.1496682827  
-0.4615010921  
1.028418445  
0.1777493008  
-1.672347612  
-1.542851098  
0.9382791671  
-0.3844786691  
-1.237348482  
1.162735686  
0.2593245617  
-0.9032108821  
-0.4741861955  
-0.1123403229  
1.690535668  
0.6905971515  
-1.224711015  
-2.07630641  
1.300909426  
1.680748555  
0.2936847027  
0.1697824887  
0.7680405196  
0.4294805086  
0.1828771677  
-0.3649790254  
0.981588782  
1.477267292  
0.259583244  
-0.7401359095  
-1.078153033  
1.15748595  
0.3055993406  
-2.142709093  
-1.569166647  
0.7694344114  
-0.7770565697  
-0.7176652085  
-0.4517680136  
1.745036779  
0.2244203907  
-0.6569192476  
-2.486977898  
1.413028465  
0.7991263051  
0.9637128689  
1.547293208  
1.736900708  
0.3298742596  
-0.7400133128  
-0.3082043082  
0.4621517274  
0.4422115689  
0.8284470821  
-0.4059159056  
1.021745994  
-0.6579081998  
-2.975342263  
-1.567654134  
0.325805007  
0.2105566482  
-0.9881309437  
-1.808293217  
-1.156607408  
1.471385625  
0.2354148896  
-0.6322062417  
-0.1161577903  
0.4952588452  
0.8111856607  
-0.4085732903  
-0.6013610717  
-0.06099928474  
1.283759542  
2.073368026  
-0.2419612034  
-0.7423147368  
-0.8671312873  
-0.09971476762  
0.3280343036  
-1.307178491  
-1.92036848  
-1.495612739  
-0.1265811182  
-0.027294676  
-1.221135792  
-1.823349518  
2.275301214  
0.9171293908  
-0.5875081892  
-0.4122518585  
0.5686899774  
1.272356233  
1.632127151  
1.080506419  
0.1258362419  
-0.2647921994  
2.057124586  
0.5783395067  
-0.3274222538  
-0.8921093683  
-2.260261552  
-0.4027895559  
0.1108842031  
-0.2893203536  
-0.6660439664  
-0.05147324176  
1.164785512  
1.428107072  
-0.4542284761  
0.003811089371  
0.3184845449  
2.243328593  
1.670991686  
0.1390281213  
-1.349731717  
-0.6030621352  
0.5948143237  
0.02167781246  
0.001169992922  
-0.6518775523  
0.5834219495  
0.2987492657  
0.07133284562  
0.09773448033  
0.5450831282  
1.133933171  
-0.2334728133  
-0.4289078806  
-1.084483165  
1.21446766  
1.775100172  
0.5847825607  
-0.8950707276  
-1.177104995  
-0.0152869922  
-0.9620635844  
-2.787623648  
-2.058023564  
-2.780482784  
-0.9088576543  
-0.7033252458  
-0.8331210858  
-0.4111897482  
2.399406869  
1.195576483  
0.9690578951  
0.9938900849  
1.113381437  
-0.08805248983  
0.06383352576  
1.135824897  
2.145490651  
0.1585509987  
-1.104589274  
-0.269048943  
0.9731617737  
1.258011422  
0.6501839234  
-0.2731300754  
-1.375370633  
-0.5531082915  
0.272640662  
-0.7864159098  
-1.276175966  
-1.217678874  
-0.07794943924  
-0.107401265  
-0.1016516899  
-1.018440519  
0.8225414934  
1.286324074  
-0.1007551259  
-1.015335159  
-0.5036386778  
0.8712060428  
1.81305416  
0.5886229393  
-0.9023465507  
-0.4258960429  
-1.172707036  
-0.8065252793  
-0.4855930053  
-1.333960233  
-0.9372235228  
0.65420868  
0.1867426654  
-0.7130938671  
-1.053134766  
1.956060684  
1.112916937  
0.7018076754  
-0.286248548  
0.158419515  
1.221124683  
0.5252205003  
0.9489040968  
1.198864147  
0.8907128155  
1.060043672  
-0.6109749359  
-1.505376145  
-2.379905527  
1.259528289  
1.386643472  
0.7642274135  
0.1934727161  
0.01873088801  
1.451718807  
0.6838653761  
-0.9059051287  
-1.03258518  
-1.014952526  
-0.4093977111  
-1.081251509  
-1.064174079  
-0.9042942294  
1.215270263  
0.535328775  
-1.275125647  
-1.336395411  
0.3022259026  
0.9792199149  
-0.8023230545  
-0.4817816973  
-0.4615271168  
1.087547927  
1.817227551  
0.1855700931  
-0.8343686693  
-0.5375408628  
1.655292215  
1.417973177  
-0.7408711386  
-0.1211544699  
-0.52033813  
-0.5685863715  
0.3274004383  
-0.1744956097  
-0.6647597588  
-0.4390277134  
0.220571706  
0.9660817986  
0.03007409995  
-1.73561395  
-1.24475331  
-0.5949396603  
0.1702897842  
0.7932027323  
0.3279143237  
0.09480427048  
-0.07123658216  
2.521059113  
1.917568691  
0.4460998058  
0.07663626723  
0.5804348875  
1.031805658  
0.8596004332  
-0.6358322992  
-0.739867232  
0.2159344998  
1.823413088  
0.6076329476  
-0.9057186636  
-0.8814756903  
-1.180424006  
0.009273615786  
-1.28829271  
-0.4140258707  
-1.075546394  
-0.1695237122  
0.7757241975  
-0.3798788353  
-0.2132759454  
-1.753643422  
-0.8710673536  
-0.1843004535  
-1.254050609  
-0.6882976509  
-1.231640904  
0.9032890911  
1.250320597  
0.9294145146  
1.035167192  
-0.05903786055  
1.423056511  
2.002017817  
0.3321669534  
-0.1164576865  
0.1756913395  
-1.526923431  
-0.8264528802  
0.2732320103  
-0.8279573822  
0.3463936797  
0.002042297763  
-0.4857870788  
-1.232622421  
0.1132807526  
1.883657662  
0.6799712126  
-0.5759880807  
-1.739105125  
-0.6794419353  
1.900592701  
0.9304562551  
0.6337207242  
0.7158660677  
1.54372924  
1.264701556  
0.6386644505  
-0.3138076074  
-0.6022632018  
-0.7421190952  
-1.266525624  
-1.875572727  
-2.038866413  
-0.1210850357  
0.7222273704  
-0.3614960819  
0.5555290468  
0.1193591099  
-1.246703765  
-0.3074653772  
1.525897781  
2.342428729  
1.328340558  
-0.2842546059  
-1.596312118  
-2.089829799  
-0.5108854444  
1.957833875  
1.482045246  
-0.694351161  
-1.669416143  
-2.70456529  
0.681531225  
0.8205109768  
-0.5937845587  
-0.9115374156  
-1.946005777  
-0.7673158667  
1.248360603  
1.290772143  
0.09529347211  
0.01525863864  
0.09892539597  
2.416655128  
1.262716166  
0.5390750817  
-0.3502168332  
-0.8524586078  
-0.03127285111  
1.768299815  
2.692765273  
1.008578392  
-1.166876412  
-1.059881973  
-0.1802968849  
0.628279902  
0.2098625245  
-0.6742558351  
-1.498281025  
-1.556527732  
1.283093964  
0.6749800984  
0.1337676018  
-0.9466024697  
-2.020987733  
1.014179515  
0.5008215793  
-0.03152855452  
-1.489341007  
-3.411317854  
-0.6359349568  
0.3405134756  
-0.5826766683  
-0.144003705  
-0.5218274642  
1.760614631  
0.7232672187  
0.3038263513  
-0.4608935142  
0.4957068562  
0.1732731833  
-0.7167157978  
0.249042643  
-0.08009417224  
0.5737522603  
2.43508524  
2.643079624  
1.204399714  
0.2139134258  
0.1600302173  
1.481317001  
0.2897478243  
-0.9768716226  
-0.796419603  
-1.024737142  
-1.853490105  
0.2293174159  
-0.06210337517  
-0.3194366651  
-0.2072750645  
-1.203535482  
-0.1255234514  
1.238897998  
-0.8443134591  
-1.153039206  
-0.1109014813  
-0.4740547692  
-0.2282467812  
1.019515546  
0.9201409519  
-0.2805058165  
-0.9169276983  
-0.4409194825  
-0.1610151322  
1.703460626  
1.763664837  
1.133712042  
-0.2045119039  
-0.9160348987  
-1.572447911  
-0.4860967359  
1.112393664  
0.5876371585  
0.3859313385  
-0.03754246784  
-1.785189761  
0.2133398892  
1.224797941  
-0.5634215979  
-1.523806539  
-1.836470352  
-0.6158160552  
-0.1961688633  
-0.8001618677  
-0.1122835126  
0.1300218863  
-0.1910050756  
0.3834274657  
0.8447678872  
-0.5265148501  
1.453419291  
0.7085005277  
-0.4803004379  
0.5390122281  
0.8847619626  
0.111912048  
-1.677955354  
-1.851985789  
-0.5228966266  
0.6445287102  
0.09464870854  
1.024776498  
0.06560148455  
0.3768110405  
0.6029276336  
0.4874203678  
-0.04323111461  
-0.3091650427  
1.266784058  
1.727346057  
0.2725113304  
0.6443650649  
-0.03015995964  
0.2517563347  
1.228978164  
0.6162630674  
-0.1579333973  
-0.4968641007  
-2.431431075  
-0.8084272612  
0.008017555003  
-0.5312147023  
0.1839391286  
-0.3843196365  
-0.6561043846  
0.8992006179  
1.333112463  
1.126332768  
0.4990629237  
-0.110790916  
1.284515308  
0.6192915267  
0.0581963809  
0.6455258386  
0.7638575085  
0.414051467  
1.182208064  
1.89061513  
0.732840197  
-0.3491636482  
-0.3121086063  
-1.12826801  
-2.4556665  
-1.589932117  
0.07917140884  
-0.5728310383  
-0.6879973235  
-1.945927166  
-1.253767199  
0.2427036215  
-0.1076425033  
-0.4362577652  
0.6446951644  
0.03326427684  
-0.6858577634  
0.6861740281  
0.7819674104  
0.1864824553  
0.1256574981  
1.140162028  
0.5883265799  
1.683191509  
2.471509105  
0.9360713022  
-0.2744413245  
-0.1991113116  
-1.430586624  
0.1365684927  
1.518669905  
0.02203229418  
-1.068403924  
-1.200574452  
-2.148969991  
-0.7663709951  
-0.7079118258  
0.1810084528  
0.4290666601  
-1.390945872  
-0.4038132639  
-1.575874835  
-0.42558459  
-0.3547024255  
-0.4369355421  
-0.2070236025  
-0.8723456672  
-0.01884447534  
0.2100279843  
0.3441776142  
-0.3960213591  
-0.994710204  
-0.621738298  
1.13478395  
1.374940266  
0.6039610019  
1.071170114  
2.200525012  
0.368459044  
0.06745417185  
0.7016831192  
1.084655132  
-0.2348326673  
0.1420886983  
-0.6652099103  
0.3052769966  
-0.5561405201  
-0.6770837663  
-0.2023434116  
-0.3860439741  
-0.8698698673  
0.2764038342  
-0.1998404333  
-1.268062127  
-0.8125609784  
-1.134372902  
-1.517331969  
-0.05695689088  
-0.3518179809  
-0.4652192405  
-0.6315461595  
-0.366017488  
0.2595495266  
1.646867436  
2.402399587  
1.672892017  
0.9143784178  
0.2874912915  
-0.1533240756  
0.8446480315  
1.035000167  
0.904280779  
0.08101820376  
-1.467291632  
-2.011293666  
-0.7888925713  
