2.540896836  
3.895062767  
-0.4171779287  
-4.940959685  
0.6880625492  
3.099525766  
-1.568831064  
-5.493230455  
2.574020096  
2.879987376  
-2.314473451  
-4.69420569  
3.50989512  
4.10974157  
-0.005266787893  
-3.281506796  
-3.054666653  
3.841738756  
1.944745039  
-2.104999938  
-5.091565529  
2.830951227  
2.938006465  
-2.17734218  
-5.038758786  
3.255528727  
3.912430242  
-0.5471516474  
-3.654175602  
-2.554474319  
3.285257538  
1.944355846  
-2.520066609  
-2.056376589  
4.150378826  
1.738141288  
-4.688524781  
-0.07044907895  
4.415292566  
1.595911387  
-3.715156365  
-0.2204863521  
4.35562961  
1.005800074  
-3.728049473  
0.09070779672  
4.057178795  
0.4493773355  
-4.261526847  
1.409361767  
4.029312869  
-0.6106628123  
-5.284392148  
-3.73704741  
3.186104202  
1.481354064  
-2.798726251  
-4.603506956  
4.508633912  
3.446066574  
-0.9264490836  
-4.680063793  
2.383807621  
3.630422576  
0.3613912306  
-4.584743241  
-4.363621766  
3.58155779  
2.447680226  
-1.877538502  
-5.386752805  
3.013346939  
5.185476901  
1.311751841  
-0.8643234539  
-4.110347118  
3.00575434  
4.83516973  
0.3425745354  
-4.554992399  
-4.502889372  
3.119276685  
2.310600233  
-1.017771725  
-5.2626865  
-0.5384620289  
3.690747717  
0.1021318539  
-4.595568495  
-6.409042688  
2.401293259  
4.358495163  
1.80143488  
-0.6932833143  
-3.507676652  
2.722881093  
5.186266764  
1.059311552  
-2.635042404  
-5.474804981  
0.3307094516  
4.684616991  
1.866018376  
-2.51945823  
-6.007755008  
3.849755937  
3.825916332  
0.9130220789  
-2.968629985  
-4.898250211  
4.015323045  
4.161768218  
-0.5589003038  
-4.597270753  
-4.747186264  
3.152972708  
4.082448118  
-0.1717604309  
-4.372849463  
0.8362482269  
5.294904226  
3.183885448  
-0.990938812  
-4.512121331  
3.456697246  
3.419947466  
-1.230329457  
-3.937036155  
-0.1083097181  
4.263408541  
2.05243997  
-2.288817521  
-4.641659898  
1.230340362  
4.247772163  
1.547031617  
-2.068619758  
-5.381187317  
2.446222382  
4.462423334  
-0.2221089368  
-5.691977797  
-0.9584255844  
2.418517052  
-0.3519951023  
-4.222940293  
-5.733767003  
-2.968595931  
2.04030331  
4.569495911  
2.197203901  
-1.128413486  
-2.835390772  
-2.846755299  
5.156221189  
5.223238795  
1.517614037  
-2.378640617  
-2.943175354  
5.3673275  
4.162000063  
-1.779527468  
-5.286168853  
-4.38434861  
4.138435512  
2.691875611  
-1.781946387  
-4.345722287  
1.442302113  
4.863525471  
1.22727192  
-3.070697917  
-5.996672915  
-1.077026462  
4.746601399  
2.410251506  
-1.928302868  
-4.702140466  
-1.91732015  
6.309275631  
4.302685638  
-1.586957717  
-4.652724252  
3.075645455  
4.263776145  
0.4785221807  
-5.536738256  
-2.531460647  
3.459089917  
0.02633423338  
-5.815892987  
-4.374480152  
3.609194252  
3.320247257  
-1.405808787  
-5.466712691  
-2.302817902  
4.770342943  
4.479539071  
-1.089959246  
-4.022967447  
2.416282298  
5.108931985  
-0.5687433469  
-5.354098879  
-4.494057753  
4.495176112  
3.328018585  
-1.098168361  
-4.372134806  
-4.035184132  
5.387720424  
6.019545276  
-0.8218678856  
-4.790772201  
2.523483108  
5.126436851  
1.686661182  
-4.282710575  
-4.693675816  
3.623997888  
5.05947064  
-0.5171693604  
-6.733234377  
-3.10714384  
4.671677289  
3.334893596  
-0.4049861795  
-2.789422614  
-0.3258931047  
6.897723545  
4.736831251  
-2.502376842  
-6.201030171  
-2.03133373  
4.407480857  
1.440887423  
-3.980501654  
-5.854691126  
-2.389076026  
4.907474874  
2.906000798  
-1.26874943  
-4.580248368  
-3.880146509  
4.429239372  
6.257794189  
4.112610727  
-0.9180605746  
-4.174320508  
4.307215694  
5.658172827  
-0.04109865493  
-5.330297719  
-5.056548787  
3.688148883  
3.287320455  
-0.2638670516  
-4.47806678  
-6.038919813  
0.5968043117  
6.24793882  
2.752149551  
-2.829221944  
-3.566842859  
5.933011801  
4.334768168  
-1.577908187  
-4.689517692  
2.102618029  
5.767188672  
2.935149782  
-2.600432966  
-5.155358573  
-2.484882872  
3.689429288  
2.273613812  
-2.561781097  
-6.047710648  
1.188674663  
3.752250646  
0.5077419658  
-4.464012109  
-6.119037277  
-2.47494247  
5.322344235  
4.735906018  
1.163141997  
-4.022257044  
-4.179300449  
5.052531389  
7.734875289  
3.81146426  
-2.76414961  
-5.856906459  
-0.4621529099  
-4.164392178  
0.3558039786  
7.22163451  
4.859316887  
0.05018589938  
-5.213137747  
-4.637628815  
4.533359155  
4.33329348  
-0.5517537814  
-4.528193174  
-0.2826550093  
5.432557499  
2.271839932  
-2.673931989  
-5.316879184  
3.253440039  
3.088540107  
-1.271597535  
-5.507909225  
-4.493857233  
3.390706329  
1.746626118  
-3.897773543  
-6.625465568  
-4.812554492  
2.084486816  
5.309623333  
2.881174405  
1.311249193  
-2.345991092  
-3.288109198  
-1.808814996  
3.846044525  
7.146096302  
5.07646057  
0.02093288837  
-3.018661373  
-3.298590375  
5.38819388  
6.358831543  
1.648469026  
-3.844645723  
-6.200750163  
1.974588948  
4.37152245  
2.438948562  
-1.25685954  
-6.707872201  
-6.176829487  
3.223157962  
3.107246506  
-0.3446011242  
-4.648417918  
-5.702750818  
1.944773046  
5.406942024  
3.54711265  
0.398085834  
-2.455466185  
-4.377210755  
-3.327385297  
5.358245568  
6.164227039  
1.52447455  
-3.35526063  
-3.645150436  
5.608180847  
6.000306245  
-0.813890349  
-6.544087332  
-3.618950378  
4.10547742  
3.983901602  
-0.6019434443  
-5.041523392  
-6.37675987  
3.158171665  
4.188615265  
0.3600984277  
-5.026369131  
-6.120278255  
3.225429779  
4.206527036  
0.2576774973  
-5.004824094  
-3.61171078  
4.311532957  
2.870270678  
-1.793671689  
-5.279793294  
-2.544901009  
5.669203869  
5.043016924  
1.221434387  
-2.981169215  
-3.475348061  
6.011738998  
5.539952866  
2.002978609  
-1.887952673  
-4.511535859  
1.317487367  
6.770713  
5.435850222  
0.15416676  
-4.679913583  
-6.261949138  
-0.2742657603  
4.622047076  
2.035043828  
-2.090534783  
-5.060427733  
-5.54380982  
3.512494112  
6.252024529  
3.33040837  
0.5588599681  
-3.967896447  
-5.791333089  
1.079643028  
6.963548808  
4.564196163  
0.7163011068  
-3.180804052  
-5.997564323  
-5.261729954  
2.588988314  
5.476437698  
3.1057716  
0.1289372436  
-4.252645013  
-5.38195981  
4.836002839  
6.072615581  
2.569994712  
-2.09361127  
-4.528988779  
3.5281047  
7.820478755  
3.824728348  
-3.311426125  
-3.442316502  
3.105716047  
1.147693323  
-5.915800296  
-7.899306748  
-0.7532943737  
4.404431614  
1.578491892  
-4.858500641  
-4.806951012  
3.596920715  
2.975354586  
-2.626703077  
-5.871573758  
2.533072069  
5.2420532  
-0.3661770589  
-5.458615697  
-3.82620281  
3.863455763  
2.772856981  
-4.28722916  
-7.501417948  
2.164511614  
3.494763174  
0.1039117288  
-4.288560291  
-5.917789689  
3.312500653  
5.411807353  
2.758185414  
-0.1342739826  
-4.32309865  
-5.708634419  
4.271779453  
5.34555069  
1.121305278  
-4.824799104  
-6.850578925  
1.90384629  
5.231232886  
3.359433267  
-2.270792319  
-6.013182726  
-3.048720802  
6.033592673  
6.099270161  
1.118962592  
-4.000506915  
-5.492605251  
-2.746155638  
5.49953873  
6.701400267  
3.43494604  
-2.457851422  
-4.116064631  
-3.334366158  
2.563989968  
7.769816168  
5.889132549  
1.167115739  
-3.352885344  
-5.167014285  
-1.42949693  
4.908521932  
3.230219455  
-0.4189967348  
-4.352865293  
-5.634337113  
1.808991611  
5.407469413  
2.931472067  
1.693869896  
-3.823896439  
-5.522422883  
0.0545795253  
6.263236068  
6.082289142  
2.688944968  
-2.165537135  
-4.950355884  
-3.587708877  
5.235303615  
5.742834006  
2.35651654  
-2.481871976  
-5.820359538  
-5.303277323  
2.167668861  
5.453144048  
3.758261059  
2.323270521  
-1.61001817  
-5.524287435  
-5.633905834  
1.124060113  
6.011039146  
2.483184501  
-5.363182936  
-7.217634759  
0.8539379986  
2.42074182  
0.3302073868  
-2.248349668  
-6.127649476  
-7.068161035  
1.494713405  
5.694319269  
3.030775806  
-2.53087188  
-4.198740536  
-2.376758177  
3.092275408  
8.00983658  
6.539210372  
4.673106125  
-0.946284559  
-4.923378249  
1.42788998  
3.960077639  
0.2398360542  
-5.904649444  
-8.472329854  
-3.31498957  
1.363380675  
0.8229387419  
-2.30047939  
-6.204889781  
-7.903947734  
-1.842580539  
4.041040202  
3.652128065  
-0.3489027882  
-5.668069403  
-6.123231202  
0.8897295162  
5.348562273  
5.251419853  
3.021334632  
-0.01631413624  
-3.63997801  
-5.023168912  
-0.7539337171  
6.606971318  
6.044203497  
2.27852394  
-2.142578996  
-4.964493302  
-3.60866745  
4.963838135  
4.050611648  
0.4116644453  
