5.137113388  
-0.2032707619  
-7.610566679  
0.7945315393  
6.18311141  
-1.510799105  
-6.002382066  
2.386159295  
4.11747746  
-4.757188948  
-4.16003326  
3.216538253  
5.783399465  
-1.972384646  
-5.910493761  
0.6859263139  
6.60654101  
3.156953847  
-5.944626789  
-4.710377795  
2.888925174  
5.272517859  
-3.751682298  
-4.203496215  
3.561240393  
5.563275434  
-1.695783877  
-6.154160686  
0.7659447989  
6.219375745  
2.440764185  
-7.052108218  
-1.438882065  
5.237088729  
1.500794723  
-7.765341144  
-0.3347700205  
6.226431565  
1.011963516  
-7.232677768  
-0.955706586  
6.991343629  
0.7640519833  
-8.143985156  
-1.573093234  
5.261363502  
-1.554374134  
-6.23276104  
1.812591646  
7.036030449  
-0.9943156795  
-6.748177465  
0.4376981293  
6.64906432  
2.876223774  
-6.866472885  
-1.611088704  
3.927971922  
5.097492208  
-3.680516293  
-6.375195491  
1.882553557  
7.339264514  
-0.4052803887  
-7.42454026  
-0.9931399828  
4.975783426  
3.969687111  
-5.140585964  
-5.725236619  
2.07615652  
6.470233703  
-0.8569266241  
-6.35778342  
-2.167203441  
2.882199189  
6.29131941  
-0.8406656179  
-6.115977842  
0.9848261262  
6.895126762  
4.424519104  
-3.932188847  
-5.125105575  
1.011658377  
7.054893059  
1.521694516  
-7.613438947  
-2.535908104  
3.971362644  
5.604229463  
-1.04378441  
-7.307913914  
-3.508593863  
2.101661505  
6.949740978  
0.5262532735  
-7.536538295  
-2.180412112  
2.918709149  
7.69732895  
1.620716586  
-7.367547326  
-3.638302237  
3.758999417  
5.683026759  
-4.343860661  
-6.412409007  
-2.314638634  
5.177976357  
6.498588299  
-2.609312312  
-6.773051903  
-0.2563374633  
5.951465131  
5.664543553  
-3.58332286  
-6.648062109  
0.1975557279  
6.137157186  
2.716893883  
-5.465008933  
-5.134456113  
3.529806777  
7.189194756  
-2.272371168  
-6.59211192  
0.3437723909  
6.098133791  
1.670689968  
-7.865390732  
-3.686042838  
2.354932162  
6.853399282  
0.5493957009  
-8.076251972  
-3.878888949  
2.461950467  
6.315546209  
-0.5374302609  
-7.19754885  
0.06122512252  
6.0169746  
0.337103065  
-8.474102916  
-3.222852288  
2.081637854  
6.04970736  
6.344196265  
3.046924145  
-4.5098241  
-4.748059566  
-0.1886184403  
5.220813128  
5.12088256  
-2.028816834  
-6.453078136  
0.5002104881  
6.138747021  
5.228890358  
-4.447604546  
-4.664117415  
0.2408695276  
4.887840674  
4.350818027  
-3.77883045  
-5.184097855  
0.1828850896  
5.987876287  
-0.00493443225  
-8.745213712  
-4.634366997  
0.9341855578  
6.33977819  
2.520156337  
-5.253671838  
-4.483415308  
2.546749571  
7.131598536  
5.537133092  
-3.984295991  
-5.363283561  
2.988165975  
6.862847822  
-1.126070503  
-9.010259727  
-1.4169339  
5.652724681  
0.7765515893  
-8.865498233  
-2.631498485  
6.098188258  
4.866281646  
-4.331925196  
-6.946249946  
-0.812952725  
6.628519035  
4.684508167  
-2.711092584  
-6.144959189  
1.417517901  
7.454937176  
0.3994165047  
-7.31734153  
0.006566653879  
6.041562562  
5.857618734  
-3.830131593  
-7.478244197  
-2.438991762  
4.518850957  
5.068744083  
-3.375516865  
-7.511019248  
0.5971916996  
7.803467429  
1.020806433  
-7.623751152  
-2.792024021  
5.398318957  
6.580175887  
0.5547128476  
-7.735609939  
-1.992787536  
5.628803654  
4.054502468  
-4.711293311  
-5.767858701  
-0.5400788665  
6.669580923  
5.202426715  
-3.627419382  
-6.107681767  
1.023683406  
7.406712781  
2.66729979  
-6.205543556  
-4.818553284  
-0.3335168085  
6.0489338  
4.376654725  
-4.426091049  
-7.248467041  
-1.832114723  
5.477342144  
7.225191376  
2.827923381  
-3.951867556  
-5.929705214  
0.9987098231  
7.365359226  
-0.2213592535  
-8.831636709  
-2.660302746  
5.143925097  
7.314871788  
-0.2533532119  
-7.526803922  
-4.110752989  
1.871923507  
8.070932786  
3.681635988  
-5.389428545  
-3.463258912  
6.057716847  
7.584080868  
-4.485650386  
-7.237594797  
0.1937893739  
7.547173457  
2.077628802  
-6.404377666  
-5.311577756  
1.10055007  
7.398786144  
4.250343885  
-5.444878111  
-6.339099023  
0.8807063426  
6.912852345  
0.1710197461  
-8.455080865  
-6.103328566  
-0.2959019946  
7.554292782  
6.325408603  
-1.137071071  
-7.114020557  
-2.574572388  
5.180584213  
8.617862156  
2.462759043  
-5.962838915  
-4.623900738  
0.9296090255  
-5.050680396  
1.45999153  
7.969351344  
3.16556395  
-5.859198205  
-6.024750679  
-0.7713719989  
6.735115666  
5.117680683  
-4.513367698  
-6.260157013  
0.8612548655  
7.557570934  
1.861294328  
-8.151521847  
-3.810648622  
4.093445688  
5.85611872  
-3.338931518  
-7.84372373  
-1.146001971  
6.43695665  
4.286753885  
-6.050795965  
-4.968023883  
0.790422936  
6.085494342  
7.722420702  
2.485489484  
-5.067835851  
-6.925406328  
-3.862022832  
0.4667143758  
5.989040566  
8.623842536  
2.354868046  
-5.925087704  
-5.224067255  
-0.4069377045  
5.969889881  
8.614442005  
0.001411239166  
-8.051345753  
-3.769047631  
3.117334267  
6.862692966  
1.053505523  
-5.988775481  
-6.764350248  
-1.51109254  
5.569568979  
6.114449989  
-4.552383235  
-6.771547687  
-2.399783338  
3.938326586  
7.569121692  
2.290104245  
-5.719117864  
-6.88942844  
-3.054734982  
1.744180548  
7.591455688  
7.463457879  
-0.1297315752  
-6.884909152  
-0.8029411669  
5.516223004  
5.578267625  
-5.487672808  
-7.038701477  
-1.767287402  
5.456436068  
4.582540786  
-2.644821256  
-9.835348588  
-5.271731792  
2.882508902  
5.403920658  
-1.380539123  
-8.124339691  
-4.029650601  
4.627708258  
7.021173448  
-1.822205691  
-6.881808749  
-0.7274622727  
6.264013708  
3.459469561  
-7.145073237  
-4.888428865  
1.320363925  
7.220613824  
5.453250782  
-1.924046456  
-7.080018041  
-1.759334963  
6.619534448  
7.489157175  
-0.8058503743  
-7.6797848  
-4.54498435  
3.179550358  
7.818908621  
5.494901384  
-1.055414026  
-7.328146927  
-2.928855404  
2.660459656  
8.210729543  
3.191441682  
-6.237806699  
-5.706946535  
-1.3025304  
4.048006051  
7.495508269  
2.39051002  
-4.721571677  
-6.816724056  
-3.60476474  
2.205531193  
7.826233765  
4.798966367  
-3.437289274  
-7.755347586  
-4.286219885  
-0.6982118065  
5.685296238  
7.141996367  
2.063345304  
-4.514644532  
-6.021409081  
-1.709732219  
4.719456608  
8.170290632  
1.870345721  
-6.307883727  
-6.337802277  
1.722173754  
7.564054146  
2.951752324  
-6.439641143  
-3.739764095  
4.401523293  
3.442959461  
-5.357163762  
-5.42555219  
1.530431745  
6.259687052  
2.286388762  
-8.016154459  
-4.913978471  
4.813759781  
4.678003446  
-5.239524527  
-5.745623381  
1.945738165  
7.472677553  
0.6058126675  
-5.750559134  
-1.080851784  
6.985562127  
5.707178471  
-5.133029745  
-5.672685233  
2.138156742  
6.919551509  
-1.040677224  
-9.131900521  
-5.241037291  
2.979821432  
8.206626618  
2.953440416  
-3.694544003  
-6.967698708  
-3.549804764  
3.671417882  
8.552129986  
1.692306172  
-7.31751917  
-4.231561125  
3.638603971  
8.798016944  
3.21098695  
-4.492607622  
-6.459024349  
-0.800378186  
7.110894927  
7.327348619  
-1.334697792  
-7.870461018  
-4.627898085  
0.2122791245  
5.775899399  
7.157423203  
1.306301197  
-7.038820319  
-4.892670189  
0.9897496099  
5.631148687  
7.944123537  
5.807663347  
-2.032587967  
-8.870844828  
-4.289301276  
2.705734406  
7.387361173  
4.777946872  
-4.306845833  
-7.854070272  
-4.008491919  
3.604631683  
7.70359596  
3.469959787  
-4.597359848  
-9.016803721  
-5.944941661  
2.954239287  
7.975220247  
6.423651296  
0.5895005145  
-6.588440489  
-4.69523682  
0.147475796  
6.24424479  
8.51144726  
1.64837355  
-6.773695915  
-7.011213799  
-2.843660038  
3.508025628  
6.933714752  
4.309530447  
-2.454496229  
-7.831549277  
-7.567402445  
-3.619397994  
2.682397588  
7.818512281  
3.105547055  
-7.886551656  
-5.990966424  
1.504649571  
4.777087175  
0.8297369849  
-5.675798924  
-7.304108882  
-3.464954853  
3.148240581  
7.051013738  
2.221640268  
-6.110190389  
-6.320475409  
0.2233532227  
7.42301938  
8.759150252  
6.198014703  
-0.6022107034  
-4.49498655  
-5.231726699  
-0.256000067  
7.17602145  
1.341386977  
-8.008130116  
-6.556856411  
-0.6820616553  
6.268033563  
3.210840953  
-4.722352172  
-8.196114114  
-4.522314912  
0.8769090472  
6.416241956  
5.4924288  
-0.631558355  
-8.178009388  
-3.594676546  
3.358816239  
6.46573592  
4.480603691  
-0.7840064287  
-7.104140813  
-5.66895536  
-1.771495724  
2.847375711  
7.17588618  
7.707417234  
-0.2814103622  
-7.355622084  
-4.986274121  
0.1053101349  
6.028953732  
6.629491028  
-0.2130212799  
-6.088803852  
