2.19100581  
-3.285485713  
-2.448724601  
2.781421511  
1.518733943  
-2.170964417  
-0.8793284045  
2.059151229  
-2.327390696  
-1.583147474  
2.496474459  
-0.09403243124  
3.2806352  
1.093959006  
-3.024808515  
-1.015536454  
3.154137058  
-2.036240767  
-1.05644216  
-0.9167676351  
-0.030998339  
1.713390119  
1.303069633  
-2.811945587  
0.6645185016  
3.81377083  
-1.491376703  
-2.463494456  
1.964593924  
4.19271399  
-2.188675923  
-3.391255792  
2.800231361  
-0.5654435721  
-0.5522058418  
0.1314567619  
-2.589909208  
1.13022854  
2.188790154  
-3.466583639  
-0.1014193646  
2.738217514  
-1.973570593  
-0.1957513481  
1.348836903  
1.439051686  
2.216418226  
-3.564161573  
-0.2237966824  
3.463609553  
0.8665394189  
-4.258817902  
-1.389577694  
3.621038233  
-2.967359521  
-2.727128963  
1.662505522  
-0.7536704099  
0.7109089345  
0.1355570628  
-2.905641135  
-0.5801982593  
4.009575809  
-1.883241617  
-3.57456901  
3.22555886  
0.2556982046  
-0.2890149662  
1.050886635  
-3.309826255  
0.09148015177  
4.054703266  
-0.5832126245  
-2.902592304  
2.084516902  
0.2867938575  
0.02391372531  
1.867063048  
-3.513834872  
-0.2984036373  
3.421371323  
-1.098645846  
-1.069195821  
-2.811127445  
-0.9147874408  
4.010092337  
-1.495672398  
-2.487601241  
2.57283885  
1.047866196  
0.5199351752  
1.167842166  
-2.645561207  
1.535236816  
0.830585753  
3.667477706  
0.1211814119  
-1.919870402  
1.673498544  
0.910372092  
3.748322076  
-1.659457984  
-1.524737723  
1.466604679  
-0.1529341336  
1.275144986  
1.231326145  
-1.834223444  
-0.4998685657  
-1.260045896  
1.360849681  
0.0363696888  
-3.690440242  
0.2375633776  
3.177942725  
-0.8215114383  
-0.6396325656  
-2.462660561  
0.5906009499  
3.40390753  
-1.619680864  
0.5393401562  
-2.29024036  
-0.7597006572  
3.302729942  
-0.3364049071  
-3.297509317  
-1.042745087  
2.587257409  
-2.070304612  
-2.652698957  
0.3707413519  
-0.542096962  
3.631213651  
-1.672407884  
-2.910558803  
0.8535492381  
0.4534218663  
-0.4546662688  
1.817182447  
-4.524556678  
-0.8238914109  
2.74662202  
-2.52314467  
-3.526932853  
0.003975201542  
1.075576241  
3.767380845  
1.362145957  
2.850228151  
-2.742458575  
-1.441552521  
2.8279734  
2.707404239  
-0.2696779985  
-0.8245407196  
-2.867304413  
-0.1858607397  
1.247398208  
-0.02555900433  
2.058684732  
-2.166746026  
-0.524340886  
3.031902417  
1.113082278  
2.842442657  
-3.495591618  
-1.280176973  
3.356124881  
-1.732582513  
-2.351750618  
-0.4083835131  
-1.021042444  
4.233012388  
-0.7266468789  
-0.2819885878  
-1.060612615  
2.93926083  
-0.4662677759  
0.6278607213  
3.032708324  
-2.871902582  
-0.8947529888  
3.581530113  
-1.757097648  
-3.100670262  
2.44029882  
-0.7696367514  
-1.068361348  
1.102674808  
-2.242451722  
0.5760214361  
-1.670021993  
-1.029986385  
-2.381912233  
0.575147958  
1.169015659  
0.6080001744  
-0.913089157  
1.743719982  
-0.682532159  
3.271444357  
0.5971591366  
-3.898921987  
3.367338081  
0.735126438  
-0.340010512  
2.493078478  
-1.9041436  
-0.2461677069  
-0.09233267058  
-0.01081390689  
1.661952112  
-3.393755008  
-1.581242002  
4.074832271  
-1.798875739  
-3.164839576  
2.909864215  
0.6656684028  
0.9371720318  
0.0543549444  
0.3554540784  
-1.280046505  
-0.7395051268  
2.257852189  
-3.003409747  
-0.4244965832  
-0.7298414887  
0.9681163716  
-1.148822927  
0.3631601527  
-2.543305833  
-0.567957335  
3.902862013  
-0.6248234872  
-0.8651438136  
-2.16840259  
-0.2178942946  
1.666032211  
0.1471875429  
1.487588198  
-2.526330324  
1.577770702  
0.3648090419  
1.420191797  
1.000974022  
-0.892106792  
-1.614217608  
0.006645648285  
4.569218802  
-1.751021966  
-2.492763172  
2.623869902  
-1.243728502  
0.7848116936  
-1.479251395  
-2.664041828  
-0.371735278  
1.100317885  
3.670356587  
-0.1190155472  
0.07489953195  
-1.376373961  
-0.2177114891  
1.949835477  
2.582921721  
-3.007056999  
-1.307288779  
3.86376437  
-1.691802234  
-1.924765746  
-0.5603694397  
-0.4186463212  
2.831103129  
-0.2863256813  
1.13078846  
-1.405405618  
0.09729503429  
3.258169647  
-1.955268186  
-2.168156204  
0.6613418426  
-0.08022943497  
4.863223631  
-1.059473578  
-1.061948059  
-2.707862443  
-0.6362736156  
-0.1088201101  
3.001610242  
-2.272113572  
-2.540174203  
2.140275493  
0.05843974631  
-0.8497071138  
-0.4428670466  
4.235036744  
-0.3937433706  
0.2469037076  
-1.686493074  
-0.2097423214  
-0.3771036333  
0.4765446545  
0.2959050771  
-3.229986409  
3.33283424  
0.5365945714  
0.6729876128  
-2.79018763  
-1.24306133  
0.4581729682  
1.380246649  
0.9582227142  
-4.841884187  
-2.199383021  
2.986586201  
-1.062784708  
-0.677957406  
-0.4529718923  
0.08613932112  
4.343244805  
1.818041015  
2.576240716  
-1.302553655  
-0.9049121331  
-1.388828897  
0.28398319  
3.396613332  
2.391044031  
-0.3048875923  
-2.154716222  
-0.651850968  
-1.196591003  
-0.2619735868  
1.525447794  
0.1954361079  
-3.333983964  
2.599957502  
-1.392700398  
0.4961285811  
0.3468355126  
-2.29782962  
-0.8315883025  
-0.9451448908  
4.663937257  
1.467644258  
1.870475823  
-2.937565089  
-0.1873092937  
0.4657242626  
0.6182528273  
0.323527509  
-2.231012088  
-1.657402141  
-0.7070907422  
-0.6636171661  
0.8548011038  
0.7223641209  
0.5555790024  
-2.453399968  
0.03753714005  
2.157851404  
-0.6032197515  
-0.4221953906  
-1.140132286  
-1.241853932  
2.788799979  
0.950096597  
1.303413375  
-2.876553711  
2.916873352  
-0.2144030565  
1.725460809  
-1.654488845  
-3.063159562  
1.336601969  
-1.77955533  
-0.9653340478  
1.097949405  
-3.121505221  
1.145481092  
-1.222201771  
-0.6491437056  
-2.879135391  
-2.517206575  
-0.4896858897  
0.5384013819  
1.776390035  
1.03689134  
-2.384419055  
0.08168092459  
2.063005609  
1.841110033  
1.139882143  
-2.508631278  
2.097754217  
0.7718847756  
4.734950146  
1.378239615  
3.007111849  
-1.052330446  
-0.001486718251  
-0.6722126098  
1.990868687  
-1.021643228  
-2.312309784  
-1.974189886  
-0.3410207306  
-0.4280088969  
2.980843828  
-1.60375836  
-1.512775977  
-3.012034009  
-1.6503007  
-0.6474858322  
3.419859777  
0.7512843741  
1.021249591  
-2.671931212  
0.04206519917  
-0.124171596  
3.433495296  
0.9374534026  
1.113212219  
-0.05014093843  
-1.358931704  
-0.2740905124  
1.681228093  
1.762491886  
1.520055959  
-1.748367055  
0.6636485752  
-0.8291741792  
4.798429416  
-0.1294918966  
0.05663119463  
-2.977894304  
1.032094059  
1.897831114  
-3.165237107  
-0.1839725881  
-0.7363438966  
4.002520904  
0.3102688572  
-1.016531073  
-1.883546551  
1.624128762  
-0.3051084654  
-1.582034919  
-2.309749898  
-1.186774692  
1.236866038  
-0.3494392658  
-1.259540049  
-0.5992130917  
1.40153863  
2.473110947  
-2.083962457  
-0.7045566606  
-0.5499831157  
0.6931489777  
0.3865080958  
-3.639898357  
-1.248607518  
1.537155461  
2.264066493  
-0.1898325727  
-1.801614791  
-0.6975580342  
-0.6072717117  
-0.5789961517  
1.531349073  
2.116730175  
-2.430335845  
-0.6031249862  
2.031385021  
1.785163498  
1.916881056  
-0.946857909  
-3.022273064  
-1.533153544  
1.687390773  
2.464460558  
0.1312243607  
-1.880815906  
0.5043269728  
-0.9469245286  
2.514037741  
0.05730495349  
-0.4608357731  
-1.133936683  
-0.9439061222  
-0.60616567  
2.415654356  
1.750918671  
1.43847244  
1.058466372  
-2.152520426  
-0.9835198737  
1.098620947  
0.2616614859  
1.978013616  
-1.314938366  
-2.336768568  
1.100651893  
-0.1521594722  
0.8077433951  
1.337906573  
0.4689927679  
-0.6873155599  
-1.12609651  
2.161478363  
1.167772837  
1.155232782  
1.524641089  
-1.203838724  
-1.329098362  
-0.9478307731  
1.304794713  
2.6698474  
0.1926037501  
-1.298403703  
0.03083793643  
-0.7812541093  
0.3567487021  
1.587539668  
1.026901614  
0.8245877667  
-2.621312409  
0.5831091167  
-1.163832437  
-0.3301566488  
0.2970646149  
-0.3856478892  
-1.475056017  
-1.808759618  
1.400702113  
0.4515271677  
1.013359912  
-2.490561754  
-1.388960777  
1.286983704  
-0.2430234277  
1.826114179  
-0.112606546  
-2.743238587  
-1.93427611  
-1.063691999  
1.648013316  
0.7210895274  
1.612895766  
0.09207538534  
-1.353049461  
-0.5400343125  
-1.337873434  
0.6155691157  
1.358503133  
-3.092387952  
-3.176100873  
0.3658015686  
1.810743942  
-0.009067659888  
-1.83827903  
-1.364352131  
-1.441697949  
-1.609852096  
0.2226544469  
0.09526272235  
1.506974595  
-1.853451945  
-1.045348829  
1.266051833  
1.586372971  
1.888041834  
0.8863887476  
-0.6146202128  
-0.9499286659  
-0.8830646129  
0.749985955  
2.492285066  
2.714535563  
-0.6602524732  
-1.839926596  
-1.996775338  
-1.360151396  
2.830724017  
0.5485949109  
0.9221462794  
-0.7761981948  
