-1.480044316  
-1.73608724  
-1.166652563  
0.09374140355  
-0.6183524285  
0.1535474317  
2.098165499  
0.03110016074  
-0.8725742479  
-0.226529857  
-0.0441531934  
-0.8965544792  
-3.525834949  
-0.9160625034  
1.841743793  
3.502889652  
2.131817662  
2.663746059  
2.622801683  
2.654593645  
0.600305998  
-1.601353313  
-2.598685685  
-0.6580516813  
-1.717060604  
-2.860265961  
-1.496378837  
0.5908491184  
1.48196656  
0.5943826888  
1.583395423  
3.018684483  
2.540765009  
1.442100402  
0.5068452942  
-0.2515865115  
-1.175340973  
-3.17459965  
-3.188131434  
-0.1771618455  
2.891398729  
1.344449737  
0.8589704877  
-1.030962729  
-2.676540365  
-2.710140331  
-1.329359884  
0.653275197  
0.8275034333  
-0.5614194191  
-0.4251887685  
1.081500393  
1.160743801  
-0.2929804227  
0.3935935276  
1.92101627  
3.25543534  
1.993139729  
0.6955999657  
0.4451368215  
0.7058092845  
-0.1835410102  
-2.513805768  
-2.826244454  
-1.799577709  
-2.618556058  
-4.274880634  
-2.621807342  
-0.7071611308  
0.9409980458  
0.4812232889  
-0.8857183417  
-0.1650437987  
1.833397621  
2.62935144  
1.075606012  
0.0512023523  
0.8637468238  
2.763670802  
3.919716518  
2.15098213  
2.258648781  
2.522320827  
0.2588169106  
-2.333438563  
-3.842467268  
-2.250613832  
-0.6988174332  
0.4015182331  
-0.7109426922  
-0.2637092737  
1.251868927  
1.595554144  
2.426323995  
1.573942391  
-0.865453701  
-1.499574363  
0.4651426462  
0.8936993589  
-1.174069938  
-2.966508829  
-2.070272617  
-0.7904155631  
0.03195544215  
-1.265310898  
-2.754429968  
-1.972501689  
-0.1791272319  
0.9199832274  
0.4913582568  
-0.4152227793  
0.6312306095  
1.851999408  
2.28333156  
0.267301083  
0.5742719662  
2.271537022  
3.561071383  
2.174742378  
1.006484207  
1.058673992  
-0.2440535185  
-1.02885081  
-1.579375499  
-3.156808599  
-1.47161225  
-0.09534053307  
0.002602540251  
-1.138469223  
0.1021142599  
0.6306170774  
0.2347339062  
0.3244220752  
-2.036938703  
-1.395663983  
0.4394308387  
1.337489683  
-0.8787818887  
-3.201400609  
-2.46302942  
-0.9992711435  
0.04692239692  
-1.619249861  
0.07374272019  
2.609761203  
3.426567043  
3.399271622  
2.229772974  
1.972669521  
1.246654346  
1.375144739  
0.2018971061  
-2.916396122  
-3.800027913  
-4.017427427  
-2.534656814  
1.223381831  
1.74597862  
1.097194329  
2.050130911  
3.407730868  
3.663436853  
1.605490027  
-1.212426093  
-2.564472768  
-2.399454587  
-2.227438246  
-1.706138985  
-3.720194219  
-3.335276328  
-0.7239377982  
0.8503208924  
1.218779118  
-0.9809827001  
-0.6911515661  
0.5020429222  
2.254369725  
0.485460536  
-0.2991814068  
0.3974840704  
1.266794507  
1.676357233  
0.8341267294  
-0.7167209257  
-0.3710667127  
-0.5918786656  
-1.699802713  
-2.360049461  
-1.849026373  
-0.06653682947  
0.5382651903  
0.4703963944  
2.333384326  
3.276444507  
4.71749852  
3.13304912  
0.1923311719  
-2.267379142  
-2.322637922  
-1.642013905  
-0.7669533024  
-2.256949734  
-1.305280266  
0.7561639601  
1.491674499  
0.9809094917  
1.023169867  
1.392342912  
1.033186068  
1.09737128  
-1.042538395  
-3.001560289  
-2.466765883  
-0.346399049  
-0.6914449123  
-0.9951930906  
0.6458882619  
2.403481843  
3.582106943  
1.752248774  
0.7887440391  
0.9115878883  
0.662006513  
-1.559968807  
-2.228593555  
-2.322645334  
-0.6221220163  
0.3121079758  
0.4875329416  
-1.109796783  
-1.00933353  
2.241540051  
4.028506856  
2.89052483  
-0.3716920204  
-1.555582626  
-0.3915269834  
0.1019014596  
-0.6485950285  
-1.986636672  
-1.93224805  
-0.995238734  
0.06028302504  
0.2570805793  
-0.2577239437  
-0.5919111222  
-0.8485480978  
-1.706856354  
-1.444542266  
-1.563371516  
-3.030817315  
-1.783927936  
-0.2828980895  
0.282392678  
0.6661884336  
1.758016294  
3.038558403  
3.523698783  
2.463943913  
0.9972603283  
-0.5368159649  
0.1866690598  
1.254914882  
3.176213866  
2.518146622  
0.1572942283  
-1.756204857  
-1.722414011  
-1.141075156  
-3.523729503  
-2.808372591  
-1.896467524  
-0.3113179236  
1.744503229  
0.7231923512  
0.6054553209  
-0.03948588162  
-0.6505091908  
-0.969478072  
-1.990522384  
-1.012710638  
0.9742561935  
1.103177648  
2.003577308  
1.358998646  
1.077753349  
0.7498451492  
1.759899952  
2.89277773  
1.974373112  
-0.4186230833  
-1.597513696  
-2.831635055  
-1.901334931  
-1.740155555  
0.709189967  
1.580319705  
-0.8223600691  
-0.783371758  
-1.615608813  
-1.991277301  
-1.650252479  
-1.965979205  
-0.9577487343  
0.1698755571  
2.760446049  
2.889611551  
2.514056613  
2.473070813  
4.640732586  
3.793396237  
-0.4771334434  
-4.742057896  
-3.521834587  
-2.052484853  
-2.087799864  
-3.814987767  
-2.009734535  
1.33695149  
2.648118493  
2.542627795  
1.02672168  
-0.9271180118  
-2.419495657  
-1.273348257  
1.075388702  
0.9661312648  
1.827390274  
1.09408778  
0.467321422  
0.9592554798  
1.865115891  
0.07362694369  
-1.743449804  
-2.069713346  
-1.703489321  
0.08700979459  
1.604590776  
1.222449371  
0.5565567498  
0.2511896729  
0.04031131698  
0.1156474577  
0.6669358876  
1.543809314  
-0.1151022441  
-1.238706369  
-1.024792396  
-0.6836554504  
-0.7371365901  
-1.288286031  
-1.351916829  
-0.7041015225  
0.2544159269  
1.765773007  
2.382932  
1.895770792  
1.032667228  
0.4198742372  
-0.7126407916  
-0.2981086261  
-0.9555757652  
-2.900776635  
-1.538106227  
0.6425753462  
0.1869824172  
-1.539425519  
-2.619557504  
-3.447366365  
-3.231806328  
-0.5896155948  
-1.268762081  
-2.081757746  
-2.882009494  
-1.259213251  
0.2122253101  
0.2406675417  
0.3897367852  
0.5478666908  
1.651274505  
1.782036425  
0.06031793616  
-1.000662329  
-1.99279705  
-0.6232067099  
0.6194752009  
-0.6803636834  
-2.248248149  
-1.33685205  
-0.2915804692  
1.727822661  
3.92664042  
4.071819495  
3.453506931  
3.526014837  
3.745626729  
3.167833044  
1.438367889  
-1.855774389  
-2.268931273  
-2.549511353  
-2.839378334  
-2.53305545  
-1.096955702  
-1.451650639  
-0.2742971496  
1.855412571  
3.751022594  
2.40098882  
0.8598906665  
-1.349133093  
-0.5919686189  
-0.3616278212  
0.5961482353  
0.07769744538  
0.8046050572  
0.2821399311  
0.4990132286  
0.9068688615  
1.244989952  
1.525758124  
0.4124266869  
-2.001181274  
-2.952223055  
-0.8255247347  
0.3584618713  
0.9080445417  
0.540503128  
0.6886785351  
0.5473515039  
0.1421639397  
0.7652434378  
0.2394051679  
0.422271901  
-0.8578227899  
-1.303953181  
-1.54656937  
-1.746308403  
-1.244514939  
-0.07835970146  
1.356180221  
1.064835127  
-0.4013259447  
-2.122712777  
-2.051498273  
-1.306765711  
-0.733220492  
-1.835923734  
-1.520454394  
-0.3352690446  
0.2824191029  
-0.1649311157  
-0.5865449979  
0.9958654269  
2.424157916  
3.558268177  
3.279519514  
1.185795499  
1.378890192  
0.8882862888  
-0.2924975396  
-0.8150122074  
-2.49139067  
-1.603297177  
-0.4246622682  
-0.1822610602  
-0.25893784  
-0.8671605711  
-0.01076737971  
1.242638961  
1.553841504  
1.906819834  
1.096354794  
0.5774850467  
2.084336633  
3.106342438  
3.77902227  
2.84574806  
1.017511041  
0.6613236529  
0.6533397941  
0.9916770903  
-0.0466632895  
-0.6600745434  
-0.3348166755  
0.7031795791  
0.5211489402  
1.663729901  
1.094253528  
0.808890317  
1.53069057  
0.8977679316  
-0.674343619  
-2.619616878  
-3.67173189  
-4.332462195  
-4.383071196  
-3.104764141  
-2.421562773  
-1.379712694  
-1.43785573  
-0.7888322283  
0.0883466474  
1.400818741  
2.740197027  
3.309118137  
3.169669567  
1.377017443  
-1.487907474  
-3.046343537  
-2.403730991  
-1.066261781  
-2.4323162  
-2.37169479  
-0.4040329193  
2.035081992  
3.770571331  
4.47122095  
4.429283036  
4.651872707  
3.092472786  
0.7650934339  
-2.078736  
-3.444215381  
-3.295713223  
-3.883215335  
-4.078538689  
-2.717485656  
-1.651285534  
-0.5890668866  
0.4558231287  
1.81214232  
2.258412529  
0.7096155941  
-0.3265341042  
-1.189411348  
-1.753765941  
-2.276097938  
-2.122445728  
-1.275448328  
-0.9951021782  
0.7288428119  
0.6559689129  
0.5708744783  
0.3888450678  
0.5495304276  
0.05951041991  
0.04295629407  
0.3247616063  
-0.136795755  
0.9159451517  
1.148278382  
0.2040499365  
0.1873405203  
-0.01220447765  
-0.2116394343  
0.3324893628  
1.080199757  
3.472444009  
4.887319253  
3.3093791  
0.9260626403  
-1.029486148  
-0.9419238886  
-2.355698482  
-3.047968795  
-2.642059243  
-2.942407109  
-2.824886469  
-1.970299856  
0.6605536082  
1.038707934  
-0.4462773989  
0.4884517852  
1.646496523  
2.426571714  
3.775698601  
3.669283631  
2.009639857  
1.51023386  
0.4533404274  
-1.592844924  
-1.566909682  
-0.2883056115  
-0.7356562916  
-1.643225301  
-2.733576133  
-2.264494793  
0.09852927982  
1.413639315  
