-1.920944955  
0.3632444066  
1.272143979  
1.047437655  
0.720447843  
2.136261031  
2.391370103  
0.8226412412  
0.6172192709  
-0.3073433195  
-1.367616702  
-1.72231136  
-3.973637436  
-2.828277024  
-2.885312185  
-1.453713435  
-1.537273741  
0.5755440273  
3.110044176  
1.848625527  
1.406979588  
2.338156673  
3.758881982  
1.682667727  
-0.04596655108  
1.513966566  
1.733119891  
-0.6615963745  
-1.702168725  
-2.618014285  
-0.9976213703  
1.997964949  
0.4113137338  
-3.655051542  
-3.448910389  
-2.93428227  
-4.095719655  
-2.281171073  
-0.07774532402  
0.8271200655  
0.4149917772  
0.9989982437  
3.288730174  
1.54606764  
-1.23555848  
-0.5690169607  
-0.4977669087  
-0.9443095322  
-1.090617409  
-1.474270889  
-1.08272865  
0.1808466074  
1.277864634  
1.767507424  
4.300187661  
6.201418942  
2.224819168  
-2.250850649  
-4.347384901  
-5.228788944  
-4.62230997  
-2.623788129  
-2.729348598  
-1.680988174  
-0.8057561341  
-1.985920657  
-3.192679603  
-0.2118994749  
0.3100204807  
-1.11633115  
-0.8423989761  
0.0161724862  
0.7724642458  
1.412830361  
1.811828325  
1.904882704  
3.157487015  
4.293505971  
2.308100363  
0.3750430518  
-1.111308234  
-2.323961972  
-0.1916851846  
-0.6896707532  
-0.8894935307  
-2.380552721  
-1.078997445  
-1.279878547  
-3.293675837  
-3.395790433  
-1.274959721  
-0.8436868374  
0.7651292485  
0.1883277299  
1.490166557  
3.421064916  
4.291373165  
3.680100548  
2.308693045  
1.884802834  
0.8968064375  
0.585459027  
1.139431251  
-0.1920264237  
-0.9624869849  
-0.3539949083  
2.41957408  
1.439493897  
0.8659777282  
0.7987589262  
0.8079522608  
1.241062007  
-1.133893722  
-2.150925944  
-1.796249655  
-0.4243236244  
-0.4807778747  
0.894922431  
1.880193444  
-0.499820876  
0.4948038024  
0.6422573132  
-2.990588379  
-1.954515048  
-1.769098198  
-0.1912625774  
0.5377152988  
1.180087808  
2.204956425  
1.694386225  
2.632992109  
-0.5456211836  
-1.435575429  
-2.378067431  
-2.477274562  
-2.890674732  
-3.480023362  
-4.684842658  
-1.541281581  
0.465702346  
0.5738940413  
0.2373352036  
0.4741987053  
1.372737751  
0.9199201872  
-0.5736021115  
0.2523663777  
-0.4503950554  
-0.3774008106  
1.484964427  
3.375432274  
2.473315697  
0.5836339352  
1.081902834  
1.236983237  
1.031089734  
0.8212826053  
0.1265310631  
-0.8548854955  
1.276187277  
1.893898226  
-2.532088508  
-1.647237735  
-0.4112254283  
0.9583313251  
0.1479903673  
-2.928449608  
-3.021445458  
-1.175249071  
-0.3422603692  
0.1688030139  
-0.6445732183  
-0.6132451814  
0.5794076498  
2.828271782  
4.699228803  
2.747712691  
1.26016038  
-0.4677434592  
0.2837971888  
-0.08064653093  
0.4990375037  
0.8547807882  
-1.368918089  
-1.453347708  
-0.952069357  
-1.958033145  
-0.9545940964  
1.42771602  
1.189420862  
-0.3002796614  
-0.4690517186  
-0.1759307985  
-0.469749375  
-0.7719177168  
-0.7281351559  
1.64094024  
1.197498843  
-0.4399493148  
-2.905159994  
-2.36992257  
-0.5044513111  
0.1814398338  
2.00203555  
0.9115177469  
0.3181188038  
2.4827359  
3.298576425  
0.5072814683  
-1.066533683  
-2.270740376  
-2.718063979  
-2.919748629  
-1.928616332  
-1.900622304  
-0.6007917286  
-0.5200241772  
0.6383979023  
0.3055201992  
-0.7297218618  
1.358900173  
1.981062689  
2.901003365  
-0.7086362492  
-1.27202965  
-1.200649254  
-0.1986502534  
-0.1514740414  
0.8696809803  
0.4360233449  
1.548390682  
0.6990382251  
-1.114580788  
0.6810436453  
2.001575455  
2.320542278  
1.492492298  
-1.298788978  
-1.178515762  
-1.458900159  
-0.6785262417  
1.285318158  
2.058280374  
0.8270302306  
-1.601542637  
1.188261925  
2.021089701  
2.578592596  
0.537877876  
-0.02541776995  
-0.7874546532  
1.00528084  
0.3757324395  
-0.7856820251  
-1.185523397  
-0.473948146  
-0.1885164869  
0.5078815504  
-1.497415666  
-2.046438044  
-1.141502779  
1.247332543  
1.742682409  
1.852707893  
0.8140732464  
1.326222641  
1.257950629  
-0.1187944379  
2.052255219  
2.261507926  
4.281801438  
4.196286423  
0.1829096088  
0.9209991728  
-1.235963212  
-1.445631868  
-1.206453602  
-4.491485907  
-3.41932465  
-2.478434734  
-1.367281154  
-0.7540019428  
-2.304320892  
-1.462159235  
-0.7670368224  
1.045643119  
2.113858878  
1.873597812  
1.301317061  
1.068498164  
0.2983076629  
0.1402160989  
0.7357883038  
0.03381109502  
-0.9820887715  
-0.2774491697  
-0.7060637433  
-0.3648430403  
1.962823921  
4.551182902  
2.990441831  
1.099436731  
-0.3752800248  
1.676119214  
1.948015585  
-0.8131526857  
-2.255437981  
-2.512157827  
-1.79285937  
-1.119561547  
-1.861233608  
-2.495890028  
-2.885348414  
-1.773546389  
-1.763151124  
-0.3290848059  
-1.839281696  
-1.31313828  
-0.7033002939  
-0.8623049096  
0.6607679405  
2.117149721  
3.673421878  
3.787651223  
3.954546919  
2.038554584  
-0.5717650679  
1.545564169  
0.18740495  
-0.6658505324  
-0.8252740308  
0.5649985779  
-0.1335345459  
-0.3709775975  
-0.9655505569  
-1.022672823  
-0.404386756  
0.06993721132  
-1.446108619  
-0.8811867193  
0.6306418625  
0.8465776522  
1.583005133  
-0.6484261111  
-1.083910328  
-1.955827932  
-0.2651614377  
0.5082647789  
0.2696220556  
0.9957626104  
-1.358170019  
-0.2159174921  
0.3954570804  
1.210763604  
1.510167915  
0.7529896307  
-0.8978012333  
-0.8318462553  
-0.8677089329  
0.100869755  
0.2524723582  
-0.08233499559  
-0.5767822485  
0.9926746349  
0.7799722168  
-0.8270871436  
-1.030797973  
-1.188119145  
0.254757966  
-1.576627177  
-2.263958604  
-3.324268357  
-2.368366596  
-1.606952571  
-0.4727639389  
0.2320694687  
-0.2403312717  
0.1699284211  
1.370009849  
2.805589334  
2.700985521  
1.175408371  
-0.6214992804  
-0.9719966739  
-1.94194602  
-1.810373105  
-0.7907138527  
0.397645101  
1.575888283  
2.531655862  
2.760201839  
1.202891009  
-0.185546152  
-0.5269512872  
-0.2865151145  
-0.6858127638  
-2.470091106  
-0.5237339495  
1.130158605  
2.629207464  
3.426515274  
2.040486245  
1.437534066  
0.9614483775  
-0.122526845  
-1.855860317  
-2.125729566  
-2.851084675  
-3.305869047  
-2.27873885  
-3.078293462  
-2.250585518  
-0.1427233562  
0.3858805165  
0.8647045513  
1.432378987  
1.763628396  
2.383986876  
2.816815646  
3.047236783  
2.074619585  
-0.1703156075  
-0.4839222646  
0.1150271289  
1.157214953  
2.302613371  
2.341758246  
-0.05758885379  
-0.2026699951  
1.381293948  
2.519380495  
2.731109781  
0.07548294175  
-0.5006123342  
-1.665738607  
-1.245073008  
-1.200895426  
-2.802662056  
-2.94069534  
-3.664725116  
-1.863484374  
-1.714421088  
-2.16140204  
-2.056495311  
0.4238049742  
2.425050976  
2.113443983  
0.1940045608  
1.099338291  
-0.3256616908  
-2.393671288  
-2.600791711  
-1.565713719  
-0.5835061485  
-1.990966869  
-1.144786902  
0.3800668796  
0.6493519673  
3.60342078  
1.637369126  
0.7785380493  
0.7659424685  
1.331755835  
1.861049226  
0.3425415937  
0.2912244325  
0.5297769195  
1.400352184  
1.982879031  
1.260241392  
0.3022050068  
2.304801276  
2.972531442  
3.303301493  
3.918931237  
1.06955011  
-0.5859085573  
0.6185140326  
-0.02172184375  
-0.6800104996  
-1.070523611  
-0.3318631573  
-0.3902619511  
0.2048464827  
0.9473258492  
-0.2136571263  
-2.321149836  
-2.915499444  
-3.241114296  
-0.9401391988  
1.559478017  
1.253440645  
0.4581414276  
-0.07383739351  
0.4874548455  
-0.2616976146  
0.6165089489  
1.169619378  
0.9031728266  
-0.08522618419  
-0.8735248625  
1.49367875  
2.833678049  
4.236546972  
1.323751477  
-2.678245101  
-3.185189994  
-1.892427136  
-0.3624317659  
-0.003129300147  
-0.3307011406  
-1.044876265  
-1.267846123  
-1.732261965  
-0.9662646747  
-0.007421293434  
0.9684683972  
-0.07162451542  
1.145303552  
-0.08342750383  
-0.2194602365  
1.880960964  
2.389776224  
-1.445739724  
-1.497024026  
-2.400217808  
-2.803682102  
-1.658684877  
0.2484167727  
0.9784032449  
-0.1509543695  
-0.5796378919  
-0.9956009194  
0.1126364488  
1.619429073  
1.178656414  
-0.9032922063  
-0.4065011388  
0.01787936763  
-0.897645357  
-0.4141750288  
-0.7550092621  
-1.757873498  
-2.239491696  
-2.205090275  
-1.782208643  
-1.07009988  
-0.5427343982  
0.1024922232  
-0.404423524  
-0.220546571  
0.4849005266  
1.529528562  
2.571040655  
2.245608503  
1.912860651  
2.441930418  
0.2902164737  
-2.531042348  
-4.378100378  
-2.562039441  
-1.552418341  
0.3281812925  
1.099455108  
0.5367085687  
-0.4985684009  
-2.21287061  
-1.185701934  
1.114909347  
1.861948231  
2.451637695  
-0.09900290449  
-1.134181923  
0.5728305736  
2.15939439  
2.543234196  
1.975358003  
1.88715462  
2.329541242  
1.853672691  
0.03183190935  
-2.196582939  
-2.048549206  
-1.408573751  
-1.067316165  
0.22211934  
-0.4437350778  
0.149889272  
-0.2958732573  
-2.364202691  
