4.251366538  
0.8327337397  
-2.205907468  
-1.734931222  
-2.849347462  
-4.817552995  
-4.013841144  
-0.02494286593  
0.320143872  
-1.423883506  
1.076505563  
2.766547344  
1.600468671  
0.9068059387  
2.276767531  
2.474199425  
1.431191093  
-0.7586173015  
-1.572846818  
0.4019413727  
0.988271494  
-0.9469680122  
-2.076583637  
-0.3857004512  
1.032310187  
2.326710559  
1.152640552  
2.163213678  
2.961445806  
3.136590783  
0.4187318605  
-0.9203735319  
-0.7392859469  
-1.158557082  
-2.06315413  
-1.209808341  
1.418781006  
0.5228076987  
-1.202690398  
-1.017074652  
2.153370712  
2.977021791  
1.068487055  
-2.031413259  
-1.882205276  
-1.513204094  
-1.814919016  
-1.082635435  
0.4117152465  
-0.08490124563  
-1.946667674  
-1.065233288  
0.06359209775  
-0.3160495013  
-2.757815571  
-3.951321871  
-1.797660455  
0.5169570325  
0.6149135141  
1.743365977  
3.757460335  
4.959514585  
3.159254905  
1.540870585  
1.661202618  
3.149338758  
0.6317417335  
-3.065808284  
-4.50892786  
-3.206545759  
-2.383144286  
-2.932389041  
-3.310341902  
-3.39241227  
-1.886754681  
0.6138903688  
0.7389016649  
0.4427544211  
1.28056258  
2.373177953  
2.716376034  
1.829499124  
0.5476137301  
0.03746155943  
1.106725995  
0.1912020879  
-0.2532238489  
0.6786853846  
3.930918548  
4.327773719  
4.004736322  
3.522490132  
1.223520836  
-0.5346990426  
-1.91235428  
-5.045432927  
-6.733048415  
-6.188110337  
-2.421493113  
-1.450506842  
-0.9168381304  
-1.067598743  
-0.608549704  
1.612265604  
3.828098457  
1.73341924  
1.369457358  
1.537592268  
2.815122717  
2.667048063  
0.8549212004  
-1.191779745  
-1.534867609  
-0.1269818885  
0.0535730402  
-0.4749041167  
-1.181556531  
-0.9937096338  
0.5100867094  
0.0986516891  
-1.422527212  
-2.174542082  
-1.510029905  
1.450775619  
0.7772531829  
-1.113195819  
-0.8705628284  
1.006991547  
1.668522199  
0.9889780876  
0.8656978533  
2.381167392  
2.877475279  
1.494950448  
0.8835721356  
0.8989193214  
1.894830473  
2.730923188  
0.5762077134  
-2.789016888  
-4.179092145  
-2.045592427  
-3.934746465  
-5.200052578  
-3.353750957  
-0.6012036866  
0.605384244  
1.335352898  
1.217027046  
1.444431537  
2.532110002  
2.610486864  
1.052232312  
0.6063672333  
-0.7080411681  
-1.182926823  
0.04980623002  
2.239697432  
2.823616503  
0.7871966979  
0.4366766302  
0.7390055715  
-0.2429952666  
-1.778482488  
-2.525080174  
-2.608094983  
-2.231253889  
-1.143786833  
-1.060231709  
-1.162053496  
-0.07847580901  
2.075834374  
4.016527338  
3.364019378  
1.728834772  
1.092812116  
0.5779646142  
0.1815139831  
-2.53641056  
-4.158488249  
-4.745812747  
-4.140407959  
-2.533515808  
-2.723920896  
-2.3919494  
-0.1388292834  
2.766216419  
2.770644858  
0.5761935823  
-0.291499124  
-0.1714446937  
0.4262990057  
-0.5590501405  
-1.052834382  
0.04806652312  
2.381470361  
2.89217716  
1.851463045  
0.3834171681  
1.116732196  
2.351189238  
0.8245881655  
-0.2523180963  
-0.5226453461  
0.1269296223  
-0.8821505386  
-1.672716698  
-0.3136898479  
0.4361015094  
1.695504327  
1.746884717  
1.633458384  
0.7111841989  
2.624049124  
3.472281255  
2.238088311  
0.8762737292  
0.7175631224  
1.059985377  
-0.4318752905  
-0.9069348196  
-2.184610884  
-2.763408824  
-1.680933577  
-0.7672557517  
0.01121485462  
0.1859688956  
0.8094107603  
1.459600221  
1.523962923  
-0.9184498028  
-1.787942894  
-1.016000166  
-0.7258330202  
-2.762555674  
-3.928412544  
-2.305249816  
-0.5992554658  
0.5785293254  
0.9227913565  
-0.5715432634  
-1.307269144  
0.6130265355  
3.250760278  
4.018759127  
3.443402271  
1.930863815  
-1.379692765  
-3.120120968  
-3.599875343  
-4.674127144  
-5.614335346  
-3.718282313  
-0.5320711274  
0.424619703  
0.7120347791  
0.4289445718  
-0.2261288503  
0.4397831462  
2.308326111  
2.30494098  
1.923804182  
1.954779295  
1.70447418  
3.459178287  
1.531242789  
-0.8039508546  
-1.530081278  
-0.1651584313  
-0.9019278277  
-2.428742829  
-2.548298579  
-0.7204880009  
1.38755821  
1.961231725  
0.6324492819  
0.0982266091  
0.8578325342  
2.364462778  
2.972226607  
2.02077254  
0.971139987  
1.513623908  
1.053859566  
-0.7558167538  
-1.694489834  
-2.658195528  
-2.41151814  
-0.5696857593  
0.5625020258  
0.430440408  
0.3011551327  
-1.824030724  
-1.713567595  
-0.3837228078  
1.721253516  
2.907300648  
3.124318834  
2.168449084  
-0.7690773971  
-3.508477528  
-3.256994287  
-1.818434933  
-2.993409748  
-3.979261624  
-2.599439863  
-1.24718063  
-1.139017325  
-1.105758769  
-0.188966113  
2.23853512  
4.551835386  
4.030269297  
2.474050406  
2.358423403  
2.218019462  
2.788856238  
1.505993175  
-0.05465106781  
-1.046834123  
-1.737690077  
-2.887540161  
-1.961760756  
-0.5875820137  
-1.807217244  
-1.184530544  
0.4921426129  
1.7595004  
2.005727878  
0.4764851339  
-1.526354235  
-2.662514602  
-2.884731109  
-1.614751834  
0.04329544508  
-0.7619077264  
-0.08986369475  
1.128887451  
3.323347514  
5.142940868  
4.364079258  
4.030438717  
2.704376982  
1.211310179  
-0.4504799937  
-1.250417849  
-2.306708934  
-3.290204042  
-3.6322106  
-2.160929133  
-0.8984446715  
-1.178535165  
-1.438222322  
-0.255299193  
1.261617065  
2.294317162  
2.655707559  
1.529730484  
0.8456947569  
-0.8022523664  
-1.526171055  
-1.854088145  
-1.039966642  
-1.351936221  
-1.313553339  
0.00877517295  
0.9670324541  
0.01837042386  
-2.422427136  
-2.183748655  
-2.218321392  
-2.828031322  
-1.360249156  
-1.916033889  
-1.571039532  
-0.8873951666  
0.04108688707  
1.076148637  
0.05134501859  
0.08222028169  
0.2269275017  
1.515485622  
2.144534888  
1.356232261  
0.7571257616  
1.41225287  
2.685103814  
1.679989611  
-0.04184996642  
-1.650380885  
-1.329555186  
-0.08575623805  
0.6453326929  
-0.03936563179  
0.5927668681  
1.269186115  
2.588117758  
3.886014536  
2.182965804  
0.2909494833  
-0.7998701684  
-2.890835113  
-3.683963701  
-2.945577661  
-3.236693446  
-2.582864643  
-2.05597988  
-0.2379958508  
1.642381004  
3.42168155  
3.229408426  
2.314842582  
2.3915774  
2.930333578  
3.65172661  
4.161273384  
1.977406129  
-1.228551033  
-3.061958923  
-4.754410759  
-1.910449843  
-0.9105508471  
0.008277512499  
-0.841231609  
-0.8658013404  
-1.32921679  
-0.5801040755  
0.975171849  
1.751320957  
0.1308006939  
-0.8978191068  
-0.8062495105  
-0.44362627  
0.7354544758  
1.02651263  
-0.2257588195  
-0.8555715928  
-0.1980683899  
-0.2829167067  
-1.260793142  
-0.8820108058  
1.235328569  
3.371957175  
2.674932972  
0.03638062835  
-1.750098402  
-2.661747517  
-1.645681946  
-1.819957293  
-1.378344908  
-0.1035042515  
1.596656602  
1.690626768  
2.030312223  
3.46194796  
5.411239277  
3.977990934  
0.5967706433  
-3.018408176  
-5.073975436  
-3.383403453  
-2.32016521  
-1.714679256  
-0.640062294  
1.0855739  
2.249966905  
0.4839430083  
-0.2439654508  
-0.7211909258  
-0.8422781139  
0.6016010437  
2.36764266  
1.48751063  
0.6115924601  
0.7395745141  
1.083323718  
2.117232581  
1.034986733  
1.150964492  
0.9522197412  
-0.5916680351  
-0.2910929808  
-0.1554167937  
-0.6941268903  
-0.359626394  
-0.2922600071  
1.468506312  
2.898481577  
3.087468076  
2.69522767  
2.013302086  
1.037410666  
-0.2921254672  
-1.240258882  
-3.345970873  
-4.877011856  
-6.391634292  
-6.014068537  
-5.235411804  
-3.492022625  
-0.8584770602  
-0.5880133279  
-0.3246325996  
0.413623979  
1.538647603  
3.170370127  
4.108490939  
4.349397736  
2.969734151  
0.5910817272  
-0.01647121295  
0.6418491957  
1.243697552  
0.5445667037  
-0.7866535138  
-1.622005154  
-1.778312749  
-1.563071866  
1.060256683  
1.564755843  
1.450507259  
0.3585932459  
0.0955843124  
0.2184529636  
2.519595832  
2.747468054  
2.037374507  
2.0790125  
1.566119443  
1.508085411  
1.623303148  
1.948210246  
0.3056672258  
-3.10997572  
-4.725580051  
-4.515822749  
-4.198761617  
-4.019525434  
-4.696456052  
-4.207865732  
-2.614208366  
0.05854396127  
2.082589881  
4.046057388  
3.648555685  
3.102608674  
2.223397428  
0.6120680447  
1.705176546  
1.694168362  
0.7893932586  
-0.6897905501  
-2.344396824  
-3.036027904  
-3.062517517  
-3.102345408  
-3.338456829  
-2.663216569  
-1.054347135  
0.6515236767  
2.38547298  
2.500637604  
1.375758805  
0.40703439  
-0.5252211283  
-0.4247024449  
0.4132057029  
-0.8609763325  
-2.879435765  
-3.38620426  
-2.367101405  
-0.01594881038  
1.164400338  
1.093491852  
1.495940388  
0.4468805846  
0.2628427922  
1.879043483  
2.861586322  
2.192500235  
1.173715693  
0.998575412  
0.1897539245  
0.7072724494  
1.051427432  
0.6413290319  
-1.358200684  
-1.810873463  
-2.096666265  
-1.244296691  
