1.948094559  
1.024625925  
-1.23337762  
-1.58385528  
2.207129085  
0.01921359827  
-3.333621315  
1.548302783  
1.765738024  
1.063070118  
-0.3169854734  
1.20225292  
-1.113749574  
-3.6401015  
0.221741522  
-1.389058786  
2.532382378  
-0.2938343012  
-3.426598147  
2.086934843  
2.3657435  
-0.7569489622  
-3.176910685  
2.438706563  
-0.0114700703  
-1.460857705  
1.97440964  
0.4522519159  
-3.191387918  
0.6411666082  
1.027585647  
-1.243895119  
1.333046474  
2.978102757  
-0.4082792088  
-2.368322711  
1.906204948  
-0.7809125501  
-0.28404444  
0.2166611475  
-2.822619203  
2.321517111  
-0.3541048864  
-3.516172135  
0.9300545113  
0.07582814051  
-2.138295609  
1.436237268  
-1.178788126  
-1.033446149  
-0.05535481192  
1.628874696  
-0.1407875112  
-0.3089635095  
0.8034966873  
-2.164146466  
1.454216354  
2.929332202  
-0.345895704  
-3.03423541  
2.013321876  
0.1185207034  
-1.865516019  
1.552433731  
-0.118024843  
-0.8304430514  
2.878290774  
-0.7761014765  
-2.945808991  
1.92619795  
-0.2679340232  
-1.845509803  
1.837476565  
0.5728421909  
-1.421535615  
2.619994731  
-0.5471215251  
-2.147121619  
1.723421286  
-0.6107870361  
0.2593016568  
0.05824017259  
-2.558732749  
2.620937995  
0.5177116031  
-1.17836057  
2.218372629  
-0.3126642862  
-1.508312485  
1.403501335  
-0.872788114  
-1.436547368  
0.8087830507  
0.5418249616  
1.604892669  
-0.6487751823  
1.43761681  
0.5747999006  
-0.8301539399  
-0.1199726667  
-1.605563796  
0.4273805213  
-2.597006232  
1.629255424  
2.588867921  
-0.01243140375  
-0.01929024748  
0.5064106334  
-1.995640445  
1.893169894  
-0.7289466786  
0.8632015893  
0.6104515362  
-2.190762949  
1.738866338  
-0.5426626288  
-2.707276893  
1.217225237  
-1.397046205  
1.682574013  
-0.1578642946  
-2.93053951  
2.409449145  
0.7896647426  
-2.157380286  
-1.766181228  
1.619338866  
-0.1720292633  
-2.319503669  
1.74786503  
-0.5462138718  
1.899971926  
0.6321372248  
-0.5559882631  
2.333614384  
0.2012504164  
-2.838922854  
1.998487247  
0.1497557752  
0.6987916416  
0.9588707423  
-2.753755681  
-0.2002092223  
0.5968416118  
-2.091113222  
0.9827028487  
0.5010479238  
-0.3328875837  
0.6977542026  
-1.378864989  
-1.46418559  
1.148172532  
-1.156138091  
1.530029372  
-0.3836291186  
-2.399599595  
0.3703477465  
-1.957026031  
2.073419987  
-0.5595507245  
-1.220672813  
2.439067217  
-0.1307748318  
0.9746211551  
0.5344062023  
-1.578506443  
2.721808429  
0.2346132923  
-0.8385122272  
1.580480991  
-1.186537532  
1.265249889  
0.7197907974  
0.3020250064  
-0.01853999944  
-1.934923966  
0.4961447878  
-1.888146319  
2.640710339  
0.5098711357  
-0.7102696275  
1.823851954  
-0.4655648307  
-0.7056430488  
1.818869694  
-0.1355828797  
-2.875567507  
2.253614034  
-0.4782022753  
-1.915357776  
0.4054180872  
-1.302594812  
0.2636356004  
-1.761420023  
0.567735469  
-0.5373472688  
1.134913838  
1.877732463  
0.4207193795  
-1.986755809  
1.146676093  
-1.042321941  
0.5295228256  
-0.05352812531  
-1.603988554  
2.020641437  
-0.4572815998  
-1.221735583  
0.38079181  
-2.69626022  
2.135741695  
-0.2925237186  
-3.484481267  
1.596201839  
0.7182994774  
-1.10881043  
1.774968536  
-0.1265935424  
-0.8676253769  
0.8729496834  
-1.477521868  
1.109403531  
-1.510469636  
2.202357632  
0.1051527587  
-0.3200572459  
0.3369978628  
0.1694114166  
0.1508811742  
3.08684228  
0.5681730666  
-2.863688689  
1.582697263  
-0.07772167185  
-0.9897869337  
0.3865006016  
-1.807157594  
1.825928042  
0.2026167816  
2.170231837  
-0.1269644087  
-2.514796187  
0.1298648927  
-2.43265212  
2.083321131  
0.261199976  
0.9953507557  
-1.022034829  
1.559309349  
-0.268732758  
0.5420445577  
2.222626022  
-0.1114137637  
-2.457114649  
0.1764738992  
-1.388758999  
0.5012306886  
-2.177502053  
1.563538906  
1.115394337  
-0.05830625558  
0.2960110391  
-1.776376691  
-0.9934187293  
3.155156397  
1.069858065  
-0.1365629455  
1.414401003  
-1.784359411  
0.1542462791  
0.3559219409  
-2.509710338  
1.173664367  
0.2742653434  
2.946090969  
-0.694163971  
-3.761189295  
2.082729611  
0.2759282746  
-1.273922899  
0.4915845084  
-2.395579283  
0.9453414402  
0.6875144001  
0.843424666  
0.478005853  
-1.652061192  
0.2363067899  
-1.681080042  
1.060729476  
-0.8869272729  
1.828399385  
0.1838460799  
-0.9999058342  
1.16308193  
1.538654244  
0.8305994936  
0.008333687898  
0.2076744474  
-2.109928132  
1.265884015  
-1.027004668  
2.305907732  
-0.1825227707  
1.25313501  
0.9285044256  
-0.0786441122  
-0.1632384036  
-2.262598457  
0.1834072087  
-1.56085381  
2.810230563  
-0.6011501878  
-2.948581632  
-0.008394367639  
-2.26056827  
0.54161265  
-0.3207901397  
-3.288321749  
1.260960905  
0.4347830845  
-0.5682104676  
1.665893321  
-1.394208866  
-1.417380472  
0.3085168018  
-1.499948096  
1.03208182  
-0.2113863265  
0.0298882141  
1.966124329  
-0.6906662356  
1.848953672  
0.785938987  
2.635200506  
1.025450042  
1.597070694  
1.036503793  
-1.822838145  
1.081466776  
-1.177536189  
-0.5398544799  
-2.494401652  
1.412864231  
1.047881347  
1.165002316  
0.243647258  
-1.84086131  
0.5560466468  
-2.110710927  
1.700831886  
0.2427188505  
0.7354085078  
-1.021670361  
-0.1224772685  
-1.152518949  
1.507641677  
-0.3702157595  
0.323950904  
-1.418822835  
1.21641137  
-1.371684493  
3.031243939  
-0.2844646688  
-3.579889541  
0.9838404038  
0.1673737757  
1.606050869  
0.7263440807  
-1.40156849  
-0.05585594745  
-1.417956146  
0.6149757495  
-1.435381119  
0.8165195317  
-2.465004529  
-0.6075477899  
1.999481099  
-0.2202570515  
-0.686093439  
0.06896335872  
-1.771750113  
2.582428722  
-0.5017089182  
0.07079570047  
-0.6385282255  
1.457493794  
0.2359997295  
1.137613244  
-2.029875473  
-1.317222536  
1.181645998  
0.3121116558  
1.588664467  
-0.008915061296  
0.5317029702  
-0.6248503425  
1.048383529  
-0.6399705807  
0.3221917475  
0.3215009696  
0.989575274  
-1.436038631  
1.422905496  
-1.075992984  
0.6331990979  
-1.966404293  
0.6252517991  
-1.545377817  
0.3275461491  
-1.023469778  
0.289314024  
-2.954714957  
0.4325400993  
-1.762672224  
1.075864664  
-0.03255517693  
0.9460338478  
-1.116182286  
0.6579859573  
1.051169868  
1.083244307  
-0.3422537499  
0.3755799386  
0.9273112307  
-2.159095177  
-0.4875750539  
2.134635459  
0.2470778562  
1.642154865  
0.156302311  
0.2876937747  
0.4052485713  
1.159610465  
-0.2368886299  
-0.08458813547  
-2.288628961  
1.487165993  
-0.6926533467  
1.489722765  
-0.5161886326  
-0.8246895081  
0.3498524783  
0.5383391855  
-0.2098103201  
-2.106587081  
1.760513378  
1.68842976  
0.5676107284  
-1.260187956  
-1.666687329  
0.7818206099  
-1.458221089  
0.3634450882  
-1.739717573  
0.01304633294  
1.849592526  
-0.2217686596  
0.3108635393  
0.8569326286  
-0.3243285515  
0.890900411  
-1.079810647  
-1.15511516  
0.6311410905  
-0.5253386727  
-0.9011923635  
-0.09678390241  
1.03162581  
-0.3915929991  
-1.777128484  
0.5492537713  
1.389157076  
-1.563089767  
-1.090646038  
1.440733955  
0.6121825972  
1.170465006  
-0.2496871763  
-2.04956245  
-0.06551991966  
2.817090877  
1.468347742  
-1.088485327  
0.1862081904  
0.8607151712  
-1.447351427  
0.8987551981  
-1.322064681  
-0.03731746306  
1.610830868  
-1.789309859  
-0.2239126955  
2.229062153  
-0.7021950604  
-0.08756498567  
1.710314874  
-1.657315799  
-0.6077209734  
1.395931139  
-0.6621476292  
1.17233262  
-0.6948929754  
-1.988715348  
0.1211444126  
-1.8729461  
0.2432804406  
2.351934725  
0.5735917086  
-1.605659443  
-0.9817325124  
1.613219781  
-1.069780056  
-0.1407211287  
2.134847024  
1.190312534  
-1.327326892  
-0.3612700947  
1.2220265  
1.765217595  
-0.5133796586  
0.02151314649  
1.3521675  
-2.005579843  
-0.3499987001  
0.9116191414  
-0.1701542916  
0.5125922997  
-1.947721242  
0.04397130866  
-2.561433654  
-0.6900652562  
0.9869013935  
-0.1193651191  
0.772109088  
-0.7353820406  
1.608972717  
1.240370549  
0.3990908215  
-1.130672558  
-2.596218694  
0.1057063068  
-0.9625017112  
0.6629077857  
0.1637814237  
-0.5986380634  
0.486357308  
-1.261897111  
1.217551753  
0.114752347  
2.514240132  
0.5043126477  
0.0261398629  
1.55662022  
-0.2927915457  
-0.6525300282  
1.732568381  
-0.4747031081  
-0.8751123786  
1.419657278  
-0.3893650035  
-1.056114015  
-0.6776768438  
-0.3318010534  
-2.561861529  
-0.5630657711  
0.670292351  
-1.059465267  
1.171784078  
-1.488640934  
-0.9694254214  
1.760091657  
-1.264829391  
1.011461642  
0.02213512828  
-1.344073201  
-1.013536594  
-0.9234662016  
0.9845428845  
1.903980339  
1.584892249  
0.1890826821  
0.1583600975  
0.4168326139  
-1.387836917  
1.92656852  
0.838885925  
1.845055156  
-0.5576831033  
-3.187587144  
