0.5927826881  
-1.349274817  
-0.07000378438  
4.065871375  
-1.368509313  
-2.099141231  
-0.001169942786  
0.3425097595  
-1.121212963  
-2.305284414  
0.5507659636  
0.6312179764  
-0.1334444827  
1.310093574  
-0.7652171024  
2.906624818  
-0.6883993852  
-1.032941689  
0.6857994627  
-0.7482183156  
0.7526052235  
-0.4508310071  
0.1473395349  
0.512854626  
0.4094903734  
-1.273381671  
-1.912719918  
-0.453487467  
3.511720525  
-0.9749389636  
-1.33522187  
-2.193812776  
2.750326532  
0.1614044531  
-1.011436583  
1.716086871  
2.384338516  
1.520162059  
-0.6792928068  
-2.034995354  
4.262832157  
-0.5988465056  
-2.615428779  
-1.175190653  
1.614998764  
0.01861905573  
-2.064178035  
-2.314178796  
2.111438512  
2.850275795  
1.712106608  
-1.543243933  
1.176686057  
-2.036252618  
-1.982050224  
-2.180177774  
1.707539824  
0.9712101779  
-0.1430758189  
0.9197509504  
0.7368058992  
1.960979235  
1.481456377  
-2.040709794  
-1.688771908  
2.761668412  
0.8601097815  
-0.3942933569  
0.4826805608  
-0.1635248311  
1.095449487  
0.6533009689  
-2.16318102  
-2.061753529  
3.772809845  
0.01732301105  
-0.5305801298  
-1.036241028  
-2.165861999  
1.818209751  
-0.965606584  
-1.132397624  
-0.1977221864  
0.5465574707  
3.276544201  
2.074893985  
-1.833826822  
-1.174475115  
5.422642309  
-0.6216690984  
-2.385540916  
-3.538471359  
-3.109404144  
-0.3725923642  
1.130108325  
0.1297766633  
-3.54714701  
-2.97736038  
2.424706335  
1.680794882  
1.402436594  
-0.9587528146  
-1.170970771  
1.193794577  
0.884267911  
-1.396591163  
-1.598815371  
-2.048340348  
2.6293929  
1.101385139  
1.732251744  
-1.715597017  
-0.8016654893  
3.248737101  
-0.5229313052  
-1.190966434  
0.1375054429  
-1.59802661  
3.903662077  
-1.315505946  
-2.182356626  
0.5113770104  
0.3445931635  
1.587075186  
1.854828401  
0.9266304794  
-2.246050618  
1.425287004  
1.288370421  
-1.196482302  
-1.0763094  
1.325250421  
1.699614467  
0.6632889686  
-2.152865864  
-1.955592716  
3.122342961  
1.030485395  
0.1320770004  
-2.475874594  
-0.5990607229  
2.22060215  
0.5381751475  
-1.78166792  
-1.642437822  
1.321016442  
1.330613332  
-0.6675556741  
-0.1877484911  
-3.055747137  
-2.262846898  
-0.3307596881  
3.534802925  
-1.006425704  
-2.993207604  
-1.592532153  
-1.391219798  
5.322103452  
1.089283363  
-0.951576403  
0.9178919765  
1.237313318  
1.45102365  
-2.248914455  
-0.4151426406  
-0.2538333555  
-0.2056645671  
2.153235259  
1.653567747  
-2.686310584  
-1.295801987  
0.9564498279  
1.859424058  
-1.109250593  
-3.581067724  
-2.866553178  
-0.8301203191  
3.470903547  
0.1638954292  
0.379320962  
-0.4255085247  
-0.8091141512  
1.982371507  
1.647541751  
-2.584048769  
-1.211467654  
4.962886016  
0.9712525912  
-1.185218156  
-0.2813837005  
1.454899642  
0.4163678541  
-2.150756404  
-0.4854024857  
-1.410692282  
0.9343603797  
2.259234134  
-2.605994453  
-3.799440281  
0.7329771923  
3.060381669  
2.765942533  
-3.236643088  
-1.825363086  
2.934546043  
1.436051775  
-0.8943550439  
-1.863055259  
-2.310518742  
3.220166067  
0.6749604964  
-0.1967167077  
0.6201889671  
-1.675707954  
1.762289451  
1.499890848  
-2.379969612  
-2.050609821  
4.256390467  
0.2235419922  
-0.5056562509  
-2.499355214  
1.503894214  
0.8386520716  
0.5499314357  
-2.736368168  
-3.632341259  
-1.541725918  
5.310523994  
0.1617026734  
-1.281958599  
-0.08725856403  
-0.4739134804  
2.270887758  
0.8369015718  
-1.307677328  
0.5565274342  
0.3850782965  
3.72551237  
-0.5971983035  
-1.836704584  
-2.599037198  
-0.1632061625  
5.569675608  
0.4503665638  
1.739759309  
-3.389298254  
-2.119778744  
-1.096828755  
3.355550371  
0.1542150538  
-3.395659137  
-2.633391417  
3.330883438  
-0.5146728793  
-0.2887446905  
-2.055379164  
-2.147475629  
0.05606448391  
1.090959403  
-1.212456737  
-1.363524581  
-2.223624518  
4.204921575  
1.819177794  
1.755804054  
-0.4784517143  
-1.130672333  
2.349522201  
-0.1431891544  
-2.365222426  
-1.618658578  
-0.7437734766  
3.56390468  
0.8697919164  
-0.7495854786  
-0.3063876143  
-1.046167771  
1.196734964  
-0.1267712111  
-1.846536456  
-2.515148627  
0.06715850169  
2.483224448  
-0.0264563862  
-1.130903684  
-1.231249446  
-3.222463855  
2.079937409  
0.3131253822  
0.9190585853  
-1.763430761  
-0.9841815267  
4.510223784  
0.6258238032  
-1.543381475  
1.09036881  
-1.556378231  
-1.545569119  
0.6990393763  
-0.6216520228  
3.071931443  
1.275141797  
1.250159257  
-2.944381869  
-1.142856518  
1.202994584  
-0.5546416263  
0.9900595734  
-2.399001884  
4.53109709  
0.6280411048  
-1.067711922  
-1.472344565  
-0.3845232265  
3.119944178  
-0.1744615275  
-1.078011264  
-0.2536968424  
1.058941402  
1.260701809  
-0.846332985  
0.3977197342  
-2.658322186  
-0.533514645  
-2.656912832  
0.4803252168  
1.962885133  
-0.201851516  
1.162183697  
-2.044583336  
-1.867590846  
-0.880735096  
4.650514983  
1.037230053  
1.100218378  
-2.561190407  
-1.532117407  
2.688259036  
1.139844104  
0.9176701707  
-3.140386544  
-1.270833354  
-1.608338643  
2.217155691  
0.003909631141  
-1.159999604  
-0.9768560038  
-1.872575463  
4.792682356  
0.6980956689  
2.019609516  
-2.619673752  
-1.420666414  
-2.560947139  
3.365529761  
1.2040104  
1.249311067  
-0.4239110223  
-1.862368099  
-0.5969104587  
5.691401026  
0.9936516193  
-1.517058405  
-1.952693555  
-0.4348645636  
3.806924202  
0.9807559648  
-0.07859427658  
-3.15111641  
-1.71094151  
4.176808689  
1.879812313  
1.513389127  
-1.253460649  
-1.882303057  
3.120169229  
-0.2281976739  
-2.310268977  
-4.063983362  
-3.375039035  
2.442398108  
0.6110433884  
-0.2547253511  
-3.736202741  
1.242843115  
1.43953754  
2.31959439  
-2.837931481  
-3.890007296  
0.4685551474  
0.7318108851  
-0.0008953071277  
-0.232562897  
-3.417037772  
-2.929925292  
-0.1620182679  
1.452028137  
-0.7740769801  
-1.512479699  
-0.3512895979  
-0.81932571  
3.528942527  
2.119330109  
1.983722795  
-1.930851481  
0.6856241054  
0.09254543748  
4.092282214  
1.992431419  
0.9375656448  
-0.9929098902  
-0.04911212789  
-1.404320703  
5.255095921  
2.376717448  
-0.5103615121  
-1.349245467  
-3.306467427  
-2.036277768  
0.9286417891  
2.331977966  
-0.2668315793  
1.008132507  
-2.271311812  
-3.133198027  
1.276229256  
2.021289421  
2.56311984  
-0.7624790168  
-3.968618607  
-3.369057155  
-1.121400952  
0.9930065173  
-0.9497661259  
-1.714706619  
0.7646582252  
3.423853529  
3.296198192  
-1.136104699  
-3.571506704  
0.933340455  
1.664798197  
-0.4343618672  
-2.165438602  
-2.912432891  
2.144867669  
-0.2155828406  
0.7135775679  
-3.182210848  
3.008121534  
1.035192049  
-0.3670639134  
-4.100468048  
-1.527755015  
4.578637609  
1.931247065  
-1.535224583  
-2.116662892  
0.5419409426  
3.139863391  
-1.124336592  
-3.73788859  
-0.02948998466  
1.791646021  
0.6009342962  
0.1071426644  
-1.917199382  
-1.549218979  
-1.88773698  
2.029155568  
3.209299687  
-0.3365310293  
-2.728698878  
-0.3032061463  
2.135755316  
1.41421318  
2.966577667  
-0.8585437882  
-3.725574377  
0.5472782449  
4.477577394  
0.246108661  
-0.8199320631  
-1.607848384  
-0.1037515686  
3.231215754  
1.869398452  
-0.5237430059  
-0.778163955  
-2.227600164  
-2.890731036  
2.941521305  
3.746429619  
1.510527183  
0.9677736971  
-1.208562347  
-3.229443282  
0.6457767494  
2.061139416  
1.038784937  
2.38043505  
-2.193728898  
-2.271181958  
-1.743878393  
1.852253304  
1.363537019  
3.02366871  
-2.295010527  
-2.604217147  
1.424018154  
1.32234103  
0.5063091928  
-0.7608117382  
-0.5607480574  
-2.769749187  
-3.575232465  
-0.4296468906  
4.441188571  
0.3210316562  
-1.220001002  
-2.032986883  
-3.371633261  
-1.0985817  
5.129587502  
2.088905723  
1.106687924  
-0.5339587109  
-2.035095732  
-2.952825538  
-1.271389326  
5.927561267  
1.499940268  
1.156231254  
-0.9523247263  
-1.186166776  
3.133550458  
0.1175902722  
0.5213874635  
-4.489437109  
-2.742224872  
-1.118852456  
2.866036122  
4.205347316  
-1.481455778  
-3.118586468  
-2.357321809  
2.779231454  
1.415315203  
0.02211826637  
2.952896654  
-1.898275691  
-3.801315645  
-1.674585056  
-1.079554539  
2.786993848  
2.225826198  
-1.821628086  
-1.127897812  
3.279734422  
1.290758629  
-1.060999675  
-0.07058387505  
-4.171914296  
-2.337208253  
5.305491236  
0.9956167982  
-0.8486890854  
-2.277680888  
-3.82240738  
1.432837836  
4.071110189  
2.844925488  
1.368045531  
-2.873733509  
-4.304374593  
-3.661126225  
0.357429969  
4.080605597  
4.592766594  
2.059238639  
-0.7855402014  
-0.4958921642  
-2.737791872  
0.9349271277  
2.885267513  
0.350569345  
0.4011277652  
-2.388020273  
-2.549521676  
