-0.3890560667  
-0.4710819718  
-0.2196620602  
0.2367947843  
0.0668619538  
0.9233251877  
1.539464654  
1.099017111  
1.281141953  
1.396544063  
0.9383964992  
0.6301617726  
-2.415587396  
-5.872859456  
-6.680744572  
-2.265644421  
-1.478828497  
-0.3870294479  
0.9527033121  
2.610598211  
2.542622382  
2.518011515  
2.542783727  
1.952601752  
0.577167645  
1.941446076  
2.442712293  
1.994380927  
2.10502641  
0.7767199796  
1.32461673  
3.135848448  
2.654981171  
0.2431356435  
-1.970649239  
-5.560961739  
-7.043454165  
-6.553208729  
-2.514821522  
-1.291939014  
-1.17405161  
-0.3174054711  
1.716773326  
3.9488529  
2.833567185  
2.986222058  
-0.2677185606  
-3.809702793  
-4.428431116  
-6.660091309  
-5.792685951  
-2.935053799  
0.1013646754  
0.07175892578  
1.733706712  
3.70780984  
4.144240493  
3.475630238  
2.518842844  
0.7000518599  
0.9141789465  
2.325512675  
1.550794109  
1.320290619  
1.017235352  
1.596678777  
-0.05158747596  
0.1562411717  
-1.659325702  
-5.216828496  
-6.222288077  
-5.926949484  
-3.577856631  
-1.320787255  
0.4984407857  
0.9216406238  
1.580995292  
2.998635061  
3.177574732  
3.625101488  
2.423790634  
1.650799493  
1.669185221  
2.065164167  
3.344776155  
1.111295026  
-0.3492066315  
1.115118183  
-0.2625317917  
-2.417711742  
-1.735946636  
-2.508376346  
-4.02736509  
-3.608569982  
-1.572985885  
-0.08310424473  
2.226564131  
2.222933017  
1.880150384  
1.469149808  
0.08881132478  
-0.5664871261  
-2.638850712  
-5.282930745  
-6.20340002  
-4.371998433  
0.1721036104  
1.798364881  
2.990614895  
3.069778284  
2.298473046  
1.690506529  
1.109385311  
1.947829253  
1.863964655  
1.712255369  
0.7422945841  
1.63047536  
2.806228574  
2.714055545  
1.909886631  
2.812812428  
-0.6799288717  
-3.799933182  
-6.581150586  
-6.759131928  
-2.833582434  
0.3876610449  
1.412082872  
2.436551847  
3.185828931  
3.017506955  
2.567835412  
1.270114055  
0.6501405158  
0.8767757538  
0.5960337061  
-0.9503222832  
-0.2401175797  
1.71411307  
0.427614817  
-0.9468889794  
-0.3824396584  
0.8906973917  
-1.563539618  
-6.177572124  
-7.382381665  
-7.122138532  
-8.332298007  
-4.515438069  
0.2563800656  
2.52288148  
3.063694342  
3.367997159  
3.315909625  
3.142383572  
4.098890345  
4.661894807  
2.999598356  
2.007459366  
3.038054  
0.6600330095  
-0.798618293  
1.679882922  
3.159778941  
2.382193423  
-1.690696962  
-3.941607457  
-3.408259106  
-0.7094478582  
-1.904894235  
-2.299132849  
-3.742893686  
-2.837386462  
-0.4766490348  
1.908908213  
3.33035941  
3.354840081  
2.758147199  
1.015474186  
-1.625551142  
-0.8388302108  
1.123578795  
-1.235559867  
-3.927460609  
-5.093819365  
-5.094133213  
-1.30601736  
2.044442994  
2.586543084  
2.788678533  
3.374361714  
3.420071636  
1.273864718  
0.5116143662  
0.9735203761  
1.976855962  
2.701711016  
1.682456402  
-1.201862614  
-3.518906941  
-5.293069863  
-5.062535025  
-3.615920666  
-2.255832057  
-0.9010963386  
0.2874745526  
1.060157205  
1.007571405  
2.314570692  
3.051188979  
3.190531254  
2.702602955  
1.487035121  
2.051808708  
2.717400475  
2.540798295  
0.3632964734  
-3.612576063  
-2.737638078  
-0.8808104889  
-0.5114752171  
-0.1464484473  
-0.4346875566  
-0.8142514796  
-1.866873614  
-1.962756199  
-1.742414549  
-0.8382992281  
0.4309744682  
2.01754887  
2.652871672  
0.1740791496  
1.541973412  
2.374028961  
3.709982811  
2.744880945  
-1.858021776  
-3.221833019  
-4.248490768  
-5.445401302  
-4.492879574  
-0.5134190775  
1.314433075  
1.436650813  
2.044544078  
2.785610329  
4.092211392  
4.039244601  
3.676179849  
1.936013411  
2.093310945  
2.119273307  
1.219344171  
1.483776236  
1.050469688  
0.8323680287  
0.3943507208  
-3.15104802  
-5.384803287  
-5.930962069  
-5.938644181  
-5.286566372  
-4.372751891  
-2.867061385  
-2.571718971  
-3.488946329  
-3.767515594  
-0.2084734726  
1.132409618  
2.977550794  
4.49241524  
2.745285287  
3.36759044  
2.887829198  
2.712819292  
3.192916298  
0.2763237426  
0.8299476103  
0.6861045588  
1.416638338  
2.142667113  
0.3474065587  
0.1534319581  
-0.1480885543  
0.2666170696  
1.326893517  
2.045648033  
1.825254706  
1.990856704  
0.3206145465  
-2.732139136  
-4.506536341  
-4.128285889  
-2.312545457  
-3.149797058  
-3.287403758  
-4.013736944  
-0.9330173957  
1.75340827  
2.80078581  
3.312796643  
2.12170011  
2.22637541  
3.364055735  
3.25795604  
2.705921808  
2.351242586  
0.5858424583  
0.4550494958  
-0.1609377759  
-0.8619839197  
-2.475722359  
-3.932314384  
-3.743932717  
-2.600549386  
-0.815707349  
1.021498796  
-1.600874391  
-5.773010359  
-5.958963013  
-4.039753895  
-0.7069920681  
1.730969364  
3.302836813  
2.064409941  
1.055187221  
1.614653449  
3.525908104  
4.348488988  
4.565305889  
4.835931945  
3.785517444  
4.131388146  
2.790799309  
0.8407891508  
-1.615910441  
-3.027648392  
-6.182942596  
-6.453272278  
-3.803134653  
0.1208148499  
1.987741505  
1.901974704  
2.271606488  
0.03754569225  
-0.04027557318  
-1.320653658  
-1.22005074  
1.690847616  
0.5789041547  
-1.156560919  
-2.75394214  
-1.920813462  
0.8848149515  
2.797988068  
3.371664718  
2.869274203  
2.287425615  
1.486476105  
0.01975001638  
-1.015804561  
-3.093928117  
-3.534285077  
-1.493315368  
-0.122610967  
2.4557541  
2.699106391  
1.766423668  
-0.7200792214  
-1.727527302  
-3.619335921  
-4.343852208  
-3.507043086  
-1.580210229  
-0.1421651966  
0.2354437883  
0.1446845088  
-0.2054125653  
-0.2408137682  
1.021720344  
1.466572669  
1.000344054  
-1.350107038  
-4.17188317  
-5.500385442  
-2.920911347  
0.1937726136  
2.549826823  
3.072248313  
2.554968996  
1.831465695  
1.224558035  
0.01947743296  
0.5194913747  
0.4903262332  
-1.778146332  
-2.246697187  
-0.3716790863  
1.298919247  
2.065231102  
2.97907323  
3.307102348  
3.964940596  
3.277308929  
3.092026617  
1.023353616  
-1.024005897  
-2.241864192  
-2.685763648  
-4.973190602  
-5.778828759  
-4.122438409  
-1.531172969  
1.088106412  
2.647323376  
2.46146421  
1.871197166  
1.252303482  
1.242434315  
1.876448684  
0.9215627481  
-0.1594808389  
-1.60595047  
-0.5205146434  
0.6873441716  
1.908388132  
1.613250221  
-1.395332798  
-2.764641233  
0.07499957787  
2.91477622  
2.430845916  
3.409234867  
2.611870278  
3.097739089  
2.588126506  
1.338767712  
-0.971150117  
-3.754290198  
-5.671087643  
-4.421262422  
-1.889261783  
-1.885372756  
-1.31815747  
-0.9568221218  
1.243481335  
1.052025329  
0.157722647  
1.150568655  
0.6871440062  
0.4889852182  
0.4589919645  
0.6583086653  
-1.236811169  
-2.08370467  
-1.842387587  
-1.758882558  
0.5392103301  
0.2580306567  
0.3402009632  
0.588457053  
-1.12782311  
-0.3276602491  
0.6366186311  
1.691317398  
1.714850755  
-0.4640782189  
-2.95939999  
-2.903244387  
-2.561820236  
-1.813050804  
0.5706907319  
2.028129137  
2.306134562  
1.690710473  
0.3271961725  
0.5151016833  
0.961036905  
1.727327977  
0.04449669582  
-1.763368604  
-4.267304802  
-2.739495743  
0.4849729007  
1.873550287  
1.340819415  
1.720614319  
2.488250317  
2.072004853  
3.385115854  
3.818295737  
3.532730826  
2.895733261  
2.67074794  
1.464187218  
-1.42560494  
-3.890483973  
-4.780542779  
-4.160134232  
-4.770352495  
-2.533166025  
0.4500547205  
1.984838579  
2.979586615  
3.147334015  
0.7747726732  
-1.995747412  
0.276236672  
2.426500412  
2.862859089  
1.9848503  
0.8982677156  
-0.9970885095  
-2.834423386  
-1.368012609  
-1.312239186  
-0.674268713  
1.530286144  
2.507640151  
2.693566992  
3.095634567  
4.589726097  
2.644804722  
0.3157788657  
-1.866855683  
-3.872813444  
-5.616148313  
-4.222616282  
-0.6315199294  
0.8111532539  
1.906343938  
0.6182101274  
-2.352664818  
-1.153150744  
0.6641701623  
-0.1707193246  
0.2590206843  
0.2119666199  
-0.4225709904  
-1.633615492  
-1.275535083  
0.3173597161  
1.421192508  
1.941724618  
1.617624569  
1.311150136  
0.7422722156  
2.094797872  
1.400446094  
-2.033181354  
-3.413212585  
-1.826573863  
-1.00393598  
-0.6831699269  
0.1173767865  
1.286162791  
1.191025124  
-0.09628784824  
-3.601496419  
-3.525459983  
-1.163391798  
-2.040402474  
-2.436548003  
-0.5244770959  
0.5851550815  
-1.410005769  
-4.069651253  
-4.173911834  
-1.70527917  
-0.1130652917  
1.66496998  
-0.2924665219  
-2.533956512  
-1.302599034  
0.5005367978  
0.8225018974  
0.160194592  
1.56300862  
3.222237535  
3.665423205  
0.7176205474  
-0.3301422231  
-2.189147071  
-1.593187318  
1.080846218  
1.885793839  
1.865060811  
2.569818943  
0.669903701  
