-2.130675496  
-2.418567598  
-1.451053119  
-0.001498175872  
0.5867400812  
0.1360226464  
2.02392659  
3.377331407  
2.394205465  
0.6392545839  
1.852400474  
0.474630929  
-2.081343233  
-1.539413067  
0.1697238696  
1.294314591  
0.8252369753  
-0.8403460012  
-1.073482885  
0.5874201505  
-0.00888116327  
-2.282045727  
-2.041513982  
0.8359208317  
0.4848176377  
-0.7390521665  
-1.531072533  
0.4902447596  
2.025327505  
1.225659846  
0.4781497712  
0.03447918942  
1.254193078  
0.6943729746  
0.08735090587  
0.36120775  
1.805656169  
1.194620637  
0.3556138067  
0.4791616744  
1.577652944  
-0.8370361481  
-4.59042087  
-6.189569425  
-4.278319571  
-2.44242458  
-2.615977377  
-2.219312126  
-1.164548025  
-2.428976059  
-1.871494187  
0.5591798347  
2.587952462  
1.456458076  
0.4213415422  
0.4966558014  
2.001172356  
1.69635613  
0.113719414  
0.1663721559  
1.191130595  
1.116939623  
-0.6649355758  
-0.1696552061  
0.8913938208  
2.689786152  
1.475328749  
0.5673404809  
0.2346906026  
0.8565124975  
0.8461247279  
0.1626497847  
0.005743692001  
0.7713767823  
1.617137904  
0.6192821432  
-1.577123523  
-2.246475325  
-1.79683943  
-0.2953996903  
-0.2597157343  
-0.06794999412  
-1.382528789  
-1.283663298  
-0.4010438422  
-0.2344093293  
0.6141589356  
2.400390178  
2.793058434  
1.531008004  
0.4995538319  
-1.004067147  
-1.388959049  
-1.043665673  
-0.5993826385  
-1.881637554  
-1.853644648  
-1.234276359  
0.04967605637  
0.9607611689  
-0.1337337127  
0.2323999919  
0.7301843181  
2.106038585  
1.204445798  
-1.565552957  
-2.302465804  
-0.9682298616  
1.573000688  
2.9387744  
0.6345091047  
-0.003682136146  
0.8972123169  
1.314761946  
1.405255394  
0.5080222803  
-1.12893794  
-1.249541686  
-0.9805948948  
-1.84127252  
-1.965992892  
-1.348050098  
0.4514298215  
1.891751059  
0.2399453671  
-1.327642647  
0.5742408543  
1.515160067  
0.09862705703  
1.141070236  
1.074218013  
1.765669532  
-0.3972346421  
-3.008629041  
-3.191927324  
-1.843883604  
-0.1102128917  
1.473377868  
0.09307448833  
-1.401344283  
-0.3649759144  
1.172817446  
-0.1392473009  
-0.8156010787  
0.7560673374  
3.088330179  
2.988299644  
2.219258617  
2.229568461  
2.526016436  
1.935922628  
1.668069524  
-1.043639541  
-3.101478581  
-5.627695557  
-4.927920731  
-0.7606210577  
0.7933898491  
-0.1251691155  
-1.639340844  
-1.005960388  
1.060851143  
1.634189848  
1.290461638  
0.2766898115  
0.2187155324  
0.5497427372  
0.1438532653  
-0.5376822642  
-2.377945363  
-1.560853535  
1.58010416  
2.323353729  
1.993419876  
1.184065797  
0.3023873898  
1.087166699  
-1.473579716  
-3.436311485  
-3.357326787  
-2.772292997  
-1.337976605  
-0.08641340968  
-1.938970246  
-2.027813624  
-0.6789078355  
0.6319418741  
1.030488401  
0.007959267713  
-0.2671448452  
2.073950333  
1.594739021  
1.138035237  
1.452573413  
3.357387304  
3.460349698  
1.279346813  
-0.4333513878  
-2.368621534  
-1.626800203  
-0.3099685554  
-1.518663082  
-1.473365235  
0.5966429891  
2.126592354  
0.8702485088  
0.6773991677  
1.08769704  
2.785374574  
3.11179594  
2.354843357  
0.02759256278  
-1.411515418  
-1.206991938  
-1.035330428  
-1.617079042  
-1.030773734  
-0.9344263977  
-0.965562167  
-1.071690024  
-1.37172651  
-0.2408613176  
0.2033775034  
1.886719995  
1.239224576  
0.689757773  
0.7544982209  
1.466898574  
1.671331479  
1.425460353  
0.08878689975  
0.2225726489  
0.7905687478  
0.2358563597  
-1.852642057  
-1.977248374  
-1.792646427  
0.7236897174  
0.9318568024  
0.3473997891  
0.1897122305  
-0.2938551671  
0.7691442146  
1.121344607  
0.2106736459  
-1.489325062  
-2.744017725  
-2.006002953  
0.4271043784  
0.1611276344  
-1.270333996  
-3.025873065  
-1.060396556  
0.3920586638  
0.5184451538  
1.267719128  
2.154644721  
3.108900312  
3.705036426  
1.682351087  
-1.395503347  
-1.368471429  
-1.086490811  
0.8739910193  
2.357730326  
-0.3847040422  
-2.643780018  
-1.499670061  
-0.4961803083  
-1.528576729  
-1.373340273  
-0.6378775376  
1.618867093  
3.451998285  
2.510710763  
0.7341477282  
-0.4903363497  
0.1940475698  
0.02820681481  
-2.556172175  
-3.832896367  
-3.497033592  
-1.038390235  
-0.4375668762  
-1.078360441  
-1.196994601  
-0.5840043556  
2.243488021  
4.071980449  
3.87690484  
2.889860776  
1.38894642  
-2.641487895  
-1.475803823  
-0.6079960119  
0.3889370076  
-0.5686752074  
-1.753159571  
-2.293903445  
-2.701309323  
0.5884428197  
0.6960619977  
0.3227797886  
-1.188694318  
-1.885357259  
0.8135733547  
1.727667801  
0.6996023448  
0.6661242301  
2.26008945  
4.142848081  
2.957816162  
-0.6647600709  
-0.9554574388  
0.1895884698  
0.9393477636  
-0.05530635026  
-0.5223536105  
-0.7345224083  
2.063195581  
2.527779022  
0.6112489094  
-0.9546515726  
-2.370951022  
-3.324678421  
-0.4207831204  
-0.1968355295  
0.2436232032  
0.01226962995  
-0.4770365278  
-0.1155313068  
0.7011301964  
1.360447029  
1.54030263  
-0.04123790373  
-1.739167958  
-1.690127209  
-0.9450684091  
-0.06574248338  
-1.055993861  
-1.418551726  
-1.771666514  
-1.304350792  
0.9304562734  
2.920383468  
2.896101473  
2.345229599  
1.428127967  
2.497624757  
1.041302514  
-1.701422647  
-2.787064149  
-2.544088598  
-1.7996911  
1.459349827  
1.867225588  
1.824138359  
1.132772448  
0.7364168099  
-0.3674325445  
-0.5032497983  
0.2154982505  
-0.754632774  
-1.539235093  
-1.670158538  
-0.008997995996  
-0.5985799085  
-1.353514153  
-3.218012842  
-3.537805696  
-2.851699606  
-3.177729825  
-1.760410532  
-2.416229251  
-1.198405266  
-0.4427379526  
-0.1202742805  
-0.2192166167  
-0.5508661918  
-0.5337261404  
0.5032568926  
1.070572331  
1.304108202  
0.6181461949  
0.4524147233  
3.719245431  
3.752839738  
1.596502507  
0.137675418  
-0.9702094944  
-0.6790149214  
1.233566015  
1.791095619  
0.546908699  
0.1354624836  
1.211141556  
1.268504119  
1.067112659  
-0.3911708313  
-0.9025662238  
-1.518750039  
-1.380838891  
-1.076063115  
-0.266055075  
-1.735039359  
-1.139999618  
0.6847853083  
3.441060531  
2.889406435  
3.109951727  
0.6769855853  
-0.2669742795  
0.1729272757  
1.728911547  
0.9900620672  
1.183256082  
-0.2470184666  
-0.7871458146  
-0.8678828611  
1.01878123  
1.966519066  
-0.2960854824  
-2.831048079  
-3.085273561  
-1.550616068  
0.2672570541  
2.446921332  
2.764511474  
1.010174067  
-0.4621810538  
-0.9139636095  
0.2559322667  
0.962151718  
0.6010404972  
-0.9546746583  
-0.7954568712  
-2.111863383  
0.3884990498  
-0.6811828207  
-0.6416793275  
-0.01220760829  
1.549342124  
-0.294458674  
-1.731975793  
-2.577975907  
-1.990355941  
-0.2271994605  
-0.4418806801  
-2.417981298  
-2.191660355  
-1.356725648  
-0.8128948699  
-2.910071768  
-2.763154194  
-0.1482436091  
1.941331625  
2.353170353  
1.458053901  
1.746667404  
2.657030347  
1.432151947  
0.3680700568  
-1.242549573  
-1.344470909  
0.7727334317  
0.05556843467  
-0.3320818999  
-1.232442064  
-0.4867491745  
1.460990108  
2.583489895  
1.601663298  
0.3468467706  
-0.9038351356  
0.1766696166  
2.061536442  
2.091066699  
2.541484409  
2.423668801  
2.936828573  
4.431657547  
4.195162204  
3.310132997  
0.835340938  
-1.574912689  
-0.5300346914  
0.2402398403  
0.9626507248  
-1.398358037  
-2.315801445  
-2.358444092  
-2.025844314  
1.410173497  
2.462673695  
1.25307877  
1.142121081  
-1.091822722  
-3.921996456  
-3.213897634  
-0.6705270199  
-0.6648213521  
-0.3474588747  
-0.4584227948  
0.04184106201  
2.074281925  
3.619480771  
2.384594  
1.332063323  
-0.480337856  
-2.177709535  
-1.939178353  
0.6252890165  
0.7393908135  
-0.2044769378  
-0.9227625457  
-0.5964178773  
-0.9950904556  
-1.313163833  
-1.284669883  
-1.152709914  
-0.1999437669  
-0.4631964  
1.102464794  
1.005778027  
0.3912029527  
-0.6070904903  
-2.41845213  
-1.506138948  
-1.391688577  
0.2005520826  
1.498739537  
2.577738317  
1.360966233  
0.04805311923  
-2.529983185  
-2.994120501  
-0.8958762277  
-0.8300334217  
-2.335496058  
-0.187529531  
-0.1632257967  
2.19035871  
2.289416058  
0.8397944218  
-1.615697128  
-3.053064613  
-3.570599142  
-0.3160230243  
2.269775344  
1.60053674  
2.81341481  
3.426191841  
2.233090163  
1.786951114  
2.316528823  
1.082258736  
0.2121846436  
-0.8495369308  
-0.5967164664  
-1.333153964  
-2.674325221  
-4.579688645  
-3.817218154  
-2.181775096  
-1.452792773  
0.1225651901  
0.5084964053  
-0.8372212413  
-1.928600344  
-2.799232199  
-2.712058089  
0.3851781496  
0.2978296434  
0.6815494908  
1.618542926  
1.418299549  
1.868779524  
3.703015966  
3.446889656  
1.956298938  
1.786260316  
-0.921082102  
-2.734181627  
-1.441684311  
-0.5517538194  
-0.09323550931  
-1.36721113  
-0.2387139082  
0.8794101309  
1.417084603  
