0.1533377007  
-1.079027866  
-0.1182496038  
1.484521709  
-2.096592992  
-1.44721806  
1.505467096  
0.6368749149  
-2.145212056  
-0.487112878  
5.03230959  
-1.377977389  
-2.970455709  
-1.316757245  
0.60984995  
1.732938129  
0.2730197251  
-0.5592675904  
1.152921572  
3.772042801  
0.003012823074  
-1.181397359  
-0.575641013  
1.459654899  
-0.8157461536  
-0.7888148416  
0.07398281506  
-0.186317965  
1.137263599  
-0.5872083798  
-1.695617001  
0.3501160058  
5.362405482  
-1.064814574  
-2.245248066  
0.9266856898  
-0.5130730428  
-2.73184442  
-1.709872864  
-0.7383319019  
2.550600279  
-1.067028468  
-2.397602859  
1.470261848  
3.626316411  
-2.000631584  
1.274814846  
1.460495986  
0.8299395275  
-1.486576451  
-1.079653148  
2.576950722  
0.6425220256  
0.4241172079  
-1.947701983  
-0.6700391641  
3.59919018  
-1.465750789  
-2.693447205  
-1.12736097  
1.969476481  
-2.096791802  
-3.1549762  
-1.979637458  
-1.736994476  
3.63492444  
-0.9935383754  
-2.936184494  
0.9133464621  
2.951841842  
-0.5206157732  
-0.5954123283  
1.364715176  
1.160191751  
4.801363257  
1.519429313  
-2.251261367  
-0.4103944085  
1.215644838  
0.5811775963  
-0.6346228079  
-2.625653427  
-0.5434488352  
4.111533292  
-1.317014774  
-2.49299537  
-0.8317295756  
-1.060005473  
2.987605606  
-0.3586031323  
-2.468870504  
1.177362457  
0.3135944986  
5.377632321  
-1.17855806  
-1.787978305  
1.253730227  
0.05187255448  
4.896469981  
-2.872533423  
-1.937259441  
-2.351378891  
-0.6720739215  
3.498499342  
-1.078840614  
-1.580290945  
-0.08967365871  
-0.4063264967  
4.809177039  
-0.8278030279  
-1.922565551  
1.860684852  
1.975408547  
1.350749953  
-1.771494438  
-3.016943381  
-0.3540658606  
1.928046668  
2.552671906  
-0.8611189833  
-3.023898232  
0.09307902868  
2.01747707  
-1.711667251  
-2.066563304  
-0.1609310048  
2.235173921  
-0.1905597406  
-0.947100483  
-1.403030224  
0.5578263054  
4.057025762  
0.2930652426  
-0.5022451723  
-1.048953712  
-1.533202224  
1.801898432  
-1.514512312  
-2.479686497  
-0.8863566792  
0.6797111101  
0.8089129491  
-1.606241855  
-2.97128682  
-0.06010870078  
3.114914933  
-0.33287328  
-0.0006797549531  
-1.582198923  
-0.4240139173  
0.7057177609  
1.404285245  
2.606079819  
-1.134254867  
-2.90969837  
-0.3459697667  
1.114613584  
3.41404438  
-0.7031163231  
-2.472525619  
-0.2501032466  
2.114460747  
0.6262267542  
-1.671484812  
-3.312438901  
-0.2463912349  
2.040045661  
0.6986704394  
-0.1109212274  
-2.330705013  
-1.470558799  
2.529846712  
-0.7199502915  
-0.3334820759  
-1.86232409  
2.270652477  
1.591314404  
2.610981556  
-1.864448883  
-1.634615944  
1.189855589  
3.295298045  
0.199836833  
-0.7736001811  
-0.3577650281  
-1.519060844  
3.687452341  
-1.282717656  
-2.738029528  
2.384817903  
0.3773733929  
0.1650692791  
-3.026499096  
-0.7635413788  
0.9875643116  
3.985169993  
-0.7636047676  
-1.854528093  
-1.911783581  
4.333882262  
-2.186361742  
-3.241682159  
-0.9991619535  
-0.197569258  
4.502977842  
0.3270405573  
-2.159722677  
0.6799268511  
0.6112761937  
5.074370586  
-0.3553456668  
-3.052692809  
-1.436995436  
1.816358784  
-0.1510917213  
-1.076378962  
-1.748507637  
-0.3344061366  
5.319468116  
-0.4437038482  
-2.791575251  
-3.090209968  
2.810091912  
1.779852475  
-1.704176156  
-1.39077906  
-2.001874926  
4.412544751  
1.799820944  
-0.6670919911  
-2.075473427  
0.6158497301  
4.881065496  
-0.5024235829  
-1.369108163  
-3.430513597  
-0.3445089649  
2.207168597  
0.743143535  
-1.796212963  
-3.644938788  
-0.5049627386  
-1.531256964  
3.005639871  
-0.8817178319  
-2.387873859  
-1.399672742  
-2.175991377  
2.155852808  
1.481860196  
-0.5111322904  
-1.121096301  
0.135344841  
4.812281803  
-1.908030476  
-1.661251194  
-1.802446205  
0.5599428305  
5.341258845  
0.9738279419  
0.9206897165  
-2.0913606  
-0.4303555575  
2.892698572  
-1.766402494  
-1.958940182  
0.7163917556  
2.416996592  
1.028286861  
-0.2618610375  
-2.869733156  
-1.606844524  
3.9775036  
1.650259836  
-1.702888042  
-3.644419128  
-0.4450272899  
4.332530397  
-0.6499485788  
-0.8448050665  
-3.268154518  
-0.6740194367  
4.403136849  
-0.1722559575  
-0.2556324816  
-1.823782634  
-1.158583494  
-0.06935424954  
5.482589822  
-1.495296236  
-0.6185025031  
-2.888860545  
-0.7739821352  
3.354224571  
-1.148956711  
2.372431546  
0.04468796704  
-0.1366428218  
-2.995364604  
-0.6676955305  
1.03261515  
2.963878149  
-2.195392854  
-2.568330811  
0.8760429453  
1.443235734  
3.777017151  
-2.840236755  
-2.176784872  
0.3553739973  
4.213006847  
-0.03326849924  
-2.963749679  
-1.130023232  
0.3307281259  
1.742492925  
0.5101753267  
-3.750140549  
-0.9631838994  
4.334327141  
-0.9646029921  
-0.1802949608  
-2.553057693  
-1.563511812  
-0.6448677885  
1.255852485  
5.334401546  
0.4990186123  
-1.901483123  
-1.75121828  
-0.6991848685  
0.751318253  
5.394259641  
2.33964949  
-1.790227577  
-3.011594745  
-2.102603935  
-0.8020608774  
4.420241344  
0.0985158679  
-2.676769758  
-2.512382444  
-2.108547666  
2.74263308  
1.337612235  
-0.007448744072  
-2.925272009  
0.3200207256  
1.102535726  
2.603468513  
-0.5059530092  
-2.890376478  
-2.220865578  
-2.240311177  
1.935597904  
4.080822531  
0.1894844895  
-1.25087645  
-2.987770733  
-1.034016026  
1.615136592  
3.865084759  
-0.4959860009  
-3.885776921  
-2.433402237  
3.885664735  
1.163235019  
-1.489263145  
-1.652989248  
0.4977047365  
0.8395993913  
4.394867689  
-1.927103557  
-2.543685504  
-2.745950583  
-0.6471317377  
4.301765378  
-1.180751524  
-2.297246978  
0.621002641  
1.233861182  
6.023863772  
0.7881901084  
-1.114084748  
0.1503852484  
1.867189814  
-0.176081102  
-1.741158007  
-4.127375953  
-0.4113159351  
1.170486208  
1.085682002  
1.218093088  
-2.206328569  
0.1067647949  
-0.6290854061  
6.759595608  
0.06914730701  
-0.8584891174  
-3.805336739  
-0.5024437557  
-0.1003138242  
3.442505498  
-0.9702049579  
-1.795712493  
-3.754030276  
-2.319889245  
0.5566112781  
1.961588151  
-1.826338161  
-0.6337534839  
-2.288064588  
-0.5177249446  
2.286729818  
3.730672018  
-0.6294623108  
0.5196915251  
-2.030284068  
1.940482376  
1.203531067  
3.025972083  
1.479339667  
-1.345264418  
-3.556021778  
-3.782218321  
0.3312814624  
2.865797425  
1.113366532  
0.5967551992  
-3.992388143  
-0.09879739092  
-0.4419974938  
6.581689756  
0.7110845437  
0.5515340803  
-2.001276632  
1.092654219  
0.4959537369  
0.3648755888  
-0.5126683808  
-1.615148652  
5.762249744  
-0.7581757545  
-0.8029656381  
-2.488330308  
2.213376477  
1.634067194  
-1.483372942  
-2.251813641  
-1.698627271  
3.394368855  
-0.1708596783  
-0.3894112736  
-2.618114473  
2.951473112  
3.36572665  
-2.001165016  
-1.654819113  
-1.61339264  
2.8829228  
1.092442591  
-2.444346767  
-0.7453959332  
-0.1183016677  
-0.07219795498  
-0.3438875579  
-1.208954414  
-1.752171442  
-1.510435855  
2.042687179  
4.365462235  
1.97001338  
-2.343821003  
-1.22109071  
0.380329511  
0.6394081497  
2.564536936  
-0.07298215595  
-1.41254755  
0.7655367216  
4.662319806  
0.8434798439  
-1.887759073  
-2.664438447  
-2.593765486  
0.4607841311  
5.427555052  
0.2382968299  
0.615845732  
-1.259530807  
-2.918337013  
0.09513573507  
6.096393188  
0.9823101978  
-1.654542206  
-1.78197385  
-4.302954424  
-2.492941962  
0.2084942239  
-0.1520713784  
2.417109838  
-1.321113657  
-2.485417554  
0.06841551317  
-0.2233581292  
3.112667162  
2.513276186  
-1.695124753  
-3.409382324  
1.043234193  
2.517646029  
0.4630024554  
-0.5887968571  
-2.143513743  
-3.760842841  
-4.001217776  
0.173446891  
6.486130719  
3.478757399  
-0.2838627076  
-1.165243989  
-0.9446671761  
-1.398812123  
3.689152961  
2.356769899  
-1.100200602  
-0.9163608004  
-3.200852356  
-1.00532396  
-3.045539005  
2.821172615  
3.246424087  
-0.007581701945  
-1.443254974  
-2.771218073  
1.640134597  
1.811617977  
0.007338612507  
-2.551741066  
-3.132650633  
-1.141137592  
0.2912518334  
3.632729567  
-0.1167210165  
-1.570168029  
-0.2217512822  
0.2327725532  
4.380401563  
-0.07717794191  
1.006619774  
-2.037267425  
-1.858395834  
2.149543157  
0.1922392875  
2.597590981  
4.134416453  
-1.101649493  
-2.707449174  
0.623467188  
1.420210626  
-0.8515631321  
-1.560592548  
-2.70482558  
-3.140104887  
0.8726693594  
2.074893562  
-1.465985654  
-1.370565572  
-4.238178487  
-3.325412185  
1.002039855  
-0.3091018388  
1.774756445  
-2.241580597  
-3.404933388  
-1.996382162  
1.401372905  
5.660055546  
4.736212991  
2.48447357  
-0.737920746  
-0.3966523239  
-2.023873239  
0.2085048742  
5.033350242  
-0.01406708818  
1.04047989  
-3.3335452  
-2.543154637  
1.437941237  
