2.967027381  
0.7262523873  
-2.011372167  
-2.521331969  
1.098158886  
-0.2007023822  
-2.215355087  
-0.3799652174  
2.315565038  
0.5035822902  
-2.650732506  
-0.2094155859  
1.971396624  
1.49920861  
-1.379710447  
-1.537996758  
0.8340448771  
0.1729374707  
-0.8188813113  
-2.037031053  
-0.4368418987  
0.8952356687  
0.5390662127  
-1.348014213  
0.8670878586  
3.760342674  
2.365596001  
-1.718235464  
-2.715774657  
-0.03120765767  
0.7624064302  
0.8582515383  
0.4039021994  
3.222905678  
2.280871553  
-1.167375688  
-2.716206083  
1.507106913  
1.692082607  
-1.372090542  
-2.839078279  
0.5893833999  
1.661595829  
-0.6551399259  
-2.172270105  
2.065186335  
0.6261469714  
-2.529734967  
-1.120621303  
1.806678928  
0.4421145402  
-2.28132851  
-0.5962050832  
1.859084114  
2.151748893  
1.845612557  
0.9595140533  
2.316545231  
1.798255544  
-2.141367265  
-5.178670611  
-2.27591685  
-0.2594580041  
-2.288307949  
-3.809154599  
-3.088616641  
-0.661611246  
0.5011007722  
0.2183197768  
-2.101574556  
-0.06670836881  
3.606995653  
3.318405248  
1.477808775  
-0.5603089925  
-0.5082500316  
1.960250865  
2.417841128  
-0.1610602202  
-1.71240371  
-0.3878103396  
0.9917368555  
0.2969712876  
-3.641245603  
-2.239130548  
1.561332077  
2.400904989  
-0.7514244597  
-4.431352755  
-3.113650245  
0.2050466098  
1.585475849  
1.443016702  
0.445653982  
0.6717705365  
3.142198377  
1.816013914  
-0.08512797863  
-1.58751245  
0.5107042  
2.025764667  
2.512985546  
0.9997915323  
-1.584391489  
0.2101864641  
2.586828585  
0.5503468952  
-3.39361346  
-3.301388959  
-0.1884177406  
1.328934771  
-0.5043796471  
-4.78458158  
-4.912332677  
-2.423739317  
1.911147509  
2.722116695  
-0.01828227681  
1.46146813  
4.233658397  
5.073780298  
3.294342179  
-0.2517046569  
0.667552163  
1.30678356  
-1.042916796  
-3.113084389  
-2.296624101  
0.2977210155  
0.5708415052  
-0.6017955076  
-2.030267619  
0.189423376  
1.879087455  
1.19089688  
-1.068712856  
-1.730893256  
-0.3672099343  
2.552960972  
1.829815898  
-2.096404533  
-3.870483247  
-2.635922359  
-2.750379711  
-4.498486884  
-4.561285624  
-0.9531036348  
0.588012558  
1.475180043  
1.431188423  
0.7987795666  
-0.7903045179  
0.2662887569  
3.258852586  
5.74020849  
4.88760526  
2.785402053  
2.619485705  
2.967125948  
3.34258615  
0.6580152636  
-3.581092763  
-3.220718377  
-0.007759807416  
2.388925618  
1.322047354  
-1.503388119  
-2.951681513  
-1.614803991  
-3.016717017  
-3.720536387  
-3.725319123  
-1.667966414  
0.1895168817  
2.402566273  
1.851135197  
0.6437141157  
1.89787192  
3.502598077  
5.502612253  
3.66896121  
-0.05970637104  
-0.2649147321  
-0.08957000005  
0.06376363347  
-2.243022843  
-4.381547703  
-2.844698226  
-1.450164919  
-2.514969292  
-4.101326088  
-1.649233222  
0.2426657409  
-0.05413822767  
-2.273124692  
-2.397799702  
1.253795432  
2.772226643  
3.249995523  
1.249928834  
-0.1933344648  
1.466320628  
1.082925732  
-2.105931182  
-4.177986078  
-1.169585174  
0.8601111328  
0.8298390798  
-0.4506499181  
-0.3034910848  
1.103417483  
1.984745817  
1.618751823  
-0.7188746465  
0.06278338908  
3.061182205  
2.776645741  
0.08450604004  
-2.36424546  
-1.646612439  
-0.8166480926  
-0.7492435077  
-3.054759545  
-3.276295869  
0.3071101113  
2.116431914  
2.571618679  
0.2438028355  
1.283099458  
3.696257361  
5.716180373  
3.049532434  
-2.467415631  
-2.735803696  
-0.926745265  
0.653658944  
-0.9312964482  
-3.338642376  
-2.158971159  
0.7184500006  
2.207379126  
0.8745146129  
-1.373951363  
-1.07695913  
-0.1252921441  
0.8823597176  
1.881151146  
2.310970753  
0.4657318459  
0.0611317334  
1.114675272  
1.103334344  
-1.265350997  
-3.184170128  
-2.026183281  
-1.654847553  
-1.624391828  
-1.364424533  
-1.94247449  
-1.206974363  
0.9465706782  
2.912902441  
2.256710252  
0.6579010489  
2.602753774  
4.620487368  
3.823453354  
0.8692459366  
0.7656670145  
1.06638565  
1.511762825  
2.001100189  
-0.1931150155  
-1.01102993  
-1.307318089  
-1.703030138  
-1.565928147  
-3.793351195  
-4.384454942  
-3.890783118  
-2.609028622  
-2.946798428  
-4.347093984  
-2.542340972  
-0.2013741822  
2.442765574  
2.873133691  
1.530434795  
0.5271211669  
2.695085269  
4.71726535  
5.156617976  
2.566105856  
-2.227529114  
-4.113106517  
1.280743511  
2.242128582  
3.644017229  
3.317371599  
0.3950423607  
-1.950028912  
-1.60811717  
0.4078085895  
1.820857044  
1.007146932  
-0.9249833408  
-1.836360693  
0.2432341206  
1.30174726  
0.131582194  
-2.091254787  
-0.8586956087  
-1.243460071  
-2.989478133  
-4.57242226  
-4.448192081  
-2.020631154  
-0.8945356705  
-2.603148652  
-4.304921032  
-1.682673055  
0.3677870279  
1.66685267  
2.818249903  
2.393458308  
0.5138389002  
-0.2405613898  
2.197128472  
4.049163075  
5.956464399  
6.062687273  
4.277823886  
1.958240506  
1.853736891  
3.770642084  
5.034417116  
3.41081559  
-0.3444773147  
-3.872363632  
-4.29622954  
-3.764562444  
-3.929472314  
-5.176355253  
-6.754690735  
-4.875444989  
-0.9617011243  
2.051993501  
1.913483522  
-0.3533894547  
-0.4714639275  
1.013331229  
2.171627303  
2.439077673  
1.523055734  
-0.1829737562  
-0.9793241696  
-0.1095674828  
1.599574223  
3.518134723  
4.187428207  
2.522873378  
2.233928673  
4.012540608  
6.041040916  
4.756065683  
0.1566381904  
-1.782291108  
-0.7245910572  
-2.054192222  
-4.583274081  
-6.625320818  
-7.986921404  
-4.763681926  
-3.092073825  
-3.887317134  
-4.441823047  
-4.54036836  
-1.658414968  
0.2777349309  
-0.1545326606  
-1.954819143  
-1.903567679  
0.5442377816  
2.601269821  
1.90419062  
-0.4610715997  
-0.03927225234  
0.9345198905  
2.767018562  
2.637466899  
1.344508834  
1.633434181  
2.761056607  
3.032554004  
2.163233622  
0.5570080822  
-0.7103731865  
1.016490431  
1.762149395  
2.37316433  
2.503681334  
0.2550256492  
-1.607641354  
0.07132449021  
1.108745849  
2.110190532  
0.5502971812  
-2.299880572  
-2.712766361  
-0.08729341983  
1.437016288  
2.087388789  
1.614211243  
-0.2836338631  
-0.7639176329  
1.930405772  
4.557169237  
5.650803971  
4.181177131  
-0.7025291364  
-3.44990234  
-3.598109016  
-1.768823999  
0.9078493055  
2.65532932  
1.806496667  
0.105189874  
-0.1973571512  
1.295631106  
2.524436547  
2.629030636  
2.358516765  
0.6146991651  
2.586728247  
4.481129844  
3.574173562  
-0.01529576043  
-4.605198211  
-5.02672789  
-3.516097779  
-3.752327929  
-4.972088939  
-3.26417992  
-2.33492445  
-1.98671349  
-1.712323886  
-3.185021631  
-2.173677161  
-0.9743520547  
-0.7425669342  
-2.287697777  
-1.681730768  
0.447488658  
1.647644772  
-0.09792518429  
-1.488322007  
-0.7868159121  
-0.7249902572  
-1.376783163  
-3.897536223  
-3.223548585  
-1.118320559  
-0.001112158144  
-1.716915205  
-2.768267389  
-1.367939694  
-0.002854500571  
0.8487631306  
1.683446291  
0.3522690746  
-0.9133084167  
0.906027109  
2.476743496  
1.923296349  
0.6056738232  
-1.708915265  
-1.783244866  
0.2007158313  
1.335654967  
2.238535432  
-0.2618246059  
-0.6523826315  
0.5719036577  
1.830357179  
2.658522865  
1.278495015  
-0.6512118138  
-0.1289156584  
0.7726129531  
1.931994215  
3.107445224  
3.088025455  
1.788957788  
2.468413954  
2.330190865  
1.914759304  
2.447468134  
2.53654366  
1.204933452  
-0.4799380829  
-0.8611077439  
-0.6749785536  
0.6938077022  
1.139498004  
-0.2834107022  
-1.507552375  
-0.7609261113  
-0.2408248465  
0.02722307295  
0.7406827333  
0.2314104603  
-0.7812188184  
1.417862769  
3.29666293  
4.132870132  
3.585112204  
1.837608607  
-0.1410194093  
-0.01336169017  
1.247896981  
1.137797586  
0.6299932939  
-0.4410830849  
-1.720270845  
-2.161812598  
-0.00851057649  
0.4071075105  
0.3028770767  
0.7498423032  
-0.03275256397  
-1.040386254  
-0.7841592603  
1.232608499  
2.242527449  
1.95934316  
-1.745132018  
-6.09338101  
-6.841135514  
-5.849123569  
-4.638723695  
-3.652495324  
-3.904508304  
-4.711741617  
-2.85321278  
-0.6288932743  
1.335796471  
1.839098703  
1.162693158  
2.43558392  
3.783679267  
4.888669712  
6.189525422  
6.288443075  
4.506638533  
1.062354829  
-2.07376168  
-1.967561521  
-1.774870388  
-3.846296084  
-6.117805658  
-7.152861468  
-6.625687203  
-4.060456042  
-1.845613337  
-2.746219528  
-4.090358472  
-3.002598104  
-2.211973869  
-0.8187476449  
1.061161592  
0.7287247295  
-0.1980356516  
0.2996932737  
-0.2739246191  
-0.1679947306  
1.073805832  
0.643127863  
-0.1462636296  
0.0010975282  
2.080817122  
3.143849519  
3.818479928  
3.986448664  
1.617825204  
-1.141867632  
-0.3219879515  
1.023683994  
1.808231616  
1.023005548  
-2.066670237  
