-1.389573719  
-0.6852910364  
-0.2006552144  
-1.42448132  
-1.71172389  
-2.477946156  
-1.90265201  
-1.124696018  
-0.729626198  
-0.329630605  
1.441153385  
2.593918133  
1.942627467  
0.3650600083  
0.3926787636  
0.9105445231  
1.106049901  
1.874506037  
2.715351492  
3.57778223  
1.455946149  
-0.1090884342  
-0.1290117809  
0.001551859249  
0.4060674227  
0.9926947271  
-0.1438025663  
0.02414747121  
-0.1364393128  
-1.135564413  
-2.684025943  
-2.681446239  
-2.16294084  
-1.990025717  
-1.688394914  
-1.196354554  
-1.302733873  
0.5829451993  
0.5734810608  
1.118773894  
1.582742037  
1.176385628  
1.076932564  
1.58257256  
2.353109641  
3.765112139  
4.25416014  
4.27810989  
4.498055792  
5.055656096  
-0.4486061841  
-3.288508623  
-2.094148547  
-2.342713326  
-3.602766464  
-3.848414005  
-3.638114301  
-4.724230608  
-6.126896941  
-5.39980829  
-3.9445924  
-1.790568164  
-0.2444884258  
-0.6703469127  
0.9409416213  
2.452360361  
0.7091697236  
0.3755808962  
1.081592056  
0.6908221599  
1.607465598  
2.385624594  
1.475226689  
2.572744999  
1.977981937  
0.516524792  
1.129321915  
1.381495469  
-1.355396191  
-4.444302234  
-4.120233261  
-1.848638761  
-1.318396616  
-2.313914798  
-1.99839193  
-0.7670781079  
0.1369615535  
0.07066211788  
-0.1240235291  
-1.036188768  
0.3619873118  
2.001463093  
3.842389812  
3.900021114  
3.76709731  
4.183307473  
2.084286446  
1.110417318  
-1.307499967  
-1.165915615  
-1.687301191  
-1.720290824  
-1.997568255  
-2.358076983  
-0.8571246503  
0.7158204704  
1.378876374  
1.630274347  
3.37846032  
3.901274252  
2.290880742  
1.195136551  
1.715966751  
1.332421353  
0.3990128828  
0.6635247915  
-0.4283760612  
-0.08598415573  
0.8574444069  
-0.1438978407  
1.011059905  
2.079591669  
1.856077127  
1.503131221  
-1.000316051  
-3.01570262  
-2.545418553  
-4.291591911  
-5.574796057  
-3.084619306  
0.1129968734  
0.6087349321  
1.51564126  
0.442480559  
-2.003540161  
-4.598718206  
-3.327185752  
-3.07385584  
-2.700555434  
-2.879211765  
-3.072254641  
-2.835639219  
-1.578819747  
-0.2869997017  
1.779666521  
2.404727142  
3.632327292  
4.255972055  
4.651135572  
4.567938317  
4.40242122  
3.165523954  
2.416911492  
3.462155621  
2.749161057  
1.293424576  
0.4531819622  
-1.406391961  
-3.517797038  
-3.147031623  
-4.056424788  
-6.494885821  
-4.641581861  
-2.118475585  
-1.767148885  
-2.1776558  
-0.80924554  
0.5575890138  
1.716558066  
1.629063967  
2.021988701  
0.7964948056  
1.89282167  
1.932195161  
2.632131141  
2.323360876  
1.60591419  
2.535836004  
3.599646233  
3.964621738  
0.6004915711  
-2.659487315  
-3.882876684  
-5.177207984  
-5.305208338  
-4.197415161  
-4.251579273  
-4.193266299  
-2.353399792  
-1.270623537  
-0.08998228324  
1.000565298  
2.751327735  
3.520750926  
3.404029015  
3.301628597  
4.276060967  
2.962183464  
1.017926182  
-0.3072147031  
-0.922423218  
-1.561139531  
-3.743635059  
-4.182717265  
-2.258240753  
-1.468541308  
-0.1755634713  
0.5996424825  
0.8512029387  
0.6997891401  
0.5932670107  
-0.1603804558  
-0.9046473717  
0.5132537686  
1.378676222  
2.652260525  
2.032127885  
1.214308764  
-0.05831633183  
-1.172861684  
-0.8622097916  
-1.315358081  
-0.5298042288  
0.004188635514  
1.314185413  
2.107098337  
3.485216963  
3.115879115  
4.691553154  
3.871415088  
0.2758583117  
-4.214040131  
-4.115205341  
-1.826519086  
-1.017955583  
-1.984910479  
-2.753266434  
-1.34662205  
-0.388180577  
0.03588372581  
-0.2652615399  
1.015155074  
1.128664034  
1.110098901  
0.8891647918  
1.064575404  
0.517815311  
0.8692908452  
-0.3030240731  
-0.4976723661  
-0.386247205  
-0.8377134871  
-1.707004454  
-1.430650633  
-0.9262407556  
-1.02371892  
-2.264092808  
0.2086991108  
1.058267549  
2.223160962  
3.11484014  
4.533627619  
4.346057427  
4.968812731  
4.393631107  
3.906784677  
1.602085927  
-0.5110869378  
-2.096777087  
-4.05854825  
-2.552453764  
-2.624952368  
-4.710078803  
-4.225845601  
-4.006178457  
-2.650011234  
-0.9898700438  
-1.389177102  
-0.9792763204  
-1.461707044  
-1.950587422  
-0.5603626645  
0.7445624198  
3.089128715  
3.721745131  
4.125143746  
4.65499914  
5.336780769  
4.684967457  
4.060495461  
2.786715583  
-0.4894120642  
-4.182711673  
-7.376106655  
-6.218838091  
1.029848086  
-0.9885393237  
-1.909316772  
-1.945312153  
-3.59052823  
-2.097904797  
-0.5549408951  
-0.8154906771  
0.5527657071  
0.9087315166  
2.274894591  
2.503936143  
3.749503294  
3.375890443  
2.959906222  
2.620703656  
1.210239696  
-0.223931315  
-0.7910744079  
-0.3368468811  
-2.117291009  
-4.369661251  
-4.212054243  
-2.837307737  
-1.30870826  
0.382206094  
0.6623072682  
0.8729516731  
1.544473994  
2.400776283  
3.204228443  
2.630094809  
4.058097786  
3.983823875  
4.69535832  
3.145124133  
-0.2010578977  
-2.048871765  
-1.617213588  
-1.715794237  
-3.623562692  
-4.281741097  
-3.86196791  
-3.419155697  
-3.431236447  
-2.675239342  
-2.686429035  
-0.9855670845  
0.1962338112  
1.231764651  
2.093628553  
2.925972573  
2.608407471  
1.058288982  
-0.6209720615  
-0.7446757127  
0.2715580198  
1.065825834  
3.11192802  
3.194309813  
3.056576684  
3.309940814  
3.840787881  
3.148005148  
2.559605373  
1.936489658  
-1.366734681  
-3.892498403  
-5.44908698  
-7.394554903  
-8.152204336  
-5.203118792  
-2.354718649  
-2.031494561  
-3.506294583  
-1.300056014  
-0.8757900896  
0.5663349438  
1.935462826  
0.8540752518  
0.6607479588  
-0.2651114654  
-0.6808458726  
-0.3402683251  
-1.167335976  
0.07841961457  
1.574478436  
0.4380334215  
1.299049628  
1.931407486  
0.8811523093  
0.7204899071  
1.457987514  
2.25540319  
3.916997844  
5.075266049  
5.268682585  
5.005807009  
5.184599988  
4.248996148  
4.331620669  
3.029815722  
1.448704509  
-2.015887797  
0.1400196248  
-0.007848078832  
-2.568478667  
-3.555123083  
-2.746592207  
-4.255946213  
-5.477621057  
-6.373613247  
-5.929643388  
-4.347771371  
-2.837632717  
-3.098777118  
-2.565401493  
-0.5354672661  
0.150785992  
0.04213647508  
1.225438521  
2.10274206  
2.077125894  
1.223302227  
1.875816195  
2.710046302  
2.437700457  
2.430240857  
2.877574016  
3.742838703  
1.754683976  
1.605592751  
1.741829771  
0.7876982693  
2.324498628  
2.274504561  
3.289671444  
3.466591307  
4.004980773  
3.168797191  
1.4970151  
-1.823389528  
-4.862477881  
-6.96685671  
-8.70456865  
-8.168862168  
-6.928682171  
-4.839749489  
-3.631848939  
-2.492112924  
-1.310489443  
-1.002169752  
-0.5294883235  
0.2366787394  
0.8965333571  
1.987444975  
1.885315262  
2.22504351  
3.075086737  
2.284488152  
-0.8182510122  
-1.423446993  
-1.514639169  
-1.356768942  
-2.370894179  
-3.307326172  
-2.226981067  
-1.570875029  
-0.7650763626  
1.026913086  
2.503892774  
1.851887669  
2.731538813  
3.666720383  
3.231032604  
0.6124313069  
0.03320971492  
-1.005002095  
-2.319522563  
-2.727432361  
-2.430005955  
-0.4068585134  
0.02731145914  
-0.024006941  
1.482098062  
1.486051122  
2.189575245  
2.487019855  
2.33970138  
2.691928962  
3.974337853  
3.170939926  
2.467656228  
2.688748225  
2.768118155  
3.803650397  
5.282879795  
4.115602651  
2.03565436  
1.836598789  
1.31024747  
1.518918467  
1.838851358  
1.330035561  
0.1296312412  
-1.898793734  
-2.470269874  
-3.621173383  
-5.910515384  
-3.794134543  
-3.268096949  
-2.98391785  
-2.773179051  
-1.379462006  
-0.2071545088  
0.5657502526  
2.238827813  
3.150547618  
3.793841657  
4.256842395  
4.28300205  
4.358655356  
3.991965837  
4.219315785  
2.976340945  
-0.7034075769  
-3.350570437  
-4.447948166  
-1.882547277  
1.137554754  
2.081539804  
0.4124282078  
-1.02162227  
-2.86812096  
-1.940098068  
-0.2575201843  
-0.1538959843  
-1.062522976  
-3.882589041  
-4.015958542  
-5.069712789  
-5.418475307  
-5.228807439  
-4.516754935  
-4.435387894  
-4.347701364  
-3.449748792  
-3.179697495  
-1.16152158  
0.5482462805  
1.731079558  
3.079782223  
3.546690322  
4.330904951  
4.725713371  
5.145554547  
5.723173949  
5.052369943  
4.475466182  
2.880084474  
-1.901556805  
-4.115339168  
-4.510004467  
-7.740722122  
-5.227058137  
-4.708278191  
-5.417050576  
-4.310947961  
-2.677603987  
-1.048457212  
-1.704724641  
-1.433476353  
-0.9122339966  
0.650854376  
1.774787855  
1.585168647  
-0.719752196  
-1.294411753  
-0.1377003015  
1.22401454  
2.77198205  
3.538840315  
3.237600871  
3.843310173  
4.541888997  
4.197859994  
4.091083382  
3.727502253  
3.765214239  
2.149951785  
1.248428293  
-1.097775865  
-4.512118031  
-7.41042484  
-8.351252966  
