-1.562048468  
-0.531558679  
-0.4869148062  
-1.7799001  
-0.7145843581  
-0.3091099293  
1.003797895  
-0.03962641209  
0.1921790644  
0.8728266729  
0.0980330003  
-1.190513546  
-0.5861626065  
3.148133938  
4.352105919  
1.618657793  
0.6189675848  
0.03255200357  
0.2068056533  
-1.148011079  
-3.390757001  
-1.80934497  
-0.6596570316  
0.5529854463  
0.17952961  
0.2629574711  
0.9695330065  
1.427989028  
0.06180218002  
2.092661582  
3.835450408  
3.447746048  
1.48532582  
-1.357442588  
-0.1181452757  
0.9380256015  
0.0837005121  
-0.5663853273  
-0.8123269536  
0.08077321889  
-0.1197118826  
-0.8720915685  
-1.813712647  
-4.077247014  
-5.925324781  
-6.919309585  
-4.293973705  
-4.112572976  
-5.232460748  
-2.117152853  
-1.501015534  
-2.065459087  
-1.489734032  
0.8940512554  
2.703013474  
2.521642769  
2.492191047  
1.747276206  
2.160031895  
3.828406309  
3.206086025  
0.540572423  
1.549267133  
2.695692658  
1.412234874  
-0.9405055937  
-3.584467353  
-2.944398255  
-1.93905384  
-1.643924235  
-2.145761085  
-1.745924584  
-1.612578515  
-1.851235228  
-0.7569506339  
-0.5606199018  
1.102724331  
2.909767132  
2.859956885  
1.424147533  
3.084042666  
4.200422626  
4.235310575  
2.307024905  
-0.6044855117  
0.9179600092  
2.118540372  
0.7848157164  
-0.3405701636  
-1.706734222  
-0.302988847  
0.2664365409  
-0.4818692873  
-1.731630611  
-4.710861385  
-2.935060041  
-0.7830323517  
-0.397823324  
-0.2997036379  
-0.08838941595  
0.9191319098  
2.830126991  
2.387662739  
1.701717415  
-0.05073700864  
0.7178333151  
1.466279234  
0.3689831982  
-0.3965981308  
-0.7250935667  
1.845296669  
1.878146741  
0.4306348881  
-1.227868653  
-0.6815901359  
0.2365051127  
2.61399883  
2.964785419  
0.9531289702  
-0.3175916473  
-0.8179713433  
-2.727522326  
-3.718115555  
-3.556231334  
-2.0206432  
-0.5748757285  
-0.6077369656  
-2.750732318  
0.02027876443  
3.398300286  
2.524224661  
0.4810652128  
0.2033404796  
0.3517483887  
1.421491417  
1.635360588  
-0.01135011539  
-1.783921394  
-2.050568456  
-0.5170167699  
-0.4291967194  
-2.310500469  
-1.528123494  
0.5005568735  
1.374314543  
0.9961611855  
-0.8079183601  
-2.353300435  
-0.4315045143  
2.15700758  
2.87869575  
2.193137649  
-3.417097714  
-3.749996461  
-3.169524469  
-2.007495146  
-1.341778323  
-1.55494028  
0.3272436653  
2.501556662  
3.40233473  
2.717024808  
2.364007715  
2.481775746  
2.941981167  
2.749842292  
-0.1902331678  
-4.701256239  
-5.594682896  
-4.436700829  
-1.354489216  
0.2305052518  
-0.9135637015  
-0.001225734454  
1.819941881  
1.552558975  
1.572659385  
0.4277329577  
0.2346553924  
1.47050983  
1.956507793  
0.4261270942  
-1.420919458  
-1.011810703  
2.031630819  
2.638906087  
1.041251176  
-0.1772763989  
-0.3305380029  
-1.362515958  
-2.609912253  
-0.5687851138  
2.085716507  
2.250804307  
2.903660579  
0.5761042694  
-2.290738039  
-3.04568205  
-2.076037175  
-0.3233981009  
-0.1911957425  
0.1612955914  
1.276802709  
1.048015856  
0.9078463697  
0.05506417421  
1.670637399  
2.583576153  
2.314778988  
0.4626823101  
-0.5957397331  
-0.870941478  
0.5398476664  
1.312500331  
-2.257294046  
-3.119021358  
-1.738475705  
-0.2059653463  
-0.09738922781  
-1.940126972  
-0.3782648201  
2.095398  
2.230046578  
-0.4936738173  
-0.6893417026  
0.5008991136  
1.420018007  
0.1722080196  
-2.990308877  
-4.341219158  
-0.5453566511  
2.015170841  
1.925831882  
0.1793393011  
-0.1340608059  
1.784761609  
3.533385911  
3.666810508  
1.342562931  
-0.1821983906  
0.5172754677  
0.8546862125  
0.4638583437  
-1.547119954  
-2.816406368  
-0.9417049568  
0.5648588875  
-0.2201857545  
-1.072531368  
-1.208445602  
-2.055770422  
-2.167911818  
-1.418326275  
-1.398836394  
-1.828100377  
1.45712287  
1.784067177  
-1.640241457  
-1.290226207  
-1.971077961  
-1.17170732  
1.663322827  
3.052220684  
3.149203685  
0.7532908818  
1.542979808  
0.5027238658  
-1.218602626  
-1.465034378  
-1.924383876  
0.1042417846  
1.423730177  
1.26014935  
0.9109737517  
1.885619432  
3.723926665  
3.541443967  
1.68866351  
0.3164366585  
0.08146385423  
1.451976205  
0.4964019642  
-1.378295891  
-1.85797049  
-1.852367523  
-0.5029146847  
-0.8033961111  
-0.5435660865  
-0.6291941278  
-1.848447785  
-1.265422377  
0.8880812357  
0.1970553809  
-0.2165842919  
-0.3708876667  
-0.8756142251  
-1.07509671  
-0.3980523233  
0.8721794844  
1.219913504  
-0.1915861389  
-1.494175515  
-1.209557133  
0.4826754449  
1.156718744  
1.030956904  
-0.377612701  
-2.169817961  
-1.157577947  
-0.5521751717  
-0.4648545636  
0.1475739298  
1.164189419  
2.766425416  
2.467696078  
0.7633816782  
0.8839132383  
1.796956519  
1.969833752  
0.05422269965  
-2.346640095  
-2.231400003  
-1.741839298  
0.2459790435  
-1.168386825  
-0.7113690001  
-1.686571033  
-1.413424543  
-1.381359421  
-1.659825303  
0.5751367388  
2.361019122  
1.767900896  
0.6796364219  
0.4820178409  
2.973061699  
3.502117597  
2.649368897  
1.77651202  
0.7023507628  
1.454974511  
2.798356298  
1.707081391  
-1.20259609  
-3.978274031  
-2.832227997  
0.03513069488  
-0.161880568  
-0.5160008769  
-2.252372716  
-3.189898953  
-1.499630049  
-0.4264964281  
-0.5894388046  
-1.103182295  
-1.561564386  
-1.578044588  
-0.1084103549  
1.768336376  
2.750656247  
1.241858839  
-1.217028052  
-1.453669841  
0.005204760732  
1.608168106  
-1.267174658  
-3.633486489  
-3.530358055  
-1.679189706  
-0.3402895546  
-0.970429779  
-3.451220119  
-2.663572131  
-2.434369863  
-0.2075325237  
0.7266965956  
-0.860407913  
-1.639072625  
0.5450794101  
1.733523678  
1.286706724  
-0.255313736  
-0.01049880888  
1.143585202  
1.625594256  
1.933109577  
-0.03962125606  
-1.767320741  
-0.04088041854  
1.295715505  
1.315442876  
1.016228618  
1.553158768  
2.02493551  
2.031016093  
0.3183161811  
-1.456324382  
-2.51831554  
-1.813776376  
0.6815965386  
1.402752566  
1.242794444  
1.216644892  
0.8491016305  
0.5324741592  
3.075507123  
3.500175858  
4.362287981  
2.388483447  
0.3233453721  
-1.12347645  
1.356081289  
1.349332488  
0.2757756597  
-1.203498126  
-0.996170248  
-2.170260618  
-0.8787444745  
-0.2411453464  
0.3542930105  
0.8760000393  
0.2326096632  
1.037564084  
1.152716835  
1.535620675  
0.4597406639  
-0.4382520015  
-1.794012154  
-1.207746993  
-1.09660837  
-0.5192210683  
-1.614308514  
-4.090571633  
-4.494647583  
-4.053412125  
-1.913323217  
-1.009804452  
-0.9886649779  
-0.1903592401  
1.604448819  
4.469320212  
3.568494318  
1.202318805  
0.2804510231  
-0.1952039314  
-2.230826256  
-2.606174422  
-1.277518418  
0.354991837  
1.459322546  
0.3250599732  
-1.611757461  
-1.889140866  
0.2579155825  
1.974101697  
1.99743281  
4.110449297  
3.036224829  
0.8473842294  
-0.9740987858  
-1.660006591  
-0.4203158224  
2.044031835  
1.268727425  
0.4038129382  
-0.3819497998  
-0.1875488076  
-0.2144364376  
-1.757439438  
-2.054765243  
-2.0519975  
-0.8229482072  
0.259975839  
1.62417754  
1.372291355  
1.834798519  
1.653842632  
1.259054519  
1.609165663  
1.714223201  
1.421318894  
0.7823119335  
0.5785583116  
1.072669122  
2.381385063  
2.534475131  
0.1298554229  
-1.119684552  
-2.41954652  
-2.038067807  
-0.005373082443  
-1.644707796  
-2.305445081  
-2.409166092  
-4.089833049  
-5.216968508  
-3.040066536  
-0.6946279651  
0.2157202173  
-0.1429011483  
0.7606250769  
1.360189243  
2.770373502  
3.750105705  
3.933622582  
3.193354444  
3.015131879  
1.883974884  
1.453590455  
-0.8489920046  
-2.349036825  
-1.91753283  
-0.6082561382  
-0.8580188154  
0.5558341682  
3.00326861  
2.675620468  
1.274284165  
-0.2850394741  
-0.4052181736  
0.8349339349  
0.5227589424  
-0.354466267  
-1.0574829  
-2.083430664  
-2.646604756  
-2.163030229  
0.4712332992  
1.194898871  
0.7451427332  
0.4008422693  
-0.9523499074  
-2.645960796  
-3.095616602  
0.161986663  
1.305864451  
0.223203766  
-1.6383713  
-1.071127256  
0.3884619215  
-0.2620732783  
0.8733459465  
-0.6696904418  
-0.7395031094  
-0.5227120489  
1.099994746  
-0.1515393079  
-1.940790056  
-2.25210104  
-3.125386339  
-1.136296482  
1.079772763  
2.128955051  
1.723537643  
-0.272152982  
-1.541924686  
0.4380305823  
2.119218013  
3.454632972  
2.350872588  
1.585673761  
0.1558206145  
0.7367207835  
0.4429190239  
-2.307573717  
-3.690301853  
-2.359296305  
-2.783057261  
-1.584652921  
-1.034031167  
0.5496234655  
0.6984040643  
0.6357951824  
2.029398171  
3.774413668  
2.090113853  
1.08063064  
1.359755385  
0.2358778367  
-0.6247292126  
-1.225199673  
-0.7860202845  
0.4384737543  
0.9429271261  
-0.5710623992  
-3.527707816  
-4.990120193  
-1.334258  
2.149580318  
4.138651831  
