4.106690695  
0.5991400307  
-4.345388075  
0.3441012602  
1.942423897  
-1.286359436  
-5.086684713  
4.55420002  
0.3766820579  
-3.712792217  
-2.731975424  
6.215385507  
1.047585336  
-2.143803944  
-3.354614593  
0.4255212002  
5.88839842  
0.9122209524  
-3.797728333  
-2.558878474  
5.215812825  
0.6097272327  
-2.636722324  
-2.694022342  
4.55956379  
0.5862075949  
-1.637137217  
-4.100707658  
-0.3562346259  
3.182365506  
0.2688155752  
-3.146104129  
-0.7654494254  
3.659242618  
-0.2673501405  
-3.343347521  
3.190977975  
0.752797352  
-0.5319830763  
-3.542794744  
0.1676172617  
3.89663339  
-0.6646128722  
-5.181464832  
0.05515092345  
3.8728108  
1.404681433  
-3.244630415  
2.164385048  
1.118311788  
-0.660987568  
-3.563361591  
1.186894905  
4.160528045  
0.3312313603  
-4.165821562  
-1.612222925  
5.636651156  
0.245698878  
-1.866157331  
-1.652367314  
5.070645987  
1.128746459  
-0.3932504117  
-4.144417149  
-0.8095905774  
4.107518824  
0.6060452296  
-1.951431294  
-3.105398216  
3.459010151  
0.9860777671  
-0.757419042  
-4.876192516  
-2.79349144  
6.151156091  
2.021075351  
-0.6055986069  
-4.062820722  
1.862885156  
4.552677637  
0.7493834928  
-2.566613291  
-3.68814057  
3.613282425  
2.724448302  
-0.3165551548  
-5.34999207  
-1.609340681  
6.07499992  
1.276633891  
-0.8506942118  
-5.032556494  
-2.898930309  
3.63251951  
1.94773833  
-0.08897344005  
-5.025590958  
-2.181456527  
5.405583698  
3.292205757  
-0.4702711473  
-4.757017073  
-2.236921086  
5.84265694  
1.036875539  
-2.374970004  
-4.987195595  
-1.23522931  
5.759231501  
1.285875875  
-1.744398774  
-4.369652342  
1.530631759  
6.29232505  
2.137842691  
-3.167828718  
-4.236991301  
2.398933875  
4.158899251  
0.1348335651  
-3.924237914  
-3.218808416  
4.572091375  
1.791384978  
-2.480206765  
-3.610494321  
2.64889248  
3.004615079  
0.2986629417  
-5.190719704  
-2.187295744  
3.586519712  
0.6293108482  
-1.224926569  
-5.072139989  
-3.767514574  
4.771731202  
2.398248185  
0.7610447514  
-3.855734277  
2.355824139  
2.982454639  
-0.05536203778  
-4.390102805  
-0.7055373433  
4.238920332  
4.916952231  
2.579931974  
1.632969954  
-3.092588242  
-4.728807796  
-0.1884674533  
5.941580693  
0.3502134155  
-3.24599719  
-5.992235512  
-2.182214003  
5.075396932  
0.7814304991  
-3.28302034  
-3.12901477  
3.045951952  
6.664197165  
1.944134072  
-1.696074621  
-3.881157938  
0.7187354195  
2.543424647  
-0.1220716742  
-4.877847459  
-2.082187207  
4.681218942  
4.89882635  
0.5912248097  
-3.127533263  
-5.310329785  
1.917170861  
4.628093976  
0.6174703688  
-2.916673801  
-4.296849547  
4.69479051  
2.290656293  
-1.070216969  
-5.456596277  
-0.6896002836  
4.00342291  
1.200875475  
-4.678039585  
-2.11965301  
4.943010405  
0.9793803307  
-3.019312511  
-6.04327157  
1.312421748  
5.146421788  
1.822469829  
-2.277736027  
-4.343621093  
4.076551311  
3.624759197  
0.4451274991  
-4.751901557  
0.9886660485  
6.694326314  
1.878312838  
-2.52158239  
-6.385737852  
-2.027616092  
5.346382027  
1.128963066  
-3.675637725  
-5.693602822  
2.540252505  
3.444605754  
0.638466189  
-4.684956399  
-1.865747844  
5.928146084  
3.915662075  
-0.174334052  
-4.699475781  
1.011044716  
5.274420567  
1.919838503  
-4.653181246  
-5.778333313  
-1.461491903  
4.762453301  
0.4452555168  
-3.985316772  
-4.205603684  
3.084715151  
4.635856241  
1.053871793  
-3.767612314  
-4.223320161  
1.772729374  
5.635864544  
1.625801753  
-2.934360076  
-6.352339374  
0.1867859924  
5.673425772  
3.176929989  
1.206275227  
-3.350795506  
-4.825641291  
3.772722971  
2.997297666  
-1.179795751  
-6.327935139  
-0.2548652195  
5.29433806  
3.596381002  
-0.09494182788  
-5.069388856  
-2.944082104  
3.294361524  
5.292527788  
1.734243103  
-3.178865819  
-3.674610389  
5.946855547  
2.511332203  
-2.709094726  
-5.587612549  
2.229243591  
3.197389045  
-0.2835261218  
-5.112058135  
-4.539520076  
2.695587307  
6.094558479  
1.866711987  
-4.51178727  
-5.051483745  
3.332019073  
3.912906096  
0.1802018832  
-5.979938843  
-3.938412428  
3.134015741  
6.777042241  
3.546926406  
-0.5409675598  
-5.663714741  
-2.134167604  
4.448236735  
3.040940201  
-0.2446409555  
-5.470103716  
-4.340223178  
4.832560078  
-3.65679595  
3.09921592  
3.892228076  
0.4143724657  
-3.288211985  
-4.950887236  
0.5995896855  
4.378647938  
1.553226216  
-2.931217857  
-5.47312943  
3.045008914  
2.671960538  
0.5914953528  
-3.815819242  
-2.471784401  
6.495579525  
2.857905418  
-1.459266752  
-4.710233701  
-1.773256686  
4.09702709  
1.286049069  
-3.804193831  
-3.2664947  
3.602859936  
6.492099875  
3.935100171  
1.259248034  
-3.709618118  
-6.299052752  
-3.326620701  
3.115860479  
5.277108018  
2.208140155  
0.08942805606  
-4.446552084  
-4.044330064  
0.5858607387  
6.297113657  
1.202987276  
-1.120956135  
-5.547912014  
-2.352366794  
5.723263352  
2.309656273  
0.88081569  
-3.137197588  
-4.357773492  
-0.5612993517  
6.530054277  
2.102808689  
-2.845238678  
-5.702163564  
-0.2947779833  
6.0114682  
2.851931248  
1.035292514  
-3.595614555  
-5.813129137  
-2.738588971  
4.070860054  
6.101294621  
2.825396023  
0.04736275131  
-5.870348455  
-2.478629704  
4.368780921  
0.1109822121  
-4.008261014  
-5.10771967  
1.156898964  
4.159514398  
2.16595121  
0.1386318795  
-5.049243249  
-2.537386281  
4.96306709  
2.712139911  
-0.08501224012  
-5.265880028  
-2.34227595  
5.391193308  
1.988707894  
-0.3582462079  
-4.356385793  
0.2885670011  
3.672790715  
0.02493772388  
-4.708161817  
-4.880067904  
4.217630322  
4.94583081  
2.603252839  
-1.015769088  
-4.89519548  
-1.94042964  
6.322469967  
1.830875024  
-1.040914476  
-6.012472627  
-3.770097418  
4.221026211  
3.920806019  
0.4723735615  
-1.533069586  
-5.918029358  
-2.961617436  
4.406765181  
3.61941144  
0.8342336897  
-3.055864967  
-4.637947179  
1.102331244  
5.590541689  
3.470082119  
-0.3347460152  
-3.176610184  
-5.33460682  
-2.081771459  
4.254020073  
5.247603607  
2.01854839  
-1.647123867  
-5.637552264  
-2.887889972  
2.452236961  
5.801339093  
2.525531162  
-0.6351397285  
-3.788929232  
-5.816839209  
-2.04010559  
6.442445929  
3.394308778  
1.070401883  
-4.936220339  
-4.29607085  
3.487252519  
3.347231283  
-0.8242238567  
-5.242153731  
-3.916118771  
3.995462981  
2.460092418  
-3.336191612  
-2.556381434  
4.843193695  
3.06734502  
0.5767238172  
-3.547893037  
-2.299854911  
4.904839856  
1.63153689  
-3.526324551  
-5.769235545  
2.307690103  
2.992951657  
-2.612861125  
-5.755798469  
1.728834951  
5.747181095  
2.857488173  
-2.676569598  
-2.934733379  
5.875594202  
3.555867347  
-0.280191161  
-5.17540058  
-3.856278579  
5.551078415  
4.472063294  
1.291686666  
-3.348508966  
-6.198412023  
-1.968631001  
6.64117881  
3.302618722  
1.402611586  
-4.499475006  
-4.2209916  
6.054861897  
5.184877703  
3.908682434  
-3.146599059  
-5.096657541  
2.103051719  
5.383175024  
2.903491253  
-1.352178919  
-7.776013909  
-4.278883771  
1.72045935  
5.162666802  
4.185475579  
0.4414634932  
-6.220261427  
-4.093642398  
1.479284933  
5.326794545  
4.764622185  
1.647477899  
-2.676698208  
-6.707246332  
-3.879357309  
4.390865977  
4.238282486  
1.585308907  
-3.069075137  
-6.855858941  
-2.747113943  
7.190553893  
6.053991456  
1.697261039  
-3.601908616  
-7.116540866  
-5.246172276  
4.736928142  
5.488817485  
2.616655736  
-1.545089886  
-6.8527091  
-5.726217913  
0.7644127621  
5.058685435  
3.274994992  
0.5660595118  
-5.651508596  
-6.231863225  
-1.494455458  
5.356381973  
4.461795335  
2.076859917  
-2.258642734  
-6.582567295  
-6.908219369  
-2.655891721  
5.193636581  
4.630483403  
0.9104616187  
-4.49394301  
-3.754987215  
6.271672555  
4.130796484  
1.516491818  
-2.92899397  
-6.192213057  
-0.9247385511  
6.519282654  
4.32600696  
2.290137618  
-5.509668371  
-5.939762142  
2.237690783  
6.0899023  
4.921191151  
2.848578921  
-0.4004007349  
-5.137697146  
-5.554277941  
3.301786922  
4.770415574  
0.8713558763  
-4.014805095  
-4.249653891  
4.02025312  
4.010537473  
1.595356632  
-4.034552951  
-6.810306265  
-3.312974041  
4.018675978  
5.029933543  
2.057859832  
-1.287025969  
-5.242056496  
-1.827569947  
5.686500278  
3.925852967  
1.324238068  
-1.369065268  
-5.045733647  
-4.577635978  
-0.3808903311  
4.369802623  
5.230396673  
2.630923593  
-1.281896024  
-6.232198662  
-4.329424671  
1.843215002  
5.684782099  
2.435882419  
-1.162182957  
-3.75403833  
