-1.180612115  
-1.392914024  
-0.5458927788  
2.732203771  
1.310887196  
0.210859465  
-0.1802317703  
1.778321023  
-1.383751372  
-3.194901933  
-0.6409491099  
1.792309624  
-0.9702573992  
-1.304929038  
-0.599232071  
1.700019854  
0.672358178  
-1.174299515  
-1.998046532  
1.768318266  
3.275544073  
0.1791416747  
-0.4480220916  
1.685575112  
2.554280704  
-0.5174688851  
-2.297434664  
-2.808370798  
0.4853238233  
0.8993889689  
0.7951191932  
0.7727591273  
3.54143046  
1.749747855  
-1.233750645  
-2.75829704  
0.1278821658  
-1.186560195  
-1.702506986  
-2.474748438  
0.2395418838  
-0.07365243705  
-0.7408915654  
-0.3170162481  
2.67546503  
1.32860033  
-0.6636127869  
-0.4809434213  
1.642815763  
-1.439401246  
-2.63936204  
-1.872133923  
1.594681979  
0.8032116303  
-0.1323133124  
1.316153881  
4.644315245  
3.983243297  
-0.6487885029  
-3.682882381  
-1.567975016  
0.2436938237  
-2.742351793  
-5.196212687  
-3.449981686  
2.41420887  
1.438389584  
-0.6317252428  
-1.703186089  
-0.5123858145  
2.431419859  
0.9028345366  
0.6063046615  
0.1323087595  
-0.1572785378  
0.3910997071  
-0.67723843  
-0.2302612659  
0.3025660297  
0.6168887174  
-1.336618858  
-0.8467956636  
-0.9211802407  
-0.1322472043  
2.440288148  
0.3377883768  
-0.6101412707  
-2.050115407  
-1.077431351  
-0.6506294743  
-1.483917262  
-0.622752488  
0.2193452247  
1.841548597  
2.359946607  
0.1040507942  
0.0622003618  
-0.02974314129  
0.5849184571  
2.237260018  
1.753940521  
0.4106760968  
-0.5347489613  
2.170525529  
2.265144026  
-1.5707282  
-3.605443144  
-4.723649314  
-1.807276979  
0.4839741244  
0.08746808889  
-1.365687272  
-0.8867783747  
2.050923068  
2.381041312  
1.902794859  
0.6766989  
1.730795583  
3.619942528  
2.68471057  
1.447401189  
-0.8103996763  
-1.022304373  
0.8152742658  
-1.496976883  
-2.771069113  
0.200532849  
3.506011282  
2.653091786  
-0.4096136413  
-2.571681728  
0.3166699995  
2.477273795  
0.6313562116  
-0.4879369741  
-1.333645958  
0.2464519892  
1.762519839  
-0.03004088273  
-0.9639540914  
-1.869294984  
-1.230969007  
-0.8928378378  
-1.917144697  
-4.723062598  
-2.852645635  
-2.212885142  
-2.801780308  
-4.041405905  
-2.275082469  
-0.2798008172  
1.855346347  
4.220343461  
3.21325306  
0.9214633111  
0.1853561096  
1.312898947  
4.048517627  
2.984188067  
0.0292720036  
-0.7351268629  
-1.039258111  
0.07910126476  
1.790379523  
2.003814894  
1.311165723  
-0.6904481065  
-0.4243100843  
-1.676836979  
-3.779169826  
-3.833734001  
-1.425488181  
-0.5096214195  
0.04356177337  
0.1660107689  
-0.125522877  
1.709510976  
4.384923456  
3.554424827  
2.088018329  
0.3324321071  
1.670781553  
3.427016728  
-0.4678090415  
-2.301000902  
-2.341192318  
0.08371116991  
0.3794137097  
-0.5988575323  
-1.708362175  
0.2821741662  
-0.8268768107  
-2.701682827  
-4.276589437  
-2.539988596  
1.233971451  
2.215607822  
2.287058904  
0.2955362065  
-1.057281605  
-0.8637921336  
-1.372326844  
-1.448284723  
0.03951250707  
1.81499132  
-0.4666214229  
-1.30245872  
-1.76793216  
-1.802604599  
2.24785326  
2.260443201  
0.05077220571  
-1.305609647  
0.1966437432  
2.261228487  
0.6836958685  
-0.8207160975  
-1.444515227  
0.2245241445  
0.8403707278  
0.4316815902  
-0.3276678234  
-1.390507768  
2.542279571  
2.371455522  
1.088294551  
-0.7609439882  
1.082507225  
3.27900281  
2.900409738  
1.964107359  
-0.916880844  
-1.856816058  
0.9748431801  
0.6717229961  
-0.570437866  
-3.304473849  
-1.916728847  
0.9594585135  
0.8011759461  
-0.8883290993  
-2.447131607  
-0.7613278387  
2.24593078  
0.8432190456  
0.975204421  
1.551980242  
1.125225868  
2.535648941  
3.212283432  
0.6110355862  
-0.1199397235  
-2.591921889  
-2.105520014  
-1.988740893  
-1.204433776  
-1.348582564  
-2.372950117  
-1.711949114  
-1.530992256  
-1.150758469  
-0.7181290301  
-0.9986401103  
0.6214453093  
1.992903398  
0.4610763756  
0.3435969321  
1.053233413  
2.827039  
0.109014927  
-0.3114807122  
-1.622190873  
-2.267139557  
0.5007480518  
0.5310672636  
0.9462002635  
0.1880197518  
-0.550689961  
-0.2498145877  
-1.359457398  
-0.5912122003  
-0.8999561659  
-0.138829266  
2.007238184  
1.52885822  
1.728225225  
0.7728021695  
-0.364895623  
3.003683534  
2.697987002  
0.7879762585  
-1.434285809  
-2.681668338  
-1.973980531  
-1.31303848  
0.6505986325  
3.026687005  
1.928906173  
0.467278951  
-1.126153346  
1.047193796  
2.659029959  
2.077925851  
1.568691069  
0.7253784957  
-0.04535884979  
1.521289543  
0.7706581363  
-1.386046147  
-4.053244408  
-3.676364411  
-4.472651411  
-6.687189182  
-5.682720225  
-2.428721548  
0.3655750322  
1.380291774  
0.3935399048  
-3.094082479  
-1.779832404  
1.22459038  
2.080225143  
2.348408261  
1.042745765  
-0.170918451  
0.1901969375  
2.061972868  
4.050448441  
2.995316501  
2.369450914  
1.891307602  
1.420932463  
2.866085002  
4.587596376  
3.10422119  
1.196605232  
0.04834721239  
-0.5429393891  
-1.349526178  
-2.802903398  
-4.637986456  
-4.182474443  
-3.207779645  
-0.8157432341  
1.806796594  
0.615496366  
-0.4099820787  
-1.34048498  
-1.285318384  
1.053813865  
-0.2674866468  
-0.7331193909  
-0.699311041  
-1.508659075  
0.1328100246  
1.146001886  
2.320405599  
2.143469455  
1.047379283  
0.3623494216  
0.3340589063  
3.164787297  
3.426772315  
2.22426879  
2.167849903  
3.179490689  
3.054120341  
-1.483342993  
-4.580489882  
-5.460549395  
-4.249406847  
-1.373825536  
-0.6395298163  
-2.585727598  
-3.575344467  
-2.136840989  
1.665259765  
2.151952597  
0.6070113473  
-0.4441988694  
-1.148235345  
0.6801212894  
0.2951583338  
-1.073972528  
-2.229476107  
-1.413984332  
1.330128726  
1.101499133  
1.350392618  
0.8487077482  
0.4798810845  
2.136049583  
-0.2654403903  
-2.00221505  
-2.432474747  
-1.871776308  
-0.616237141  
0.5892863718  
-0.197330128  
-0.03069117428  
0.09683761363  
0.3901239321  
2.601586176  
2.538653382  
1.733449896  
1.359090996  
-0.7610875692  
-0.4573745339  
1.674261023  
1.678839394  
0.3125330733  
-1.83502758  
-3.529891784  
-3.497612478  
-0.2014032449  
2.401564252  
2.157084462  
1.709303348  
-1.050163991  
-2.645119735  
1.840138512  
2.031816273  
1.451143029  
0.8737641421  
0.6422153119  
0.5236712776  
1.489613302  
3.700834292  
1.070271742  
-1.258059401  
-0.8501703432  
0.007981062747  
1.852845987  
3.688377534  
1.635534542  
-0.096870109  
-2.182885559  
-0.4659094082  
-0.2685309342  
-1.52383817  
-2.422888002  
-0.7894022784  
0.1076333835  
-1.604417141  
-1.708110806  
-2.350204608  
-0.6078875861  
-0.6744563604  
-1.09162467  
-0.940744681  
-0.9221078196  
1.198995793  
0.5134160085  
-0.82726961  
-1.217589835  
0.0004517284382  
-0.8819331665  
-1.57614745  
-2.230264979  
-0.3604469352  
0.9295082383  
-0.1301532021  
-2.302640696  
-2.970560702  
-0.7850813251  
-0.07170104083  
-0.05916037058  
0.1295097718  
-1.059843562  
-0.2051763316  
2.103867304  
1.905631254  
1.130614766  
1.170253087  
0.1461948021  
0.9799327703  
0.9411867813  
0.3781915148  
1.253428534  
0.2114136698  
-0.4289297104  
1.230698892  
-0.04919997636  
-0.4351460466  
-0.2787032296  
-0.9128620645  
1.237814721  
1.632968029  
0.5555066892  
0.8184095948  
1.708316204  
0.8712201326  
2.298183015  
2.174017027  
0.2758333634  
0.6424075287  
0.6440194755  
0.1819327387  
-1.155838835  
-1.262785194  
-2.767528218  
-1.931894731  
-0.1986566802  
-0.03299391028  
0.6771205669  
2.923169483  
1.175698525  
0.3628442496  
0.4989496092  
-0.08398501  
-0.06318145932  
1.72943034  
2.164648417  
1.275805527  
-0.08176205175  
-0.929759562  
-0.5335306042  
0.5643789665  
2.514618857  
0.8131548102  
0.2203747566  
0.6681410534  
-0.310506453  
-0.3609748933  
0.8620199447  
-1.540437101  
-1.316045657  
-1.770162991  
-1.916874239  
-1.311261872  
-0.1873792622  
3.289519839  
2.955688152  
1.430230667  
-0.3774165124  
-3.873239646  
-3.924461171  
-2.678917985  
-3.119146384  
-2.375947233  
-2.387877344  
-1.119262574  
2.648504502  
2.579310932  
2.943947762  
2.640843861  
1.300351439  
2.396219013  
4.079315461  
2.42280531  
1.539416747  
0.3454792234  
-0.6943799016  
-2.41553285  
-0.8556373502  
0.9688317901  
0.2001600035  
-1.484567403  
-4.675223001  
-5.191013976  
-3.669520564  
-2.884786721  
-3.236913891  
-4.46105365  
-3.637671899  
-0.6174363641  
-0.3713786516  
-0.2746082441  
-0.2489743546  
0.5644447159  
0.7853964214  
2.017955003  
-1.090186429  
-1.89131071  
-0.07392642422  
0.221579448  
0.3512252643  
2.089882714  
3.756155325  
3.546770737  
2.727771145  
1.00828904  
-1.533351828  
-3.791924403  
-1.816202785  
1.586476209  
1.803552013  
1.928322472  
1.091531632  
-0.7361224221  
