3.876560371  
0.5684778237  
-2.035327161  
-1.678343454  
0.1848854189  
-2.395681175  
-3.652737186  
0.6946022529  
-0.8657477009  
-0.1876647694  
-0.3846020653  
2.399452949  
0.3503510496  
1.502975253  
-2.247124633  
-1.250014817  
3.700597032  
0.7994617691  
0.5857677705  
2.011642774  
-0.6761940074  
0.5609644589  
0.933745516  
-1.186019862  
-1.286698295  
3.132567523  
1.367063469  
-1.307274844  
-0.912790614  
2.14913542  
-0.924428155  
-1.675268927  
-0.02259437802  
-0.6395909813  
-0.4254954793  
0.2582031841  
-0.7243900844  
1.018386292  
1.885507193  
-2.241610589  
-0.7761314745  
3.024901088  
1.295663137  
-0.7493759345  
-1.57710665  
-2.746037725  
-0.4743731638  
-2.366437924  
-2.925355336  
1.210221569  
2.136775904  
-1.001223124  
-3.090630006  
2.162539767  
-0.4687923386  
-1.428194527  
-0.7182730765  
0.5903994702  
-0.9921653244  
0.4794096956  
0.1321689678  
-1.002041347  
3.093652971  
0.7648647315  
-1.096439134  
1.924429714  
1.752558188  
0.6409774505  
2.111764875  
0.6056186624  
-2.035804417  
1.13342184  
-0.6625063238  
-3.613387351  
-1.697818088  
0.156833056  
-0.6535075038  
0.7126443294  
-1.89202829  
-2.034392047  
2.735642328  
-0.4152195187  
1.724879502  
0.9452795287  
-1.918455834  
1.711741579  
0.1345342647  
-0.8680547644  
0.2675391758  
2.092914041  
0.6384340579  
-0.3088758191  
0.04741166012  
2.074417657  
-0.0124215707  
1.590121061  
1.343578127  
-2.447694219  
-1.642079957  
-2.13153421  
1.078163992  
-1.147623083  
-0.6630586674  
0.07924165992  
-1.696805033  
0.6624954519  
1.36177321  
-2.694188978  
-0.06312653131  
0.4083236524  
3.537848931  
3.167454391  
-0.7925559754  
-0.772604145  
2.899314532  
0.7851435554  
1.121699688  
-2.850750573  
-2.163054077  
1.01347089  
-0.7691384247  
0.8993991423  
-1.583739863  
-1.331923238  
3.417723258  
2.564249672  
0.1216546332  
-2.521207721  
1.51825788  
-0.3979418118  
-0.2674196372  
-0.5785972449  
-0.1076895565  
3.400585904  
0.9048739583  
-1.995215843  
-1.328327643  
-0.5330340003  
1.353525325  
0.494899569  
-1.316328449  
-1.661587777  
1.19289079  
-2.644072231  
-3.489678336  
-1.661033972  
-1.568546805  
1.06536891  
2.339964725  
0.2492748328  
1.955545266  
2.301749862  
-0.1564821116  
2.771973328  
-1.063316245  
-1.163239613  
-3.228708298  
-0.5701855401  
1.577094791  
1.305201121  
3.24275559  
0.391581331  
-1.743627227  
0.1144542349  
-0.2389788493  
0.5086098507  
-1.865354042  
-2.918139482  
1.987625582  
-0.6223146111  
-1.333139994  
-1.752769012  
-1.412551319  
1.668766839  
0.9951306824  
0.8867015533  
-0.7268689679  
2.101835783  
0.5012712279  
0.4466725445  
1.281650994  
-2.307156471  
-2.104076287  
1.052168965  
-0.8930885601  
-2.857146597  
-0.7332034851  
-0.2967943424  
0.8596515243  
1.294633841  
-2.306166612  
1.984889776  
0.5247527162  
1.281596275  
-1.467042405  
-0.1154990455  
3.600061029  
1.357804842  
0.9237010326  
0.6832711834  
-0.8978058631  
0.833786288  
-0.6895993664  
-1.885803312  
-0.3477764472  
-0.950031959  
-0.2337621459  
1.309123441  
-1.211134523  
0.8346072847  
0.4917393681  
0.6337709053  
1.919884155  
-1.100704114  
-2.783794642  
2.682651152  
1.327047971  
0.3755898988  
0.7520559777  
-1.370927449  
1.771104195  
0.926749772  
1.76214746  
0.07305466337  
-0.5862901445  
-1.455925122  
-0.6828465861  
-2.319830056  
-1.777514494  
1.879102664  
1.340581025  
2.634386806  
1.114181935  
-2.117384012  
0.7045676256  
-2.100006151  
-0.8360084462  
-2.218829656  
-2.255706018  
-0.5549789048  
0.9579367862  
2.021263499  
-0.4369528826  
0.2690196744  
-0.6032793006  
1.821645687  
0.3823504596  
1.76673874  
-0.7894478332  
-1.125020524  
1.958385364  
-0.7655186126  
-3.334288171  
-1.604206788  
-2.34656707  
1.733401039  
0.8070150253  
-0.3851398642  
-0.1912065026  
-1.402388917  
0.6477103975  
2.230591028  
-0.01343282471  
0.6871316603  
0.6638920422  
4.153150362  
3.890011295  
-1.723116072  
-2.776149296  
1.245088459  
-2.136849395  
-2.087762819  
-3.692067612  
-1.512875522  
1.546489904  
2.455394185  
2.386759661  
0.2557569328  
-1.736853275  
2.672974964  
0.09640981178  
-1.378469187  
-1.681996156  
-2.073197808  
1.376558941  
0.7845533109  
1.37082657  
-1.829416407  
-0.8195230258  
-1.154310061  
4.372245402  
2.986654213  
1.732451925  
-2.052827767  
-4.122398146  
-0.153497322  
-1.905061157  
1.991067916  
0.988909568  
1.679437446  
-2.479748135  
-1.273437211  
-2.118491574  
1.201309511  
-1.088963489  
-3.464154064  
0.3396154127  
0.5307115307  
2.778593034  
-0.9984183323  
-0.1551161224  
2.824019562  
2.989285965  
2.820033913  
-0.7255037011  
-1.812706025  
2.012972235  
-0.2795428419  
0.7807607287  
-0.04728682531  
-1.723358429  
0.6526038343  
0.9144986122  
-0.3499642124  
0.4378633422  
-2.305480461  
-1.338951433  
-1.131741174  
-1.530128329  
2.711600706  
1.816714767  
1.758965307  
-1.72831811  
-2.014086989  
-1.382483868  
1.454041113  
-0.2943391642  
-1.550863605  
-0.4070483746  
-0.4485657049  
1.632510345  
0.188019809  
1.400447883  
0.8549355532  
-1.320233813  
1.344179097  
1.709137221  
2.27158416  
-1.610426079  
-0.9069648217  
-0.9279943739  
1.101121158  
-0.4873634036  
-0.3054065673  
-3.030320818  
-0.7012613773  
-1.354500049  
3.485845805  
1.956402716  
3.789088475  
0.007003162618  
-0.769864994  
1.046246368  
-0.1367183829  
0.7941204584  
-2.348262935  
-1.929426406  
-0.7428533266  
1.041919254  
-0.6250816381  
-2.619530073  
-3.457605445  
-4.131850963  
-0.2702540153  
-1.571403835  
-1.735195082  
-1.364845875  
-2.006574398  
-0.1860106126  
0.9581462975  
-2.371452609  
-0.8391102666  
-0.7304852534  
2.370795843  
0.3030359348  
0.1532524256  
0.1527944222  
3.979876509  
1.902177876  
0.05687243293  
0.6261959306  
-1.627882787  
0.4534812858  
2.40091689  
2.340671857  
-0.2457866786  
0.9332001331  
-0.02651032336  
2.567604254  
1.972041728  
3.194420757  
-0.8688466023  
-1.957826817  
-3.506165162  
0.8322484199  
-1.981324766  
-0.5618230665  
-2.338237217  
-0.2679346941  
-0.1185035237  
3.4582417  
1.459027981  
1.016583519  
-1.304347366  
-0.4890355472  
-1.510653957  
2.48185222  
2.971487115  
1.451591515  
-0.4009520234  
-0.3201688873  
-1.117108038  
-0.8153667164  
1.877102843  
0.02843803106  
-1.104042058  
-0.1119516362  
-2.458004594  
0.8236533376  
0.9443887539  
1.445017358  
1.143034625  
-0.2193075476  
-1.429781125  
3.447183979  
1.249374151  
1.119631106  
-1.937891337  
-0.4216429093  
-0.6754142463  
-1.086236929  
-1.726282863  
-0.7925408024  
2.704200097  
1.248173704  
-0.2767514191  
-1.539240651  
-0.7774726082  
1.208269534  
-1.69255242  
-1.637516924  
-3.066004159  
1.267057366  
-0.4019459983  
-2.819252743  
1.388213485  
3.895943144  
3.424845681  
3.040380997  
-1.498629564  
-0.4541286963  
-0.02114144328  
-0.2765010037  
-0.7569277776  
-2.575874033  
-2.195352887  
-0.1380762358  
1.643913857  
1.419667426  
-0.9091639517  
-2.251197916  
2.413320418  
2.934635628  
1.109258431  
1.408024951  
-1.25037298  
-0.6907574354  
2.879369177  
1.533729478  
0.1407204645  
0.7817872013  
1.236406191  
0.9760689943  
0.6693212392  
2.408249783  
-0.5816775556  
-0.6741747965  
-2.184978202  
-2.075935132  
0.5111133042  
1.742763031  
0.6775306414  
1.6661467  
0.8619661902  
-0.3038837604  
2.504965596  
0.7410095945  
-2.677073866  
-4.160983218  
-5.406083896  
-3.316359207  
0.6322813727  
0.2579353073  
1.570115196  
-1.257064218  
-3.509845551  
0.09462606253  
4.116155972  
4.230027012  
2.176556416  
0.7852181824  
-2.478813219  
-2.456476474  
1.558607527  
2.890947536  
2.052287414  
-0.3103209601  
-1.418109745  
0.20537306  
0.5413745671  
0.9744883477  
3.567266885  
1.166413001  
-2.523146301  
-0.8787414363  
0.08063592278  
1.608797109  
0.1353225452  
0.3996757735  
-1.95611194  
-3.707628278  
-1.398600761  
-1.740074323  
2.212765167  
2.154454673  
-0.6000710547  
-2.53599648  
-1.778619831  
-1.81772308  
-2.979200564  
-1.246624065  
-2.730556342  
-2.916697856  
0.2929185892  
-0.6751923495  
0.3002918746  
-0.4490483832  
-0.8122644352  
-2.146885078  
0.3380868588  
2.642205392  
2.86159748  
3.291540853  
2.998404675  
0.259723064  
1.193030878  
2.123127937  
0.07754926432  
-0.9302464402  
-1.769640955  
-1.29289058  
0.3210767148  
1.518030904  
-0.6175523227  
-2.785073352  
-1.451171573  
-2.349817796  
0.4625650783  
0.7694627013  
-1.337622059  
-0.9947671929  
-3.527205161  
-0.5645097511  
0.1800933044  
-0.1096309607  
-0.1974854234  
-1.356647689  
-0.6005831377  
0.9595319565  
2.23355884  
2.955692511  
1.899232198  
2.894041652  
-1.0940554  
-0.9104600804  
-1.458290464  
0.3441316484  
0.8212322094  
0.1573860242  
-0.2714993327  
