-0.2325386175  
1.514159675  
-0.1086884389  
-1.476880358  
-0.6427334815  
2.094947867  
0.02247953402  
-1.152461223  
0.8918348733  
1.797091766  
-0.239731347  
0.2789538388  
-0.3522257196  
0.7083086775  
-1.079549078  
-1.05144372  
-1.153503946  
1.001422521  
0.01953531322  
-1.738610062  
-0.7701058584  
1.517050711  
0.9861104046  
-2.584036367  
-1.875357644  
-0.7912278175  
-1.08855761  
-1.822646812  
-1.553835039  
-0.6109695597  
0.7111523228  
1.716207962  
0.9895500509  
1.584003438  
2.438254014  
0.5120651714  
-0.1922497858  
1.352552947  
2.070393283  
1.773657247  
1.511395539  
2.44028044  
2.743185108  
0.2058328708  
-2.357753177  
0.03138365744  
0.265783438  
-2.29114276  
-2.221665869  
-1.728713465  
-0.7018727141  
-1.857969712  
-1.018964115  
0.1286880309  
1.387396386  
1.440137172  
-2.245966784  
-1.6350534  
0.0274599581  
-0.2357324131  
-4.154592871  
-3.954911287  
-1.783673725  
-0.9077863621  
-0.02364048431  
-0.6227338672  
-0.8534663364  
2.580193818  
2.298555328  
0.229553878  
0.4235323629  
1.402549521  
2.887727885  
1.815240964  
1.186867857  
0.3155746292  
1.194447573  
0.1360507186  
-1.559885883  
-1.656781476  
-0.6798057892  
0.476462608  
-0.4608983663  
-2.721089186  
-1.370846768  
-0.04556914904  
1.448379844  
1.577582184  
0.2871315391  
0.5044477182  
1.683811739  
1.137020502  
1.458846586  
0.1378862057  
-0.4748444556  
0.9880345645  
1.61710464  
-0.04464761347  
-0.8218967687  
-1.433222024  
-0.2475878497  
-0.2677140239  
-0.7999550681  
-2.364564169  
-0.5291170464  
0.1302905185  
-0.2494398409  
-1.829573409  
-1.196009522  
0.09846828158  
2.56424672  
2.621477722  
-0.03329373582  
0.896554114  
1.201450578  
2.598793892  
1.546738778  
-0.5354220066  
0.5779097532  
-0.2329364006  
-0.1758376476  
0.03364421602  
-2.966245012  
-0.4473678587  
0.4219388789  
-0.4413882578  
-2.671075739  
-2.11704327  
1.191407772  
2.451396332  
2.086529508  
0.04392137108  
-0.2359445413  
1.102619981  
-0.5428861856  
-1.559265144  
-2.52991126  
-3.114462363  
-0.3148155262  
0.1297613871  
-1.715682911  
-0.9845792875  
-0.3217592135  
0.818282506  
0.000567075998  
-1.789524672  
-1.118972447  
0.02928966098  
2.274895196  
2.899073451  
2.007637133  
-0.1997338192  
-2.089131222  
-1.591312719  
-0.006885780939  
-0.4668581051  
-0.9662952242  
-1.892339948  
-1.70856375  
0.80628662  
1.229350015  
-2.301862866  
-0.9360727117  
0.5497982474  
3.053034095  
3.000893872  
-0.4119220597  
0.9954267596  
1.956752787  
1.444367056  
-0.48624831  
-1.779331892  
-1.567535215  
-1.012649232  
1.881593563  
2.522196292  
1.085645848  
0.3610962835  
-0.9662958932  
1.004867857  
0.8440019729  
-2.480830492  
-1.01802716  
-0.4059305202  
0.6276396142  
0.4308654704  
-1.857075875  
-1.602382733  
1.8404461  
1.260381327  
0.3382174291  
2.304071218  
3.318879374  
2.736060995  
-0.3748602074  
-0.996175164  
-0.4209059831  
-0.5807537342  
-2.182338733  
-3.674851102  
-3.248017641  
-2.950471645  
-0.06343460191  
1.010888795  
-0.8221943837  
-2.193835216  
0.8442041017  
2.419757759  
1.299555848  
0.01762767514  
-0.7338585401  
1.056299151  
1.085226082  
-1.08079209  
-1.081869773  
0.2004709325  
0.9041931135  
0.8862850045  
-0.03022394152  
-0.5924162025  
3.535153138  
4.532749637  
3.348421151  
-1.593071094  
-0.6077900926  
-0.2525252567  
-1.388943887  
-2.942453053  
-2.559816911  
-2.160186513  
0.6058722914  
2.034781194  
0.5311031528  
0.2719966254  
0.009227078202  
2.081140243  
3.151226196  
0.06994217057  
-0.8527120218  
-0.9935291177  
0.8733302076  
1.042015129  
-1.583186744  
-2.567951262  
-3.377221416  
-1.239161137  
-0.1646790408  
-0.1808320766  
-0.9137831732  
-0.2790849661  
0.4695289214  
1.244797853  
1.807129394  
1.202164914  
0.1590397481  
2.699534505  
2.91106809  
2.619142895  
-0.3048848456  
-1.561556939  
-0.8849173784  
1.313376047  
0.6637502752  
-0.9952627131  
-0.849956075  
0.4152934286  
0.9991525825  
-2.782122726  
-3.283895602  
-2.423781287  
-0.1150221961  
0.5198314319  
-0.3159742087  
0.9655166754  
1.477490933  
4.231804761  
3.384542055  
0.08020162629  
-0.5710374629  
-0.7172648436  
0.7427819182  
0.4659232158  
-2.085952972  
-1.927501167  
-0.6529793598  
1.402739384  
2.108518452  
0.8855108967  
0.4802821974  
0.837202044  
0.5442026139  
1.806462717  
0.176265289  
-3.88732505  
-4.186265257  
-0.2416097231  
-0.1874910713  
0.8237644325  
1.425767477  
0.4482821788  
-1.251702146  
0.1211563456  
0.4900511712  
1.359998605  
0.2383126509  
-0.2053957608  
-0.7759316996  
0.7665061717  
0.9282030734  
-0.4446501589  
-0.940953277  
0.7138297437  
1.706808031  
-0.09360903905  
-2.826425586  
-2.008667109  
-1.663160831  
-0.4707494443  
0.03086688737  
-3.433275799  
-2.273232156  
-1.137072766  
0.9502798557  
2.349398252  
3.214145568  
1.591331318  
0.01387034019  
-0.4215416247  
-0.3786522484  
0.7071394636  
1.574090125  
1.663977877  
0.1345979536  
0.3560442925  
0.4553075682  
0.2031532499  
-0.7093315783  
-1.641612894  
-3.336534287  
-3.006546931  
-0.8079686532  
0.02043753288  
1.501221736  
0.8641718174  
1.716248963  
1.925083483  
3.524989735  
2.748248123  
0.3733287375  
-1.200792301  
-2.497046702  
0.05792994274  
-0.4612088143  
-1.112179902  
-2.7688969  
-2.237509954  
-2.359888985  
-0.4590281976  
1.906756885  
2.732089394  
0.5945936884  
-0.590253309  
-0.7654553744  
1.439979316  
0.6165015282  
-1.504822276  
-1.476018821  
-2.166408278  
0.2762896492  
1.081363574  
1.970611572  
-0.7381819009  
0.4605364981  
1.087860441  
0.6519943366  
-0.1878556364  
-2.182846932  
-2.407651438  
0.3608917561  
0.5756090393  
-0.9908033237  
-1.582469896  
-1.973234947  
-0.772620618  
-1.40763444  
-2.008185825  
-1.622485294  
0.9764810074  
2.098330415  
1.554672553  
0.6094061067  
0.1072175992  
-0.09982471059  
1.395849208  
1.988745593  
1.441184478  
-0.2404192208  
-0.8206278423  
-1.038935484  
-0.2882953745  
0.6383326117  
-1.103454634  
-1.351804253  
-1.284071897  
-0.9874875064  
-0.254490429  
-0.003937481533  
0.1801379862  
1.345765868  
1.77729401  
2.219318771  
1.658183315  
0.3469055009  
-2.497593679  
-2.22235292  
-1.073408306  
0.3925154153  
3.177458439  
3.478627587  
2.398557041  
0.3446748375  
-0.5351005792  
-1.501237098  
0.1449539267  
1.471673074  
1.006601021  
1.340435033  
-1.264685612  
-0.7758828506  
1.148616131  
0.9745092523  
-0.2926935445  
-2.629384079  
-2.334045466  
-1.89678502  
0.5234736441  
1.429193594  
-0.5906611975  
-0.3100766961  
0.2776469021  
-0.5818777364  
-3.58389919  
-2.954952625  
-1.180032032  
0.4266753019  
1.066805359  
0.5074865196  
0.9281415774  
2.909177754  
1.319354892  
-0.4010027845  
-1.142840175  
0.9907317434  
1.170948852  
-2.660298445  
-3.38488135  
-3.144843545  
-0.8675199419  
0.9331977222  
-0.5121175358  
1.827027249  
3.750927247  
2.78433929  
2.078876625  
0.969294968  
1.32549885  
2.794315967  
4.019505945  
3.345400851  
1.513157823  
0.1815971253  
0.6968521036  
1.926977761  
2.095875734  
2.111119777  
0.5390688809  
-0.4361141298  
1.127759276  
3.67683014  
2.73735396  
-0.2932320506  
-1.362962731  
-0.5906675095  
0.79392359  
2.259581571  
0.4398888932  
-2.135039689  
-3.330017306  
-2.430619826  
0.2009752806  
1.654757656  
0.9791514744  
-0.9633590341  
-3.01632732  
-2.956262176  
-0.467866386  
-0.5219758595  
-0.2404515094  
-1.125341431  
-1.347089443  
-1.736039161  
-1.0163003  
0.3375533201  
0.9837810897  
-1.093473809  
-1.690944312  
-0.3169351925  
2.049564744  
2.440814815  
0.7810276464  
-0.7188991368  
-3.53459649  
-2.987652718  
-0.4895551015  
1.467295971  
3.639544973  
3.082504815  
1.336334851  
0.5679328052  
-0.3261118579  
0.4709185835  
3.113494861  
2.217538736  
-0.9352842152  
-0.9924896363  
-3.35218908  
-3.311399013  
-2.421412282  
-1.595630279  
-1.473566909  
-3.613114291  
-3.372195677  
-3.028752378  
-0.9702136319  
-0.206060171  
-1.575192879  
-2.81557049  
-2.754170558  
-0.9180094272  
1.047130226  
2.652059008  
2.638835152  
1.904953524  
1.387498931  
1.444463577  
1.371166354  
-0.08219838217  
-2.609005641  
-1.675169289  
-0.03569728545  
0.598349726  
2.810381129  
2.735329932  
1.626107578  
0.175761597  
-0.7933700247  
-0.3598204057  
0.9131998466  
-0.5827831719  
-2.064700001  
-2.099341716  
-1.435883917  
0.03553914772  
0.7020648908  
0.7635019002  
0.6753017685  
-0.1085456142  
1.373137088  
1.292383223  
1.823125181  
1.697214937  
-0.04985901962  
-0.2940638773  
0.4200255427  
0.9639457232  
0.8569377005  
0.7362681001  
0.769922305  
-0.1675073122  
-1.493548979  
-1.156494423  
-0.8644670949  
-0.5516655166  
-1.313349627  
-2.061649422  
-2.349906509  
-2.353920987  
-0.3481475583  
2.420950272  
3.248476633  
