0.8327669599  
1.794731653  
1.214221692  
1.926984447  
0.6017299242  
0.3053258772  
-0.7914621588  
-2.22235187  
-2.444522109  
-2.810319495  
-2.76937376  
-0.6065793256  
-0.563922143  
0.8242028636  
2.414874905  
3.581313181  
0.5923788979  
0.267580619  
-0.1845038715  
0.7920227634  
-1.128163201  
-2.735017036  
-2.39194524  
0.4094424651  
0.9585539403  
1.533400081  
0.6428815319  
1.749436483  
2.744662199  
1.314301841  
1.603234794  
1.288478887  
0.7725851941  
-1.773556762  
-2.237515997  
-2.852391007  
-2.464051921  
-3.45363895  
-3.954932119  
-2.627250769  
1.230281489  
1.659889206  
1.56604489  
-0.6755272361  
-1.541021592  
-0.1023370664  
-0.861245061  
-0.4459013171  
-0.2362749382  
-1.057012853  
-1.138497968  
0.1260660867  
1.483730695  
1.142392618  
2.245700437  
2.670769616  
2.35437247  
0.2449049154  
-1.41262735  
-1.024562567  
-0.3414372155  
-0.743104564  
-2.03745352  
-2.82404434  
-1.367478119  
0.2103284628  
-1.052930547  
-1.225476392  
-1.217322946  
0.784404958  
0.8095249543  
0.5032862303  
-1.086693582  
-1.295930192  
0.3748110228  
-0.07296248745  
1.164559447  
1.024155809  
1.211418511  
0.9972089693  
0.2469136486  
1.630248762  
2.85302951  
2.088618438  
0.326894181  
-2.38389489  
-2.532739646  
-2.229476936  
-1.143948572  
-1.776633969  
-1.721422117  
-1.606620194  
-0.5697523477  
0.5498056941  
-0.2443720016  
0.05974495161  
0.4700610015  
1.325935007  
3.754770961  
4.600762777  
4.464932558  
3.158895921  
2.135300987  
2.260189529  
1.151202281  
-0.5135943426  
-0.9398665992  
-1.341391148  
-0.2122734513  
-0.319606553  
-0.0305335088  
-0.9111921948  
-0.8947409434  
-0.9818805917  
-2.359671205  
-2.210416696  
-1.929755023  
-0.5308202694  
0.4945367299  
-1.926690612  
-1.343666904  
-0.7686560211  
-0.8659485985  
0.1137666517  
1.007622778  
1.562456912  
1.759722671  
1.425119083  
0.8183339135  
0.0809319705  
0.0360150226  
0.3034466299  
-0.8113693483  
-2.410067792  
-3.543819561  
-3.347841668  
0.1375213676  
-0.4083544871  
0.8282695556  
0.2775429128  
1.025374279  
1.418390743  
-0.02023033314  
0.4027364929  
0.3111478908  
0.09270395366  
-0.3451594339  
0.1983686207  
0.8719523065  
0.4989019382  
1.94132327  
2.717150947  
1.845960171  
0.4653973454  
-1.022565656  
-0.4426200134  
0.4289086649  
0.5001484656  
-1.553583302  
-2.207388686  
-1.119909578  
-0.9861174408  
-0.4018784439  
-0.05821152851  
1.368901135  
1.65076203  
1.187570839  
-0.05873998767  
-0.6953044072  
-0.3463789348  
0.09382047497  
1.19142511  
0.7017245851  
-1.539263971  
-1.538434821  
-2.207989699  
-0.7791404619  
0.2938063805  
-0.366234493  
-0.01247890514  
0.0968252462  
1.323645271  
1.089350685  
-0.683450672  
-0.9538445829  
-0.3947411565  
0.3271557225  
-0.9769276279  
-0.3329914474  
-0.5453894078  
0.02372005597  
-0.007909979835  
0.8139625776  
1.087697307  
2.414898343  
2.094777057  
2.075819332  
-0.3436184752  
-1.935228484  
-1.148166517  
-0.1569917057  
0.6877362513  
1.878993258  
3.220230029  
2.972055492  
1.845671745  
0.5725692665  
-0.6446923688  
-2.109286349  
-1.354194018  
-2.753033294  
-3.770628185  
-3.441389099  
-1.432382844  
0.1172366604  
0.1513798571  
0.02914262011  
1.260152325  
2.621452571  
0.6187563076  
-0.146529182  
-0.172108749  
0.5594109572  
-1.009257158  
-0.8266590384  
-1.072199067  
-0.2998113266  
0.9722516182  
1.764269309  
0.2037024382  
0.1809737983  
1.460356502  
2.801346476  
3.085580132  
2.395914842  
0.7901785496  
-0.4473194738  
-1.278765841  
-2.501024484  
-3.70704358  
-3.406253205  
-1.726859009  
-0.6895153188  
0.9694819732  
0.2070376868  
0.1614516509  
-0.3334473572  
-0.001603110075  
0.1172821899  
0.05952986522  
-0.9745178754  
-0.9118772778  
-0.2722996878  
1.039489391  
1.782026308  
2.590034368  
1.596833408  
0.4844381859  
-0.1518446579  
-0.1295629092  
-0.5205557786  
-0.2461128409  
-0.4575099484  
0.5711946339  
0.2556311563  
-0.1018052951  
-0.2505370592  
0.4930621813  
1.471437523  
0.8854602569  
1.34698303  
0.5171269984  
1.17909139  
2.815089168  
1.068599613  
-0.5776870002  
-1.956562875  
-1.628803767  
-1.214399392  
-2.092433719  
-0.5680987287  
1.017542266  
1.456317486  
1.316992799  
0.5166507876  
-0.2201909052  
-1.367603603  
-1.385259848  
-1.007439955  
-0.4012593343  
-1.496222851  
-0.009936130597  
0.2361585388  
1.286373263  
0.7532126692  
-0.9738356575  
-1.358839565  
-1.151326907  
0.9443721947  
1.86110801  
1.046449055  
0.3099035272  
-0.083913388  
0.9020221308  
-0.483293481  
0.1536225831  
-0.2905671485  
-0.7508141188  
-1.008591296  
-1.730194383  
0.718844098  
0.5247552888  
-0.1241170475  
-0.840872193  
-0.594110741  
-0.4512712797  
-1.549659487  
-1.629450988  
-1.089938498  
0.184808016  
1.009458154  
1.21311759  
2.419870355  
2.954635056  
2.895105446  
2.549246628  
2.597105351  
3.236309746  
0.9334022735  
-0.7936246554  
-3.102215156  
-2.87463664  
-2.139295927  
-1.797703717  
-1.559161138  
-1.162538914  
-0.1870744784  
0.8041603872  
1.101235841  
0.784202633  
0.6936520301  
0.9380144092  
1.705021164  
0.3928928476  
-0.9044433835  
-2.176338105  
-2.051517642  
-2.327081564  
-1.406053231  
0.511789854  
0.6290734994  
2.360989446  
1.190066262  
1.783192545  
2.053285556  
1.827801448  
-0.4331101089  
-1.203913328  
-1.883892788  
-1.461368755  
-0.8926521697  
-1.309941552  
-2.03018  
-1.470572796  
-0.4083827533  
0.194213834  
-0.6598669307  
-0.6285407097  
-0.9468746383  
-2.057125259  
-2.023994951  
-1.448526707  
-2.345411519  
-1.633768686  
-1.752190573  
-0.9972875858  
0.6148397874  
-0.1421205893  
1.580378247  
2.500823523  
2.227458366  
2.080543407  
0.09547168251  
-0.6168885774  
-2.246516015  
-0.5992335226  
-0.7583693487  
-0.885251071  
0.1002244551  
-0.4390698646  
-0.1427928798  
1.671196514  
-0.2673303513  
-1.286785263  
-1.011263384  
-0.4439926474  
0.4975836688  
1.952142944  
1.041786081  
2.009862845  
1.307523851  
1.449093864  
1.474725341  
1.351075218  
1.039857261  
1.241797296  
1.5699855  
0.5950383972  
-0.8440048888  
-2.28256605  
-2.795635473  
-1.925346789  
0.0140561984  
1.407656623  
2.54990209  
2.242800117  
0.9060204328  
-0.02118177288  
-1.593164827  
-1.338598696  
0.3518017268  
0.1678822874  
0.6523365608  
0.3163734816  
0.7263729926  
1.505932753  
2.742213397  
3.063573864  
1.708448117  
0.05288437215  
-1.668546857  
-2.230309336  
-1.815638579  
-2.699221467  
-2.499630101  
-3.542689226  
-2.183367257  
-1.745373233  
-0.7911397606  
-0.9242041163  
-0.7202906478  
0.9810915033  
0.9129354103  
0.8905364381  
1.908780467  
1.680179252  
1.687240302  
-0.5706017978  
-0.626430952  
-1.093253044  
0.7684574031  
0.1197960473  
-0.1744882878  
0.4508850608  
0.9214027023  
2.005754569  
2.354935955  
1.348987394  
0.647540456  
0.8197670262  
1.059125448  
1.132860711  
-0.642955305  
-0.083914585  
0.3740415682  
0.3033107674  
-0.3137146258  
-0.8572170811  
-0.4703648512  
0.9645661522  
1.014280089  
2.530345262  
1.486229937  
0.06258424802  
0.3513034611  
0.7622917253  
0.183732798  
0.680455422  
0.6589072342  
1.354381666  
1.851127235  
2.310556635  
0.4677682435  
-1.817222202  
-3.015093864  
-2.868469051  
-1.323151051  
-0.7868741722  
-0.5093866032  
-0.3143573311  
0.313533022  
-0.2363322445  
-0.06845775445  
-1.171297229  
-1.394280815  
-1.65170211  
-1.337827536  
-1.351769929  
-1.200364648  
-0.5285047498  
-1.183003001  
-0.008157868313  
0.06500698102  
0.6532891666  
2.884816319  
4.660229809  
4.500204718  
2.835612378  
-0.3023485943  
-2.518714483  
-2.055496652  
-1.264527362  
-0.7014660205  
0.3001608926  
0.01114609153  
-1.233124726  
-0.3349092612  
-0.003487061513  
0.08335576293  
-0.6062917996  
-1.285777952  
-1.624812155  
-0.8353120635  
-0.5979855873  
0.7159968369  
0.6919136775  
1.167238426  
0.6518980259  
-0.863352624  
-2.238472895  
-1.426261995  
1.078728474  
-0.4578245304  
-1.141128192  
-1.038023497  
-0.7108708351  
1.318506913  
1.916287438  
2.454020478  
1.048132  
-1.054940238  
-1.201890636  
-1.568086749  
-1.412207859  
-0.04822704265  
0.2500830167  
0.1996799162  
1.261220193  
0.290073793  
0.5801073104  
1.246555282  
-0.07627185208  
-1.510153789  
-0.5730726876  
-0.4192002365  
-0.6952011479  
1.206270667  
1.596146151  
2.229300858  
4.048489866  
2.121570654  
0.8411052621  
-0.1715961576  
-0.912809263  
-1.172656119  
-1.607494286  
-0.3909395769  
1.342875608  
0.1451948299  
-1.336446325  
-1.30787723  
-2.34893849  
-2.281136307  
-0.9951170035  
-1.419938261  
-1.73714546  
-1.108200838  
0.3904679575  
0.6005861942  
1.307003503  
0.2193524876  
-0.4330060088  
0.3895321057  
1.891466743  
2.096748609  
2.121395505  
-0.2664905909  
-1.333783594  
-0.5276461973  
0.3856070194  
