-0.07927612617  
-0.3208956171  
2.187229841  
-0.8156357741  
-0.991880491  
-0.8395554467  
-1.070230442  
-0.8628140573  
-0.6568735017  
4.563873796  
-1.88613285  
-1.49214808  
0.02838632466  
1.403089121  
-1.052837339  
1.923886414  
0.4524058894  
-1.321168909  
0.8285238016  
-2.224464331  
-0.6323120064  
0.3731961105  
1.08723886  
-0.8711058222  
3.376319318  
0.4280035308  
-0.5994444565  
-0.8637599148  
1.365177308  
-0.0007987235059  
-1.212206548  
3.037536881  
-1.610364047  
-1.145970682  
-0.3096678716  
-1.831456051  
-1.110759006  
4.346828665  
0.2196612272  
-2.306133067  
0.05660088377  
0.9268630163  
-0.6973613592  
-0.4062848013  
-0.1345501536  
-0.8743348119  
1.07001451  
-0.9462414032  
3.702379896  
2.26473695  
0.01121963741  
-2.791296491  
2.128327408  
-0.6942764225  
-0.983959349  
2.544450593  
-1.347759191  
-1.309974477  
-1.439789223  
1.10114784  
-1.974631271  
0.3477680518  
2.618341972  
0.2817422773  
0.1088782941  
-1.454502556  
-0.8508150014  
-1.949499458  
-0.3261119581  
-2.290017046  
-1.133771266  
1.477730565  
0.700201314  
-1.007041187  
-1.208568125  
-1.073954667  
-1.757005131  
0.06835344945  
-0.9128085416  
3.804306136  
-0.3415334861  
-2.282677435  
1.103589087  
-2.309713082  
-0.04403939187  
0.9125819594  
-0.0198005822  
2.741733254  
-0.7344747603  
-0.9401665042  
-2.544729514  
1.572983763  
2.578598994  
-2.469753223  
0.2800696936  
4.00072058  
0.3520858319  
-0.7322743941  
-1.855023711  
-0.6799332534  
0.9233959839  
-0.4463707454  
1.435496682  
-1.685864283  
-0.1330521467  
3.578360067  
-0.214612023  
-1.827360791  
-0.8837051126  
-0.2998367529  
5.302547556  
0.7869571175  
-1.423959862  
1.460443161  
-0.3171055744  
-1.582471308  
1.375002588  
-0.9002814152  
2.606735353  
-0.1493244401  
-2.349204639  
-1.81635484  
-1.602464647  
2.876070705  
2.572790565  
1.064180736  
-3.576754085  
-1.99374924  
0.09166756239  
-0.1599100164  
2.223507525  
-1.807479729  
2.324589394  
1.176158618  
-0.8549032484  
-2.850479704  
-2.326883373  
0.09598853808  
1.793348964  
0.2119902805  
-2.184466484  
0.2591428222  
-0.2098002371  
-1.419058163  
0.6267699051  
-1.609847898  
-0.9807281455  
0.6981980319  
1.330242679  
0.2121501446  
1.664590631  
0.8521953454  
2.924969853  
-0.9689479904  
-1.743127825  
0.9392910995  
-2.050766269  
0.2021799579  
0.1779269374  
-0.5462223837  
-0.5721597004  
-0.8632464635  
3.414950838  
0.173689287  
0.1088361022  
-0.4327044969  
-2.175264619  
1.802316244  
0.08026274415  
-0.1464971795  
2.063543051  
-0.8618952882  
2.038315114  
0.6122710786  
-1.185152752  
-1.374113548  
-0.8392842766  
0.1617352472  
0.4684729022  
4.420085842  
0.1380808341  
-1.919850115  
3.262179484  
1.335647428  
-0.8832459645  
-1.327030651  
-0.4801755676  
-0.9054094894  
-0.2203181109  
-2.147644636  
-2.326168762  
-0.8339147698  
-1.915070827  
0.7302075774  
-1.915271359  
-0.7263220459  
4.474425101  
0.970378151  
0.9068416778  
-2.387428694  
-0.6482131739  
4.624571835  
1.082217815  
-0.4097067714  
-1.422754951  
-0.2714475583  
-0.4482738153  
0.612278386  
-1.240746631  
-0.449761269  
-0.9540054986  
-0.4799961574  
1.25611682  
-2.313593195  
0.3421684542  
0.88934102  
-0.1778231451  
0.7716632356  
-1.399814435  
-0.529258679  
1.90538587  
-0.738469815  
-1.483265515  
-1.632893822  
-1.04844103  
1.093594365  
2.82580499  
-1.825388087  
2.803476601  
-0.7972317322  
-1.550035214  
1.094337499  
-2.894276657  
-1.405819199  
0.8792955633  
-1.323595967  
-1.605897455  
-1.14484416  
2.886381205  
-1.512618259  
-0.9368254439  
-0.3069810006  
-1.078266744  
-0.1790593002  
0.8046735304  
5.383946844  
1.708674555  
4.428747199  
-1.3841298  
3.352153678  
1.276865082  
-0.9431747859  
-1.075887136  
-2.359735598  
-1.910490323  
0.8282493337  
0.4723730039  
2.003874104  
-1.927981914  
-0.9498909201  
0.9401257493  
0.9167431613  
-1.866447149  
1.15767689  
0.4485100263  
5.983582213  
0.4196575628  
-1.892516111  
3.292113101  
0.05851310555  
-1.792895332  
0.9763586512  
-1.577749453  
2.625409843  
0.4532628945  
-0.1202556973  
-1.092340018  
-2.664633334  
-1.728230287  
-0.2559797987  
0.2795347181  
2.100481395  
-1.944251351  
-0.7295541756  
-0.7393061919  
-1.132889441  
1.534963869  
-1.498815224  
-0.57355996  
-0.8189776133  
2.059872348  
1.618494566  
2.704584643  
-1.487444649  
-1.565718259  
-1.356476775  
0.1619150875  
0.9263850058  
-0.9988923215  
-0.5257355391  
-1.639142257  
-1.231017988  
0.2481090106  
5.714185234  
1.111309615  
2.691504786  
-0.6196739044  
-1.223084175  
2.236332079  
-2.220471786  
-0.4708711543  
-1.195861336  
0.0443543692  
0.1085438741  
-1.684792117  
2.269918707  
-0.8352752097  
-1.551431219  
0.6245516361  
-2.153340263  
-1.375357436  
-0.7538380598  
-0.5726281563  
0.5464864949  
1.199438628  
-2.87624504  
-1.17062048  
0.002148511638  
-0.6137553316  
3.001483512  
0.2653825699  
3.442707005  
-1.580713653  
2.045997729  
-1.60076551  
3.726886968  
0.1106964773  
0.5884585238  
-2.129712908  
-1.017853545  
4.522755841  
-0.2347538421  
2.197180133  
-0.9580356265  
2.015808718  
-1.016550393  
-1.242372682  
0.5484862547  
-3.042872026  
0.2528775236  
-0.7701157141  
5.046110987  
0.2777736103  
2.820558049  
-2.257417181  
-1.483355452  
-1.712819453  
1.943901305  
-1.22447165  
1.67620939  
-1.532918788  
-0.4906484198  
-1.192496588  
-1.847194477  
1.802764695  
-0.8898072552  
3.479315005  
0.4013233336  
-0.5262494995  
1.908567756  
2.54650735  
0.1159606251  
-2.426509107  
1.672417126  
-0.1478832576  
2.776793796  
-2.233726029  
-2.085794991  
0.008305800649  
-0.5487766309  
-2.611395556  
-2.00413087  
-0.9648608927  
3.995151194  
-3.115501354  
1.749000261  
-1.745205332  
3.092365146  
-1.172364318  
0.5810007704  
1.366924964  
-2.011994365  
-0.5558537974  
0.8988268029  
1.140649561  
0.7457514832  
-1.699148019  
-0.3468713623  
0.5197761125  
0.4562205729  
1.112769664  
-1.460390331  
-1.455089037  
-1.694820802  
3.815245784  
-2.085996113  
0.2841764688  
-1.613664508  
-0.7537747507  
-2.960971408  
0.05180326921  
-0.8505600263  
1.86502989  
-1.646016157  
-0.02626957724  
-2.020387361  
0.095459462  
-0.2943879884  
1.741583946  
1.864285956  
-1.956815896  
-0.165909441  
0.2095115773  
4.362704895  
-0.4976798906  
-0.2542182708  
0.7995502795  
-1.775894594  
0.1634727033  
-2.480141853  
1.798994947  
3.415730065  
-0.960533299  
-0.5080679586  
0.2365715766  
-1.635907785  
-1.763653792  
-0.9370951136  
3.928728492  
0.5776360653  
-0.800710787  
-2.087492456  
1.579342656  
0.02628915343  
-1.85497565  
-0.7467936189  
2.714228681  
-0.1051790807  
4.553642284  
-2.024712852  
-0.7719585736  
-2.298041074  
-0.03711268849  
-1.387509413  
-1.78693085  
1.083962061  
-0.9645040085  
1.947604971  
4.50579086  
-1.991971194  
0.8751239741  
-1.900384352  
1.810863017  
3.035742129  
-2.310651446  
-2.56462832  
-0.01552176315  
3.70634983  
4.974858282  
-2.256686422  
-1.939038475  
1.055967642  
-1.281286784  
0.7296583456  
0.7342697201  
-1.689122274  
-0.6150649711  
3.990719101  
-1.497886427  
-1.27718354  
1.128262881  
1.022030932  
-1.558693278  
0.5984811028  
3.386962406  
-1.26576901  
-1.787313759  
-2.216880427  
-0.5216746395  
2.774457416  
-0.335414147  
-4.034442885  
-1.586933996  
-1.174897987  
-0.415495818  
2.51580174  
0.3152356075  
1.320474789  
1.998214758  
-1.985929985  
0.2266196159  
3.684673941  
-1.008095086  
0.9589379819  
-2.501689879  
-2.879877114  
0.05668167558  
4.021734382  
-0.5913471266  
-0.5047861927  
0.6885775492  
-2.151405516  
-1.788647269  
2.134269481  
5.548666093  
0.02748427512  
-3.32989096  
-1.285177594  
1.977281021  
-1.918198548  
0.8959769037  
2.368989207  
-1.833207278  
-1.433059833  
0.932778097  
-1.143170235  
0.9768300504  
-0.9013145916  
0.9798390264  
-0.9155816871  
-1.764744957  
-0.1089085125  
-1.587415479  
1.313399179  
-1.273145528  
0.116000336  
2.015785742  
0.05507321556  
2.619926809  
-1.465143575  
-0.8294290078  
-2.21265121  
-1.98092537  
2.457062474  
-0.6074500853  
0.221255481  
-2.288914286  
-2.276560754  
-2.838923934  
1.099811634  
3.086975293  
-0.01482515699  
2.745018199  
3.825850722  
-2.626271395  
-0.94334716  
0.3243458554  
-0.5673220455  
0.2624563502  
2.147664883  
-2.580332903  
0.7902926231  
3.926641719  
-1.923419385  
-2.533167596  
-0.2105742631  
-2.053325745  
0.6350576071  
-0.6945164848  
-0.6197403779  
-0.727264505  
-1.552689579  
-0.02854075257  
-0.6158940753  
-0.4812067608  
1.009938633  
-1.27752151  
-0.6619121289  
1.160311264  
4.17705471  
-0.8851797639  
1.642522813  
4.784364871  
-2.783622053  
-1.42107978  
-0.3655206131  
-0.0520419422  
1.395580769  
-0.7959876368  
-1.413744631  
