0.02335522336  
-0.08850224674  
-1.5986322  
-0.8661939364  
2.326081294  
1.45666124  
-1.17233  
0.8135581646  
1.809790194  
0.2513716866  
-1.739641875  
0.1454094948  
0.2137932208  
0.2684524827  
-0.9149447987  
-0.7799334219  
0.4150558376  
0.06345774466  
-0.4059034251  
0.05327362506  
0.3372863283  
-0.240100513  
-0.7196897252  
-1.070446587  
1.071417246  
2.225513851  
1.114151978  
-2.060729274  
-1.666474735  
1.292840687  
1.590482663  
0.4105125377  
-0.6100534156  
0.6535491997  
1.515983514  
-0.2150666011  
-1.952247567  
-2.825470305  
-2.307764276  
-3.248035286  
-2.498782296  
0.5870367315  
1.63157209  
0.4613369765  
0.1193717544  
1.56606324  
0.2083331085  
-2.453723368  
-1.169406251  
0.8155892786  
0.3708132064  
-2.148795961  
-1.658001998  
0.2500590766  
1.464466923  
1.800127714  
1.999883741  
2.958740913  
1.582857229  
-0.8756864452  
-1.420176414  
0.5771382511  
1.797973634  
-0.3791421697  
-1.775048352  
-0.5730366412  
0.6016226786  
0.06293862123  
-2.583289197  
-4.562151864  
-2.234400056  
1.128990976  
2.727263205  
1.697050616  
-0.323630409  
-0.01779176782  
1.209754668  
2.260600875  
0.8428648542  
-0.2045368953  
-1.017599595  
-0.1780385916  
1.186713648  
-0.122951785  
0.5941912928  
0.7792050744  
-0.847680982  
-3.29862942  
-4.690856741  
-3.150032697  
-0.06443967557  
1.169430651  
0.8257364006  
0.3306594452  
1.197708089  
2.329335594  
2.364612514  
-0.0004215158047  
-2.203090549  
-0.3828387776  
1.75079972  
2.122888014  
1.07031666  
0.2998345246  
-0.1664038672  
-0.8952773415  
-0.4768610805  
-1.279785354  
-1.633231085  
-0.5387693239  
0.3127737935  
-0.3660661815  
-2.582943425  
-2.455748735  
-0.5868400157  
0.9649647653  
1.34227115  
0.2103089539  
1.362625835  
4.244134014  
4.186789669  
2.211052144  
-1.619013897  
-0.8754388365  
0.5565173608  
0.3504422747  
0.6018281034  
0.9707773031  
2.510154272  
2.164262069  
-0.4249398665  
-3.216511981  
-1.264444168  
0.2571349074  
-0.230111055  
-0.942798667  
-1.86102641  
0.2788995666  
2.20494336  
2.906062157  
-0.5501629882  
-3.011747932  
-0.8154803903  
-1.759841529  
-5.257736787  
-6.622400741  
-5.034160251  
-3.595091131  
-3.331193921  
-1.098945003  
1.278246907  
1.514249078  
2.177293063  
3.609967369  
3.213271765  
3.137450082  
2.915617028  
3.927880515  
4.853305383  
4.475429016  
2.659777123  
-2.219569629  
-3.838582586  
-0.1222507219  
2.488135291  
1.706132838  
-0.6847597436  
-1.186511066  
-0.03265331887  
-0.3457519531  
-1.905548341  
-3.622150895  
-4.284332837  
-1.81816562  
0.462567159  
0.5356231127  
-0.6601054673  
1.618078752  
2.130008998  
2.612603984  
1.463706442  
-0.8369827465  
0.2642074946  
-0.4153657737  
-1.171583052  
-2.362053855  
-1.693607357  
0.3136185122  
1.89527028  
1.443679473  
-0.3444390254  
0.4563341326  
-0.7669601929  
-3.28536383  
-5.338651639  
-3.995033598  
-0.5376770596  
1.83690491  
0.5915022901  
-0.6024626237  
0.2706921654  
1.273610465  
2.588777435  
2.179360299  
2.477640998  
0.3065586456  
-1.153767804  
-1.1455317  
-2.966646705  
-1.059915989  
0.2344284928  
0.7278795891  
1.114190305  
0.07389918398  
0.8614829179  
1.618775838  
2.059589834  
0.2287888729  
-1.51781178  
-0.3879642396  
1.006859929  
-0.4738507391  
-4.179183703  
-3.094952561  
0.1333380676  
2.637320242  
3.013617347  
2.316494118  
2.879833188  
3.587859466  
4.146381621  
2.544572687  
-2.364717065  
-1.683327558  
1.091549645  
2.060173729  
-0.5566855875  
-3.655680722  
-2.064645441  
0.1406835465  
0.8165365923  
-0.6818174842  
-2.623571923  
-1.439341374  
-1.316240701  
0.6164561491  
2.528253879  
2.414888167  
0.6204956379  
1.304269411  
2.167896673  
2.116307072  
-0.5011616757  
-1.373398814  
-2.392655678  
-1.341085203  
-0.5787103717  
-1.238514327  
-3.198760565  
-3.565175061  
-1.301874913  
1.561164754  
0.3642062811  
-2.137216082  
-1.048120046  
0.2921471888  
1.593329694  
0.8410173804  
2.630591005  
3.427507006  
3.559219089  
2.573795108  
-0.7587505278  
0.4118411726  
1.267918282  
1.902225155  
1.497356663  
-1.25603193  
-1.157044259  
-0.1694912458  
0.4738870264  
-0.05379331132  
-1.348044201  
-0.1066553969  
-1.031477128  
-1.003902612  
-0.538316134  
-2.942831934  
-2.44962422  
-0.7975915895  
1.212713941  
0.8519037846  
0.3215569411  
0.003326732555  
1.57790349  
0.7640620552  
1.750656857  
3.976319084  
3.615531821  
2.24165366  
0.7756692881  
0.3187777783  
-1.091067939  
-1.271061716  
-1.014810927  
-2.053489707  
-1.626062708  
0.3206468951  
0.1581770819  
-3.145590119  
-5.319171171  
-4.018940606  
-4.061099368  
-2.409965658  
-2.273821947  
-0.9818932667  
2.134589045  
3.519240064  
1.300011989  
-1.996772081  
-0.895971993  
0.4469038266  
1.287327864  
2.701777085  
2.57733051  
0.9396327009  
0.08430574565  
1.423251588  
2.28252952  
3.339699879  
4.164519361  
3.614867268  
2.451806052  
3.144367133  
2.480236899  
2.192981603  
1.322384616  
-0.3955268356  
-3.42931532  
-5.197883267  
-4.005628923  
-0.7800665046  
0.5821973611  
0.1228514073  
-1.815488714  
-3.235396702  
-3.349974595  
-2.212424898  
-3.87973536  
-1.549814873  
-0.4359946301  
0.07817838793  
0.908394381  
0.3058565677  
0.5027788598  
0.2305042846  
0.7701066373  
2.172799709  
2.972953274  
3.972069242  
2.606523039  
2.809806845  
4.954074932  
5.410062108  
4.281275389  
-0.2536637016  
-3.080440306  
-5.413668752  
-5.825122246  
-6.028217163  
-7.102097886  
-5.963113489  
-4.535803019  
-3.512327337  
-4.201277107  
-3.530867493  
-2.860907208  
-0.6092978326  
1.376359261  
3.139838906  
1.325609847  
0.0823340374  
-0.05362896865  
0.9570131132  
-0.6562090399  
-1.854094501  
-0.1044702547  
1.413001235  
3.316204002  
3.983679849  
2.492747485  
-0.4765938685  
-1.656847872  
-1.590557386  
-0.3774586013  
-0.1048649674  
0.08623956496  
2.20128282  
4.001516875  
4.811843035  
4.969871369  
3.170887921  
1.375457373  
2.301370865  
2.93303065  
4.211822891  
2.436585096  
-1.113373191  
-2.015909084  
-1.32720983  
-0.04322376815  
0.7296359786  
0.5646127966  
0.116548895  
1.241263985  
2.953356511  
3.871345887  
2.711380088  
-1.118714879  
-5.350811199  
-5.02746726  
-4.875231012  
-4.738180197  
-2.789810059  
-0.7549126219  
-0.1125446359  
0.9819621834  
1.526858919  
2.02044281  
1.19995514  
0.9863962458  
0.2153250387  
-0.4225973726  
0.3791971742  
2.243437038  
3.054840179  
1.716435261  
0.2756525755  
0.9157602612  
0.8753289078  
-1.659058393  
-2.784348025  
-1.548899333  
0.01305119039  
0.7607446416  
0.7741488433  
-0.9966918381  
-0.1443366302  
0.3723899267  
1.171151767  
-0.1377342149  
0.03063537478  
1.592738821  
2.201632252  
-0.8804861251  
-2.461747833  
-2.944706316  
-2.719911929  
-2.287576152  
-3.035127086  
-2.751108158  
-2.407308613  
-2.441532773  
-2.625793142  
-2.47858475  
-1.070400007  
-0.5314981832  
1.27182013  
1.184162923  
0.5267531468  
-0.09847324377  
1.238809298  
2.133957984  
2.933798105  
2.322360848  
-0.4697818724  
-1.814762454  
-1.287092112  
0.2133282353  
2.326441728  
1.02757776  
1.676756958  
1.298243356  
0.3681203544  
0.7846062727  
-1.202487022  
-1.505576362  
-0.7230273172  
-0.2956845407  
2.015678703  
3.415995192  
3.249096221  
2.090895643  
1.254122392  
0.5796785725  
1.396636294  
0.9545149611  
0.3417713901  
-0.1337346502  
-1.326997968  
-0.8289973343  
0.2805210762  
2.26694773  
3.062819641  
1.640913629  
1.125471979  
0.6912982012  
0.3779002919  
1.062850982  
1.161194048  
0.7841168411  
-0.2041725277  
0.121132046  
-0.3189038757  
-1.15895893  
-0.8692172016  
-2.359622434  
-2.643876684  
-0.4206606428  
0.2221210709  
0.7359558872  
1.08862341  
-0.07761277961  
-2.095329652  
-1.997870262  
-1.503915313  
-2.152092901  
-2.213018217  
-0.3589287333  
0.09912810558  
-0.05464801848  
0.9763708551  
2.593341944  
3.336971825  
2.583552599  
-1.319286649  
-5.561419086  
-3.740210145  
-1.986849069  
0.005687940242  
0.6680303568  
0.2698339828  
0.4807000493  
2.126356408  
3.373578238  
5.054017775  
4.216683733  
2.604855596  
2.568650778  
1.086571976  
-0.8866942053  
-2.339941441  
-3.376156654  
-4.370981482  
-3.743243397  
-1.91365124  
0.5044913013  
1.851858302  
-0.3566349681  
-4.375522388  
-5.717219598  
-4.889411952  
-2.818742006  
-1.873673075  
-2.815260267  
-3.605229562  
-2.996616904  
-0.8329836106  
0.8655914721  
2.526219654  
2.054469543  
0.9097025078  
-0.05839021465  
0.18716442  
2.713504007  
3.858977987  
1.914016546  
-0.9328528039  
-1.968189075  
-1.686573324  
-0.5198485479  
0.4754119835  
1.296918035  
0.03846375113  
0.2373103937  
1.877138782  
2.87921579  
3.033260372  
1.333825621  
-3.285122364  
