-0.6953572077  
-1.518507057  
-2.981870969  
-2.748487615  
-1.343893682  
-1.998927576  
0.6260061656  
0.6232574633  
0.3419500944  
0.475030725  
2.436233198  
1.363805738  
0.04575849277  
2.548543682  
4.217524217  
3.273538401  
1.310937747  
-1.113001986  
-1.263729502  
0.823284012  
-1.843224156  
-2.477477717  
-0.4762027654  
2.567857992  
0.09294208334  
0.5232573646  
0.9471453282  
2.182486059  
2.040303087  
0.5566470527  
-0.458588641  
-1.119992511  
-1.971994448  
-3.623755188  
-3.378599697  
-0.7728819826  
0.03662094191  
-0.1833186836  
0.5516591423  
1.623273199  
2.329942022  
0.8457589317  
-1.512193827  
-1.681212746  
-1.638120852  
-0.9544620955  
-0.1505145126  
-0.1215951539  
-1.948846484  
-2.363492737  
-2.93047371  
0.2665860524  
-0.8076730136  
0.01217941943  
-0.02017078199  
1.902194277  
3.559847569  
1.611544519  
0.05421811174  
1.049846032  
1.897717385  
0.9771756099  
1.643814974  
1.724869448  
2.149217878  
2.988363875  
-0.04241988032  
-2.062767016  
-1.482741004  
-1.592212138  
-4.57909716  
-3.636278331  
-4.225786227  
-3.271643494  
-2.11791578  
-1.028433222  
-1.604987886  
0.427241102  
1.870414945  
0.6847229072  
0.371761206  
0.9137614739  
2.935302039  
2.962846662  
1.595705051  
1.569164304  
1.388499544  
1.665961527  
2.14197449  
1.575563748  
0.4833973361  
2.453908412  
1.987184553  
0.7626698306  
-2.925174735  
-4.155000369  
-4.184351855  
-2.857690973  
-0.8975561732  
-1.25389939  
-1.720792625  
-1.084030455  
0.7286013179  
2.793535227  
1.484625038  
0.9171345081  
1.773325525  
1.362924239  
1.174247347  
-0.5623480094  
-0.6128775505  
-0.1898740246  
0.2972242434  
0.6476436185  
0.3303659885  
-1.418861665  
0.1736104273  
1.068433498  
-0.09866718857  
0.5056666868  
0.369310187  
-0.1374023835  
0.740090805  
0.0360695541  
-1.012278302  
-1.812261507  
1.28139332  
-0.6851490773  
-0.9057766058  
-0.9008358707  
-0.8175127616  
-0.1777086668  
-0.8639501453  
-1.55371871  
-1.440357505  
-0.05568963733  
1.395205925  
1.124157721  
1.518584489  
2.132416211  
1.731692262  
8.343276823e-05  
-2.452924304  
-3.452170722  
-1.002329496  
-0.2262124719  
-3.215502808  
-2.467960663  
-0.9949809755  
-0.04520286714  
2.313154827  
2.180686757  
0.1149978973  
0.2127542313  
-0.6160830699  
0.628487017  
1.177394048  
0.1196876095  
-0.07625561152  
0.004332320279  
0.8261992141  
1.218804114  
0.8783579144  
0.7069083596  
-0.3018495569  
0.2380901184  
0.6677555289  
-0.3142212136  
-0.4782118424  
-0.08552819184  
1.07382086  
3.88361119  
2.717660304  
0.6785682758  
-1.754245934  
-2.410010471  
-1.768597021  
-2.177772007  
-2.851662009  
-2.432470314  
0.3034377247  
1.957543378  
1.178905125  
-0.6802195646  
0.2625568343  
1.91420076  
1.136618061  
-0.9348328291  
-1.887404388  
-0.7492497206  
-1.789000988  
-1.933130206  
-2.417507078  
-1.44852436  
-1.002409459  
0.4918620162  
-0.1720804311  
-0.02009578461  
-0.4980887575  
2.077569532  
2.675678881  
0.6594067371  
2.0111036  
2.777715128  
0.9113537078  
0.06470139022  
-0.7967490021  
1.054869226  
1.299181692  
1.456713322  
0.8366806847  
-0.2595502892  
-0.391023277  
1.520660003  
-0.5878621094  
-2.372830946  
-2.923089267  
-0.4387954729  
0.3932171911  
-0.4251223745  
0.611583291  
-0.2171853541  
0.4316396828  
0.236586528  
-0.1514166517  
-0.0139694842  
0.9373106666  
1.36743613  
1.03741415  
0.04940123755  
-2.143733146  
-0.9250042489  
0.9106622721  
-0.8579513272  
-2.276467287  
-2.49161339  
1.695082364  
2.449559106  
3.074409414  
2.406521479  
-0.1536745131  
1.40581646  
0.440510145  
-0.53416589  
-0.3433751747  
-0.942614653  
0.9088045567  
1.307525949  
0.6851846231  
-2.08262122  
-3.134396744  
-3.491469042  
-2.416172715  
-0.8437093836  
-0.3596376399  
0.2184073178  
-0.3785333202  
1.139513497  
1.563074038  
1.012968879  
1.64792194  
1.304697173  
2.482057742  
2.987477069  
0.9621148737  
-1.324363141  
-0.6119372263  
-0.02464263528  
-2.041632568  
-3.270544027  
-2.340244962  
-0.005146137306  
2.454213501  
2.901632953  
2.092332576  
1.212634681  
2.379371591  
3.268344284  
1.755189372  
1.305310128  
-0.1837527614  
0.1221274031  
0.872981682  
-0.8319765899  
-1.290615549  
-4.275828588  
-2.366646793  
-2.397589628  
0.3027359316  
-0.933865941  
-1.481497851  
-0.1609716026  
-0.007170560803  
0.7970560088  
1.263895956  
0.6189315978  
0.0971108803  
0.1939688147  
0.5053928603  
1.95928997  
1.366805666  
0.6809908302  
-0.880917637  
-2.552391949  
-1.460707947  
-0.3541852865  
-0.2973298122  
-0.193604285  
-1.870247361  
-0.538083893  
0.6251982971  
1.073916682  
0.6885806278  
2.589991068  
3.982673069  
3.342687429  
1.629917634  
-1.272637353  
-2.064889386  
-2.862295318  
-3.203748122  
-3.543979662  
-3.884117174  
-2.471300458  
-1.306889051  
0.153779276  
1.118329684  
0.7732518563  
0.1683534367  
0.2944550963  
-0.1298749751  
0.5204247908  
2.759469835  
2.964911353  
2.075018185  
-0.3006220777  
1.072148402  
0.8093005274  
1.438970165  
1.191030923  
0.2094228354  
1.441371211  
1.583231611  
-0.1983307421  
-1.493566467  
-3.003826262  
-2.678911699  
-1.470138777  
0.5159324267  
0.1346330214  
-1.344809619  
-1.664012861  
-0.8076269081  
1.445107516  
2.540592367  
2.737599933  
2.308620932  
1.296854741  
-0.4411544713  
0.01175505368  
1.198252481  
0.8535824829  
-0.471647601  
-2.117450414  
-0.8171253446  
-0.003225127791  
-0.9331917257  
-1.92811227  
-2.658177852  
-2.507666006  
-1.793200659  
-1.725682139  
-1.726767088  
-1.865607091  
-1.717025037  
-0.4100058044  
0.1732840164  
-1.848545203  
-2.273384  
-0.4674272506  
-0.276638692  
0.3274402329  
-0.6822861609  
0.6367601025  
3.546747573  
3.896882839  
2.595737166  
0.4832004456  
-1.763902859  
-2.164790143  
-0.423927767  
0.7242659898  
-0.146168734  
-0.9472504437  
0.2270159744  
1.611275927  
2.3333103  
2.250636027  
0.8674810818  
0.6382924758  
0.3210384616  
0.4595633042  
0.2111720029  
-0.2338185965  
0.2282659438  
0.9023240026  
2.636586241  
2.99550165  
3.162075628  
1.505344491  
-0.5010412722  
-1.087114653  
-0.09031124511  
0.2095134575  
0.469418678  
-1.272767689  
-2.070215544  
-3.195384889  
-2.660154836  
-1.934075993  
-0.4083996681  
-0.4941900854  
0.5497003602  
0.5672242407  
0.7145078382  
1.53885797  
2.984193288  
2.699489757  
0.8742798762  
-0.5301302495  
-1.360819612  
-0.1671728697  
0.5810761417  
-1.458417047  
-2.581498492  
-3.022415465  
-0.939260078  
0.2295317621  
-0.02758992964  
-0.3940721873  
1.864375098  
4.449994218  
3.007013766  
-0.4565566598  
-3.256943376  
-2.577153735  
-2.653100333  
-3.620689865  
-3.648833281  
-1.228555279  
0.02751533083  
-0.3369691151  
-0.5627210209  
1.282343849  
3.597478661  
2.813374623  
-0.617154333  
-2.284516124  
-1.218104189  
-0.512414129  
-0.1704757616  
0.009520640137  
1.158037385  
2.263183277  
2.180736507  
0.6039429846  
-1.101270694  
-0.6777835348  
1.283924689  
2.433613121  
2.273106495  
1.57507286  
-1.095943828  
-2.306689542  
0.2140021954  
0.1121032647  
1.016256457  
1.231114928  
2.617602802  
3.846540388  
3.988972316  
3.03662499  
1.730284728  
0.1951430297  
-0.4294722143  
-0.2753796262  
0.492551621  
-1.18121483  
-2.263210088  
-1.010718034  
-2.705784871  
-2.159600718  
-0.1204774033  
-0.444770843  
-0.6544803776  
0.03867648976  
0.0129596478  
1.160624265  
2.133950055  
2.304086735  
1.039339554  
0.04812427091  
-1.443550728  
-1.48082131  
-0.5572344012  
0.6673012617  
0.9076017745  
-0.2323264381  
-0.3083672741  
0.3259369508  
0.117585656  
1.133647594  
0.1457706091  
-2.239615296  
-2.980102935  
-2.280084722  
-1.235083625  
0.8694264685  
1.350597484  
0.8525603744  
0.8146292149  
1.179665685  
-1.644465808  
-0.1737748986  
1.189550239  
-0.4402573781  
0.9074286092  
-0.3816269847  
0.02766200117  
-0.1775237726  
0.6463023666  
0.6354085161  
-1.864424874  
-1.76496171  
-2.110281003  
0.08422433295  
0.9425878514  
-0.621108952  
-2.607124157  
-1.594798444  
0.4441156895  
1.870242275  
3.471129986  
1.891274117  
1.273488994  
1.553926693  
0.1363848548  
0.1347164391  
-0.521243688  
-1.978497512  
-2.884054864  
-4.078799883  
-3.458199967  
-0.9623137333  
1.157848186  
-0.08153592562  
-0.7334403826  
-0.5871408313  
0.8864189946  
1.721244246  
0.6113350249  
-0.6679221801  
-1.227735421  
-0.5885994512  
0.2881262426  
0.5031447068  
-0.6672011304  
-1.407827228  
-1.295456201  
-0.9917875004  
0.1896841247  
0.06243077338  
0.07753619043  
1.26801001  
1.192655837  
1.32713161  
1.87744144  
2.386521134  
0.8184925654  
0.02130057691  
-0.02568358114  
-0.6650037333  
-0.778915855  
0.8502356248  
1.1758688  
-0.9223731909  
-2.836838449  
-1.857957555  
0.08582501872  
2.074842952  
