2.684711802  
0.5926977512  
-2.439041277  
-3.346994925  
0.533958362  
0.3038706008  
-1.744702299  
-2.411700921  
2.386384693  
1.176082148  
-2.934942362  
-0.9237745828  
2.074960579  
0.04078681527  
-1.860830102  
-0.5887201516  
1.586612711  
3.474857335  
2.187463955  
-0.4519920641  
-0.5027478506  
2.85201547  
0.08799030186  
-1.768079829  
0.2937755498  
2.828251633  
-0.5966073521  
-1.876736608  
-1.013718678  
1.452725711  
2.14348682  
1.285717842  
-0.7178221533  
1.018245957  
0.1726635974  
-3.044063429  
-3.957911266  
0.6910357408  
-0.1146384161  
-1.79183923  
-2.778447863  
1.108739597  
2.768805553  
-0.3307980934  
-3.952511931  
1.88268076  
1.33356539  
-0.5789728038  
-0.309344655  
4.456675355  
2.036227308  
-2.362824781  
-2.084012092  
1.967693355  
1.96662308  
0.8343331144  
-1.484796016  
-1.232233579  
-0.2607470199  
-0.7478797325  
-3.5138275  
-2.567418924  
1.513941592  
-0.2436663389  
-1.095583102  
-1.095277405  
0.8045752356  
1.517759195  
-0.1934055823  
-3.272237172  
-3.743571774  
1.816953097  
0.7267918507  
-1.415848873  
-1.796413476  
-1.651807279  
3.996277105  
2.80911886  
0.1866162565  
-0.0358514249  
0.2842534973  
3.306842215  
2.909924246  
-1.488416879  
-3.914575054  
-0.4305887324  
-1.444117843  
-2.565196534  
-2.447683628  
-1.378372443  
3.006112213  
2.192345221  
2.017896167  
0.585821114  
0.6156066709  
4.466440466  
1.832459464  
-1.100766535  
-4.208746382  
-1.617584705  
2.390042415  
1.293514259  
-0.8840935271  
-3.915689651  
-1.824303909  
3.727574037  
0.8603347692  
-1.949949832  
-2.526592113  
-0.07223829251  
2.83248056  
0.4229480826  
-2.675297344  
-2.529740713  
-0.3173693007  
2.762857659  
2.593758451  
-0.8019335133  
-0.2770533801  
2.695495213  
2.511344089  
2.077468309  
-1.710910533  
-0.7137262309  
3.404460947  
0.08683314602  
-2.641843208  
-1.168483263  
2.721872763  
1.183284982  
-0.6694277168  
-3.285651331  
-1.665135352  
2.497064283  
0.05637534162  
-2.387969268  
-3.198179059  
-1.831332517  
4.1076774  
1.796058819  
-2.885067917  
-5.31214844  
-0.5583060071  
-1.073427505  
-2.051679048  
-3.439415755  
-0.9555099949  
1.05401771  
5.402350514  
4.972098485  
3.827300171  
3.056564857  
2.013139186  
2.523078822  
4.500971062  
2.530737898  
-0.3128772547  
-0.6159430972  
-1.22122965  
2.568799652  
1.387683185  
-4.746060868  
-6.114482982  
-2.966453426  
1.255251337  
0.03080067529  
-3.714263571  
-4.429209632  
-0.1039269624  
-0.5480533115  
-1.745681453  
-3.537801674  
-0.08292520111  
3.578828945  
4.377067745  
2.917994319  
1.577632215  
2.005948056  
2.483570137  
4.266996713  
2.402996907  
-3.008144093  
-4.015212532  
-0.4728027362  
-1.868414726  
-4.47627049  
-6.627603985  
-3.942101321  
-1.05718476  
-2.032115516  
-4.026080799  
-0.7352211187  
2.029862724  
2.187130109  
-0.4788053164  
-1.382299323  
3.86708539  
6.215582851  
5.594353538  
0.1749214596  
-1.567572983  
1.649747153  
-0.2009557507  
-3.782735361  
-3.92416533  
-1.123857658  
2.051643012  
1.097803066  
-0.8830449912  
-1.470254134  
-1.248834061  
1.232521739  
0.8399973121  
-4.334643525  
-3.998227263  
1.974035141  
3.027838031  
1.876240085  
0.8484493204  
1.540930977  
4.883334025  
5.190732024  
1.172322277  
-2.272183506  
1.28619863  
3.85759185  
4.778794312  
1.359925504  
0.6137509463  
2.152121389  
2.068974623  
-1.129642828  
-5.57673758  
-4.898455906  
-0.5229329848  
1.36403106  
-0.5971259711  
-3.251969514  
-2.610007847  
0.3271126223  
2.478484826  
0.162293042  
-2.890982601  
-3.618221285  
-1.744689331  
2.383604606  
3.119245035  
4.438317111  
0.3312383234  
-2.546960425  
-0.3694099062  
-1.586003436  
-3.984479555  
-5.916060641  
-4.085245675  
0.204885276  
0.2313936674  
-0.4209093873  
-1.600468799  
-0.02596992913  
3.236707581  
6.118826057  
5.283979885  
3.074357129  
3.261780058  
6.495900528  
5.025513938  
-0.7034144456  
-1.623059835  
1.621338108  
1.066208108  
-0.00293804158  
-3.431255874  
-2.587676476  
-0.7084036672  
0.03544499407  
-0.7019405451  
-4.04131898  
-4.06626537  
0.6775166663  
0.8787425481  
-0.8090624527  
-4.298090476  
-2.899544523  
0.9845341312  
3.378512191  
2.81721731  
1.224544729  
-0.7938488647  
0.6533446548  
4.491353177  
4.627613691  
1.45708237  
-4.72425186  
-6.003808635  
0.5676571004  
1.256947238  
4.699867923  
5.77463027  
1.965920381  
-2.698256793  
-3.647518769  
-1.873960895  
0.2066468588  
-1.726691587  
-4.954512715  
-5.043688106  
-0.7815304743  
0.2337206086  
-1.523915811  
-2.112181832  
-0.5631796953  
3.679945898  
2.261803401  
-0.6610921251  
-1.942320211  
0.288559791  
2.035272455  
1.387678534  
-2.842422043  
-2.038606905  
0.287356446  
3.974320714  
3.632174917  
2.211727831  
-0.2956813374  
-1.401437301  
0.5588218316  
1.836658448  
4.466477412  
3.956278856  
2.698125457  
-0.9252979748  
-0.6003121836  
1.862088807  
3.899988997  
1.762968252  
-1.421546824  
-4.434992536  
-3.909866966  
0.1699020885  
0.7916413382  
0.0528245226  
-3.438777861  
-4.350981649  
-1.316289629  
2.240556301  
1.332638783  
-1.84902197  
-3.786715306  
-2.544847252  
1.595372043  
2.314335823  
2.510721248  
1.1869623  
2.010784652  
2.08816465  
4.649171898  
8.35985662  
8.005807543  
3.788145593  
-0.441422754  
-2.015814565  
-0.9001388636  
-3.298719252  
-7.75466034  
-6.587738002  
-3.184779923  
-2.028809621  
-4.124022519  
-6.009520985  
-7.880453021  
-5.534038078  
-1.82767152  
-2.032519445  
-5.006441512  
-7.03516  
-4.670926473  
-0.7258917225  
0.0008337084236  
-0.2436108497  
0.2127082573  
2.07168933  
2.440921151  
0.98179498  
-0.7187959921  
-1.882286641  
1.239674733  
4.830740378  
4.807012632  
2.832470361  
1.798793743  
3.295111392  
5.970716166  
4.448447757  
2.780678178  
0.3866781733  
0.9627798468  
2.621252507  
4.889757602  
4.807418279  
0.6709461623  
-2.509255316  
-1.410620349  
1.776934546  
1.86189663  
0.1579556688  
-3.623672099  
-5.055399644  
-1.757642155  
1.728754438  
1.181140341  
0.4262471606  
-0.04240529715  
-1.137944096  
-0.8341080403  
2.357854379  
4.129634705  
2.595652707  
0.04448475881  
-2.144338574  
-1.516464106  
-0.6158049352  
1.875284966  
2.535122757  
0.5752531566  
-0.5208258681  
-2.142687431  
0.09188994605  
4.669360078  
4.143717358  
2.325076517  
-1.414895445  
-0.3631553722  
3.599479076  
3.891039882  
2.555815672  
-3.602904952  
-2.693891771  
-1.598899229  
-3.183462974  
-6.01359127  
-3.628914326  
0.08741715116  
-0.08719463937  
-1.889901657  
-4.144462515  
-2.764701563  
-0.7893915372  
-1.529251684  
-3.568708782  
-4.343336519  
-0.00437167519  
1.830402241  
0.2726792999  
-0.4834939521  
2.029900563  
3.61688631  
3.305042082  
-2.010974512  
-2.579664106  
0.5790630526  
-0.3929654555  
-2.345862626  
-2.948026301  
-1.630459872  
2.450999676  
3.318869342  
3.151033189  
1.528408411  
-2.3788832  
-1.353333906  
2.544851754  
2.40157936  
1.475508755  
-0.9736696196  
-1.566124892  
1.008235593  
1.563244564  
2.344001535  
0.2973984858  
-0.5338581121  
2.176122774  
4.697111774  
3.247279886  
-0.6242389723  
-4.16496068  
-2.982381431  
-0.160526124  
2.275217606  
4.05758291  
2.580379485  
-0.3747355921  
-0.3223025013  
1.049764338  
3.578080492  
4.022241725  
1.672230662  
-1.362686773  
-3.636192  
-4.177418433  
-0.8091878661  
0.447778723  
-0.0445106827  
-2.004221323  
-3.267526171  
-0.7191235408  
5.031337366  
5.785766434  
4.047478081  
1.845011044  
-2.159195018  
-2.520902756  
0.9225890093  
3.452456986  
3.849348627  
1.793061168  
-1.262471563  
-1.490238696  
1.529865054  
3.670970346  
3.19636652  
2.199380939  
-0.7752422798  
-1.628874986  
-0.5901422147  
0.5825520151  
0.3582703159  
-1.497524079  
-1.734506273  
-2.89958463  
-2.557055943  
-0.3446714732  
2.783732946  
2.834361248  
-1.054718567  
-6.250036695  
-6.888000664  
-4.201554338  
-4.833403798  
-4.9374076  
-4.984235324  
-5.606492101  
-2.668967347  
1.03922529  
1.877909152  
2.326875182  
-0.2670920849  
-0.7465228873  
1.406444455  
4.430346285  
5.642487009  
4.694603022  
4.458830842  
1.160780031  
-1.608240916  
0.9044580559  
-0.8270382799  
-2.269249004  
-3.705514691  
-3.841952921  
-1.932881731  
-2.83633251  
-2.540548076  
-3.981306272  
-4.118054566  
-3.962566338  
-0.9948007263  
1.627741066  
1.770523455  
0.4905933697  
-2.079309782  
-2.983527581  
0.4288564553  
1.709827136  
1.222485411  
1.398089639  
0.7291005463  
-0.5271670275  
0.3675513711  
3.207563477  
3.994788066  
3.385982505  
1.005032125  
-1.523246356  
-1.003145423  
0.7885652685  
2.139453237  
0.1522080777  
-3.025399468  
