-0.5589460858  
-0.8891357876  
-1.418744748  
-0.8832002019  
-0.5270962974  
-0.1589520723  
-0.8415130947  
0.6465185214  
0.6797628806  
-1.048310132  
-1.132893414  
0.1434395595  
0.5023037838  
0.9790678237  
0.8308014152  
2.513450845  
4.50670487  
3.498003565  
0.514102039  
-1.357207181  
-1.279962937  
-0.7358323122  
-1.09097567  
-1.933706555  
-0.3264243876  
-0.3515852094  
-1.597978573  
-1.901534347  
-0.4649054731  
1.964390523  
2.144179862  
1.661094011  
2.277031781  
0.6855056282  
-0.5942267111  
-1.955714484  
-1.000455398  
-0.2225213519  
0.6918919524  
0.5236413613  
0.9544477102  
1.435989949  
-1.43424116  
-3.724353391  
-3.845330287  
-1.593686344  
-1.104834337  
-2.122761038  
-1.151199699  
-0.9637337313  
-0.8289639329  
-1.24811927  
0.9230881741  
3.646286682  
3.244924075  
2.192767127  
1.506638429  
2.149046681  
0.9329789242  
0.03996414246  
-1.843701061  
-1.194090402  
0.3155872014  
0.159861935  
-0.9442483187  
-0.1322052544  
0.07075707115  
1.064464301  
-0.2628282063  
-2.674875286  
-2.633762475  
-1.417240052  
-1.999462893  
-2.857043842  
-1.553666587  
-0.3838043706  
-0.1094705683  
-0.6135695675  
-1.229106944  
0.6304952103  
3.29873453  
3.66682517  
2.84046965  
1.238440433  
0.9845574128  
2.683825819  
2.068296295  
0.6404874461  
0.09119596013  
0.5412025351  
0.161868528  
-1.442196608  
-2.145673553  
-1.775318792  
-1.022788515  
-0.8181407486  
-0.3554068758  
-1.788367147  
-0.5126409733  
1.332320095  
0.8088544303  
-0.1467553207  
0.2087611868  
0.788459285  
2.114629512  
1.271715244  
-0.999882385  
-2.562979573  
-1.540657287  
-0.006759373478  
0.7454406321  
-0.009331440088  
-1.702486716  
-1.31587148  
0.7335078999  
1.410059334  
-0.08386161561  
-1.072918984  
0.09163427532  
1.516261556  
2.467091342  
1.162912128  
0.1044651352  
1.312032888  
2.078987434  
1.632927096  
1.106141481  
1.27591136  
0.6489482932  
-0.04598344247  
-1.554221843  
-2.311000603  
-2.838553915  
-1.826963632  
-2.325056723  
-2.08637194  
-0.6820523324  
1.164427582  
1.778425546  
1.155893589  
0.7947245267  
0.9806451808  
1.426977654  
1.63581077  
-0.1529985277  
-1.119941609  
-0.5023480317  
-0.3999142343  
-0.2875940542  
0.1145425938  
-0.4800185861  
-0.2470123022  
-1.660102478  
-1.505918995  
-2.334998935  
-3.099702256  
-2.926347725  
-1.645890176  
0.1183513329  
1.321113049  
1.998923445  
1.326666736  
2.12382021  
2.882849889  
3.143109111  
2.467999039  
1.041225598  
0.5238550052  
0.8106108931  
-0.7144717506  
-2.444481145  
-2.19276079  
-0.1058706461  
0.07406658046  
0.5034399018  
-0.8441988797  
-3.284238739  
-3.169584372  
-2.367003328  
-1.034747901  
0.1081439876  
0.2521282166  
2.689304855  
2.728890659  
0.6750044724  
-2.123514519  
-2.696026582  
-1.474386  
0.4167230965  
0.02341504545  
-0.7841377728  
0.7740918334  
1.035144877  
-1.007871392  
-1.493375936  
-0.3837153118  
1.263915237  
1.684540478  
0.529253021  
-0.7197580037  
0.2465576416  
0.8858934978  
1.748500118  
2.316780201  
4.103734387  
3.890550233  
3.594062292  
1.559262214  
-0.9159255502  
-1.822426152  
-0.4485161068  
-0.7604906503  
-3.325358327  
-4.356068635  
-2.697485979  
-0.4404220753  
-0.8980649161  
-1.666520577  
0.279878663  
2.331406863  
3.024120602  
1.558242757  
4.600629608e-06  
-0.2247854225  
0.6074144975  
1.112074691  
-0.4180443098  
-1.145405499  
-0.9807585363  
-0.8751425306  
-1.113002638  
-2.111680546  
-1.541811182  
0.08384751393  
2.180360467  
2.353999494  
1.02125215  
0.1953072093  
0.5231827426  
1.717865837  
1.478752956  
0.2042376413  
-0.7208695749  
-0.4711417843  
-0.4988409626  
1.765425265  
0.9197318446  
-0.01812009555  
-0.7410456491  
-2.21553184  
-2.062568166  
-3.278479723  
-4.36748201  
-3.214021373  
-0.06153935785  
4.006161983  
4.18215048  
2.745942949  
1.502069659  
0.1313952437  
0.04342660338  
-0.07084514488  
-1.227727168  
-2.245412454  
-0.5453577917  
1.107065098  
-0.7310790071  
-1.018242722  
1.142025  
2.207657571  
1.225013893  
1.080957933  
1.733279746  
3.450747393  
5.052087023  
3.359875834  
0.1562479846  
-1.250992167  
-0.2391420826  
0.351829487  
-0.4458639445  
-2.15677629  
-1.78488369  
-1.015886547  
0.4732028576  
0.1980155864  
-2.018228782  
-3.060488863  
-2.13258564  
0.3681178715  
1.045329976  
0.8466910735  
-1.061023744  
-0.9327049387  
0.906161334  
-2.329294258  
-1.13962972  
0.7301788864  
1.235290766  
1.151222709  
2.058346883  
1.978199651  
2.038729588  
0.7430852489  
-1.827502183  
-2.250903808  
-0.1273486672  
1.225509628  
1.153993011  
-1.145181691  
-1.759013735  
-0.2086675935  
-0.1074133966  
-0.6612892602  
-1.515321834  
-0.8163750853  
0.3614309336  
0.6619188234  
0.4694585379  
-0.2572825096  
1.440702501  
3.251171702  
1.901497589  
-0.8618544417  
-3.596774944  
-3.827245246  
-3.297946075  
-1.952158063  
-1.048561182  
-0.02047903499  
-0.3690127884  
-0.5990789798  
-0.01389534743  
1.930291174  
3.444470101  
3.039817413  
2.657483028  
1.254799893  
-0.7745212409  
-0.4696871294  
0.01922610281  
-0.6556730973  
-1.706390168  
-3.333087967  
-1.738622364  
-0.2534404532  
0.8573576772  
0.5858779465  
0.9035615968  
1.351768925  
1.771317255  
2.116138986  
0.9270610529  
0.201127409  
-0.7857673038  
0.4803109817  
1.547276644  
2.492726368  
1.83956023  
-0.8329233384  
-3.262979526  
-3.070646985  
-2.280080685  
-1.136740247  
-1.778984457  
-1.529879246  
-1.26356708  
-0.5997807764  
-0.2939162805  
-1.599602536  
-3.64920751  
-3.941239563  
-1.909246185  
-0.7734215494  
-0.2705589231  
-0.4123234002  
0.3712735874  
2.168687957  
3.359783318  
4.009822814  
2.721979372  
2.021675289  
0.69372586  
0.42675711  
-1.318485094  
-2.542835362  
-0.5419271903  
1.136043357  
1.35452838  
0.2983810119  
-2.308014678  
-2.882319041  
-1.309148237  
-0.8068259439  
-0.9818426539  
-1.087631131  
-0.1133274087  
2.036466519  
3.044818031  
2.433035824  
0.5124394075  
-0.7289571567  
-0.5363706886  
1.268632089  
2.689397452  
3.035036913  
2.94133031  
2.784969491  
3.299096935  
3.33348635  
2.103188472  
-0.1693033697  
-2.25930466  
-2.940837781  
-3.720355463  
-2.397540138  
-0.9004786379  
0.429729186  
-1.284965815  
-2.374860243  
-2.944055752  
-3.311067557  
-2.406264462  
-0.8721194732  
-0.6286330583  
0.9451854664  
0.8942650895  
1.949550673  
4.028277511  
3.728965337  
2.167430432  
0.4463527298  
-0.06967037882  
-0.5113685549  
-0.5937183023  
-1.312226877  
-2.540695088  
-2.997799211  
-0.863352516  
0.9938551711  
0.3501738638  
0.8579983153  
0.8847787399  
0.880002102  
-0.2594124103  
-0.8751252482  
-1.752660822  
-1.6507285  
-1.132317893  
-3.08654453  
-2.569912631  
-1.199025517  
0.7531540196  
0.1263097123  
0.3242739871  
1.309328279  
3.661858063  
5.529908441  
5.18494932  
3.842339677  
2.976085901  
3.615603069  
1.138064143  
-2.076214184  
-3.05366178  
-2.592072887  
-0.5598036871  
-2.239713855  
-2.454919575  
-2.131707311  
-1.154157434  
1.200304042  
2.667043892  
3.491002356  
2.39652525  
0.9620228689  
1.939686286  
3.011639666  
2.934880574  
0.8464528868  
0.7896110506  
1.413751376  
1.846891666  
1.15681851  
-2.579076714  
-4.81488774  
-3.052705292  
-2.11575299  
-1.103909724  
-0.05354218689  
-0.6178801103  
-2.866682949  
-2.45383623  
-1.60767745  
-0.07773040871  
0.6441351792  
0.1189401378  
-1.825805696  
-2.4151786  
-1.547678355  
-0.8806215682  
1.325537613  
2.501985171  
1.569364877  
0.6060872322  
1.106013852  
2.993090558  
3.284461143  
1.566943283  
-0.5372640041  
-2.878602864  
-2.790493499  
-2.502212084  
-1.201428007  
-0.8696531783  
-1.274584467  
-0.7800910139  
-1.413472297  
-0.6034696671  
0.6802750733  
2.521836579  
2.622129703  
1.992365953  
-0.2935078443  
-0.5675517918  
-1.091299904  
0.4074850949  
1.564006229  
0.8174788271  
-1.814918726  
-1.979257124  
-0.6524412029  
0.1164833366  
1.257396363  
0.4692359206  
-0.9683328964  
-2.690092398  
0.2808357981  
2.872084682  
3.357567373  
1.315060038  
-0.5572443903  
-0.9154927687  
-1.289407725  
-0.6457469178  
0.2146650515  
-1.778022037  
-3.618529371  
-2.428841255  
-0.5629651758  
0.7902752825  
0.4652062499  
-0.4106411854  
0.1037292169  
1.074905875  
1.05389967  
1.696408021  
2.212215467  
3.034934635  
2.55109255  
1.8106074  
0.5303393756  
-0.2825442615  
-1.50384952  
-2.415159053  
-2.693836332  
-0.6258418261  
0.7532278343  
0.2502660874  
-1.227223621  
-1.623335421  
-0.9515384597  
0.1502311221  
2.239826501  
3.691006107  
2.669184968  
0.1777403663  
-1.399981113  
-2.247978755  
-2.010457176  
-0.4413379188  
-0.3376896154  
-0.7728162217  
-0.6907824839  
0.2273891534  
1.696878242  
0.6791919284  
-0.002660348468  
0.3633032242  
-0.5134991119  
