-0.5916282034  
-2.79252749  
1.082996736  
0.3877831656  
-1.072468422  
0.5903890531  
2.189687725  
0.3791737637  
-0.6363097715  
-0.08767815027  
3.968832489  
0.5547429004  
-0.528198778  
0.7336832852  
-0.1841888721  
-1.553631872  
1.17888503  
-0.5642994301  
1.030807678  
0.4958558386  
-1.055215938  
-1.872877394  
-0.1278470203  
1.468797346  
1.118163068  
1.882159885  
-0.4339848114  
-1.864510754  
-0.9282373624  
-0.08806698947  
-0.9000111021  
0.2287330577  
2.697165126  
-1.407334105  
-1.017060368  
-1.559439749  
-3.244749451  
-2.702477027  
0.7454193696  
-0.3638404893  
-1.249769722  
-1.331574511  
-3.266874059  
-0.4580968394  
0.1030001551  
1.440718478  
2.060224845  
-0.8899594705  
0.7299559873  
0.374165763  
1.882978154  
-0.1950650604  
0.4216299754  
0.3526125522  
-1.485681922  
-0.2301576711  
1.453240444  
0.5685896975  
1.242342698  
2.104307557  
2.712111267  
-0.1270152632  
-1.505163344  
-0.6036358873  
-1.69725073  
0.6493324148  
1.041927124  
1.879062591  
0.5251087285  
0.6124912842  
-0.627678307  
1.023201656  
-0.7729189855  
-0.9982170742  
2.309236414  
-0.3980459829  
-0.6996343892  
0.7345591684  
-1.653241996  
-0.3996032381  
-0.6256481486  
-1.472634361  
-0.8000481852  
1.000391862  
0.06201233075  
-1.382704644  
-2.05468776  
0.8288693941  
-0.7052772244  
-0.5934336627  
-0.154775562  
-0.1183485423  
1.147239638  
2.956167272  
1.672083879  
-0.07962525718  
-0.06641581309  
-0.8440207075  
1.791675303  
0.2326486278  
-0.5964169506  
-0.6827483206  
1.447660615  
2.552082321  
0.1667145766  
-2.387064595  
-0.4161380199  
0.02918879901  
2.669481234  
2.0786672  
1.049278518  
-0.8411134491  
-1.073789187  
-2.039105802  
-0.7383710998  
-1.769533769  
0.1505115179  
-1.229778769  
-0.1398621688  
-1.160437728  
-3.849144935  
-1.13737112  
1.529492687  
1.353606624  
0.8338170254  
-0.784031315  
0.4724280703  
-1.513106489  
-1.351130415  
0.04728130611  
-0.3964124838  
-0.3137590699  
0.1143280941  
0.397707652  
0.01622624484  
1.037928426  
0.06646601085  
1.997168361  
0.76695163  
0.7696721205  
-0.5059839591  
-2.752107525  
-0.06041224783  
-1.089412591  
-1.165502925  
-0.5887996984  
2.613332511  
0.2353467135  
-2.504044633  
-0.9488608107  
0.5242188896  
1.201923757  
-0.3251767806  
-0.2463954798  
0.0009043225798  
1.156116427  
1.313574427  
1.419567935  
0.3377978299  
-0.9576318687  
-0.2050643902  
-0.4966859622  
-1.498421488  
-2.811154918  
-0.2619702342  
1.371132441  
2.254318747  
-0.3499238931  
0.7779063058  
-1.750392748  
-1.479249813  
-1.144019288  
-1.917731634  
0.9250674104  
-0.4296423236  
2.348972315  
2.797969569  
2.119235666  
0.897609592  
0.4832688617  
2.404532906  
1.478676227  
1.075520994  
1.43364865  
-0.9662059673  
-1.884818703  
-0.1703658083  
0.3179436637  
-0.3727982015  
0.8135203599  
-0.7134066352  
1.580057491  
0.8770539404  
1.498863818  
0.8171540415  
0.2882695097  
-0.5677677253  
-0.126100174  
-1.132668084  
1.492799491  
-0.3316812208  
-0.5852811568  
-2.81358049  
-1.751662476  
2.79381578  
-1.447060909  
-4.339673888  
-1.565204619  
-0.1076183112  
1.021570172  
0.9590814214  
0.01877187683  
-0.3413007618  
-1.189968552  
-1.125894402  
0.7243914525  
0.3572752987  
0.9801930764  
1.682248396  
1.39574314  
0.1514586215  
-1.913266728  
0.5880334407  
-0.2069580029  
-0.137191226  
-0.7682025526  
-1.345899986  
3.093660763  
1.441793109  
2.293387686  
1.278957777  
1.246615878  
-0.1502707283  
-1.74412955  
0.1416517126  
-0.6429818514  
0.4962817619  
1.766079676  
2.018323629  
-0.1462637869  
-0.6706001624  
-1.672775596  
-0.6768565801  
-0.09025913234  
-1.133126042  
0.2961580482  
-0.6080437676  
-2.051449133  
0.3398422623  
0.07246235113  
-0.02874590066  
-1.336339859  
-1.294368083  
-0.7909011685  
-0.8542458053  
-0.3263404203  
-1.416105393  
-0.8868184996  
1.223344529  
0.1713170669  
0.1381816641  
-0.1368700689  
0.1535122402  
0.9987961246  
1.126623836  
1.267107703  
1.575788673  
1.156285645  
0.2560572005  
1.290711826  
-1.303075133  
-0.2216007195  
0.8160085997  
-0.06985959697  
1.129518032  
-2.939334334  
-3.311944647  
-1.522323181  
-0.6952060822  
0.3248150774  
-0.8766916469  
0.2573199505  
0.7961771433  
-1.046645873  
-0.7384881525  
-1.006870474  
1.063044699  
0.8571753247  
3.524559609  
2.438024561  
3.4536849  
-1.743903693  
-2.37647849  
0.7537894974  
-1.591586954  
0.6978630405  
0.5244604558  
1.433917399  
-1.207943136  
-0.2312099185  
2.543740068  
-1.195281203  
1.094153242  
0.9928562137  
1.887981232  
-0.1882430097  
0.08760032547  
-2.502462268  
0.8178370238  
0.8599856147  
3.127608332  
0.112229183  
-2.569768997  
-0.8057205811  
-2.885068104  
-2.363653278  
-0.1534409252  
-1.110162674  
-1.019394637  
1.463649165  
-1.324854527  
-0.9181782207  
-1.5412038  
-2.219240893  
-1.157255419  
0.8004519755  
2.698115614  
0.9829824506  
2.105312027  
0.07239307181  
1.279679606  
1.492075517  
1.088421348  
0.6481778373  
-0.5615356909  
-0.4065175304  
-0.8826396764  
0.07021228  
0.3354224256  
-2.100884134  
-1.739540527  
-2.377231379  
-2.746334032  
-1.603181814  
-0.9101618342  
0.4973616064  
1.845759275  
3.369611215  
1.370219497  
-0.406776864  
-3.465063423  
-1.343685127  
1.152135158  
-0.8415281729  
2.512796424  
3.244690982  
1.018963809  
0.7686214628  
1.438875985  
2.487490318  
-0.2874576424  
1.393548882  
1.923491401  
-1.121891936  
-2.989034765  
0.1117101976  
-0.09260075649  
-0.01636401924  
-1.760883662  
-0.4075219926  
-1.277843929  
-1.871874458  
-1.23666527  
-1.497775927  
0.07303147032  
0.715128222  
0.2168578643  
-1.905252472  
-3.357289485  
-1.258959911  
-1.296873667  
0.498162559  
-0.9351225087  
-2.041120607  
-1.084871745  
-1.366863716  
-0.7458765622  
-0.4279833345  
0.722992569  
1.448120978  
1.187755313  
-1.54444146  
-0.1356461786  
-0.4508505674  
-1.166693883  
0.1644341091  
3.879883997  
2.111999224  
3.279033647  
-0.340988134  
0.4505856876  
1.519727995  
2.924287875  
1.762988354  
-1.535555002  
-1.148241267  
0.5564574599  
1.293968842  
0.7875278951  
1.334110655  
0.8866684863  
-0.8113118877  
0.08042391457  
0.7184491891  
0.7499819866  
1.330400002  
-0.6065392138  
-1.126060201  
-0.8850120954  
1.208150879  
-2.334109634  
-3.185991662  
-3.225564125  
-0.2959915148  
0.7042524992  
1.310144419  
1.693509118  
0.4181372909  
1.64740239  
0.2530930549  
-0.6183415879  
0.6054816345  
3.914784403  
1.319360096  
0.9562308254  
0.4121530365  
1.807091389  
0.337476036  
-0.04172371837  
1.460265113  
-0.7069763272  
0.06768009596  
-1.947909965  
0.3052941099  
-2.59807511  
0.6510289838  
-0.03508216325  
-0.5807811407  
-1.987523223  
-0.8929350021  
2.015862748  
0.2504594799  
1.496839528  
1.005199151  
0.1612289996  
-1.577007067  
-1.143879146  
-1.338375054  
-0.9810147557  
0.1760981528  
-1.14431789  
-2.620471023  
-2.161697065  
-1.594200296  
-1.21130463  
-3.016673323  
1.5442527  
0.9025759191  
0.3793618103  
2.62560245  
1.670718547  
-0.8867187913  
-2.167704286  
-0.2826455386  
2.331817239  
0.4528460893  
-0.3183967208  
-0.5370685747  
-2.337934365  
-1.378745254  
2.399722559  
-0.4101620063  
0.3459026725  
1.737264463  
1.070223571  
0.3237232379  
0.00994730594  
0.4035291151  
0.3204172305  
1.148827373  
2.396142065  
1.443653501  
4.442208528  
1.796787725  
2.521652739  
2.250300655  
0.4213077047  
-0.8042804187  
1.408610892  
-0.8230924229  
-0.6663613602  
-1.074364745  
-0.551224401  
1.907968895  
0.1845017121  
-1.064337966  
-1.111995242  
-2.341433486  
-1.712809583  
0.08211903112  
1.503297454  
-0.2550166934  
-0.9119513763  
-0.3263951073  
-0.9188370304  
-0.3456968871  
0.4807463993  
1.011465844  
-0.796155993  
0.5120879325  
0.7025480267  
-1.823285574  
0.9716564731  
1.046290938  
0.6184123921  
0.6943258692  
-0.2990300036  
-0.4833765083  
1.250524297  
-1.876524428  
-0.1736432472  
0.5826533222  
-0.4079905968  
2.019438362  
-0.02275374594  
1.268725234  
-0.983525157  
-2.63504445  
-1.845194339  
-2.200923613  
-1.394939115  
0.5190814502  
-0.9872768534  
0.3942648455  
0.01486972326  
1.85429984  
0.641952318  
3.146023493  
2.194519357  
-0.007666547697  
-0.2304991459  
-0.04712470123  
1.775360514  
-1.220112271  
0.1612832335  
0.9211143043  
-0.7948434506  
-2.626922383  
-0.9827133453  
-1.215710058  
-0.9159933713  
-3.736652785  
-1.340323259  
-2.477439278  
-4.265822006  
-0.7379980824  
1.103895781  
1.044413431  
-1.463522829  
-1.701803294  
-0.7295424902  
-0.5149117739  
0.345483584  
-0.5130495349  
1.437118478  
-0.16738232  
0.5717332979  
3.60860519  
1.855646632  
1.762007728  
1.877824697  
0.5009689833  
0.8868427658  
-0.1147042913  
1.887339264  
-0.82090336  
-1.251963533  
-0.2299614834  
0.5270694111  
-1.424503036  
