1.151420497  
-0.6369894792  
-0.8144271723  
-0.9389659746  
-0.3854733993  
-0.9517473733  
-0.3353970756  
-0.06498195315  
-0.7688793707  
-1.236804431  
0.3888884489  
0.9673831074  
-0.6594492904  
0.7837182673  
2.183534485  
1.149997533  
-0.5781201402  
-1.884284101  
-0.7683156335  
1.416600691  
-0.6297577497  
-1.347045359  
-0.4278476392  
1.811522238  
1.951482549  
2.483760974  
2.394741008  
1.258018863  
1.121448212  
0.3655252012  
-0.3224272857  
-0.568366551  
-0.2834775249  
-1.77435458  
-1.764092918  
-0.2156224144  
0.09935298034  
-1.389124532  
-0.9436095833  
0.4116721036  
1.419408646  
0.8340096405  
-0.8968381703  
-1.143667145  
-1.071801602  
-1.318792552  
-0.14796498  
0.6982771633  
-0.3351864429  
-1.663298022  
-2.271515797  
-1.178203557  
-0.8286185391  
0.7700184118  
1.102716261  
1.438056382  
2.016642446  
1.437596834  
0.5946372516  
1.219293266  
2.262145498  
1.642848594  
1.392347655  
1.14309139  
0.2885604494  
1.484790146  
-0.9469632037  
-3.174463222  
-3.122636558  
-2.328999465  
-3.176258309  
-2.278935323  
-1.899876101  
-1.100962834  
0.2192615367  
0.6219306389  
0.4116801514  
0.9786504453  
1.974591714  
0.5018484871  
-0.224765516  
-0.1504288122  
0.8545863113  
0.3890659719  
-0.9289273623  
-1.266621346  
-0.2163341824  
0.5729856499  
1.450863999  
2.534129398  
1.716356233  
2.136157675  
2.086370423  
2.377427121  
0.6039761157  
-0.4585251841  
-0.5202760899  
-1.002282766  
0.1552726911  
-1.500059267  
-2.223322315  
-3.482067646  
-2.383327003  
0.03987806245  
-1.427838842  
-1.524475583  
-0.1055079039  
0.6489359959  
2.667052536  
1.750066318  
1.731217959  
1.032899553  
0.7725422447  
1.115665059  
0.6821462631  
-1.881498896  
-2.233512572  
-0.3909709208  
-1.123912666  
-0.8802678091  
-1.083152293  
-0.4501368419  
1.197540009  
0.878201321  
0.4099030864  
-0.2383611592  
2.994963891  
1.833029011  
0.8168220808  
0.3729066445  
0.146151935  
0.1528113976  
-2.287004105  
-3.144398244  
-2.561314184  
-1.290727914  
-0.2465275609  
-0.6779309146  
-0.3535385668  
-0.02617826618  
0.6726425236  
-0.1410480713  
-0.9890243338  
-0.3590424629  
-0.159020977  
0.8860380129  
-1.800727611  
-0.1979882961  
0.2436905946  
0.844072617  
1.805718237  
1.832947571  
0.3386712245  
1.235294487  
-0.1620740071  
-0.0220945288  
-0.01011725037  
-0.1903793477  
-0.6444017095  
-0.9395366155  
0.7232807901  
1.906008771  
0.1202998658  
0.2028096383  
0.1476856422  
0.1863605779  
0.8461807036  
-0.2674581759  
-1.63211558  
-0.05318344343  
0.6855428952  
3.388131794  
1.953276868  
1.335660958  
0.646868297  
0.2934853139  
-0.4517283025  
-2.429659362  
-3.530644051  
-4.267919952  
-3.010905341  
-0.8738700875  
-1.869159841  
-1.631385014  
-0.6431418105  
-0.201831448  
-0.4850445087  
-0.0706202705  
0.07236989746  
1.478070896  
2.345747251  
1.727141365  
0.09319531874  
-0.09615912283  
0.2359226778  
0.9936920607  
0.3568647541  
0.05343255772  
-0.2678399133  
1.845263133  
1.303419156  
-0.2616781438  
1.084541553  
2.2189975  
1.95453344  
0.4158781135  
-0.8214180981  
-0.3502435145  
1.407153159  
1.184683856  
-0.1573913058  
-1.98312653  
-2.659132557  
0.02610880262  
-0.9820317373  
-0.9725347293  
0.3571546714  
1.147210491  
2.67851327  
2.204565152  
1.947631558  
-0.04674270808  
-0.2902812562  
-0.6607149255  
-1.214309248  
-0.6863148644  
-1.526198202  
-0.6428014275  
-0.2853854668  
-1.61879584  
-2.42319142  
-0.6467936522  
0.8133938155  
-0.5314778519  
-0.8136622048  
-1.452144021  
0.2832960231  
1.599288242  
0.3604174296  
1.317715153  
-0.4638394204  
0.2370467003  
1.291812932  
0.9969750984  
1.522409126  
1.62425903  
1.357974347  
0.5874659693  
0.8803161512  
-1.899471866  
-2.701963388  
-2.756211135  
-3.438157343  
-1.84260399  
-1.019675409  
0.346523611  
0.4299531344  
0.3076202719  
1.654829041  
0.2463685995  
0.874938036  
1.141938759  
1.5385612  
2.07137686  
1.968746973  
0.6422956863  
0.4127288172  
0.1903193884  
-1.194742058  
-1.952039688  
-3.003121971  
-2.72277146  
-0.6662055021  
0.1042891209  
1.51959679  
0.3673043008  
0.5631187828  
2.362593034  
1.569561548  
1.938493339  
1.345353654  
1.969540598  
3.613802448  
1.296343138  
2.140282041  
-0.9966534045  
-1.305493924  
-1.938545234  
-0.3635935831  
-2.143952511  
-1.896843889  
-1.587402312  
-1.936767583  
-0.5352422398  
0.2215228106  
1.387522473  
-0.4278513273  
0.8214899623  
0.6002921361  
0.9554139375  
0.7006366072  
-0.6778155184  
-1.925187592  
-2.894840521  
-2.165346121  
-1.501576688  
-0.5782677413  
-0.0131825712  
-0.4421112769  
0.3670117829  
0.3919198118  
1.754743443  
0.6046454071  
0.6452987213  
1.514378237  
1.707739088  
2.280567343  
1.171523317  
0.7398686654  
0.7371833888  
-0.936524746  
-0.5192341745  
-0.9926990245  
-1.132350319  
-0.651485593  
0.5230419777  
1.871559889  
0.6068784828  
0.5216496933  
-0.2939295802  
-1.148137206  
-2.126806432  
-0.809250999  
-0.8574662824  
-0.3333809386  
-1.604909694  
-1.330514361  
-0.7035281598  
0.6116200819  
0.2696580135  
-0.4718999559  
0.002653079956  
0.8110312643  
1.440247408  
1.166124119  
0.9848081772  
-0.01397725088  
0.4435066918  
1.746328407  
0.5211959038  
-0.657491754  
-1.437058604  
-0.9636511377  
-0.6169720321  
1.004629602  
2.35798998  
2.823907523  
2.885830103  
1.208367012  
-0.6169608011  
-1.984820915  
-2.781140652  
-4.281052168  
-4.250250708  
-1.842375511  
-0.3359597126  
-1.438525231  
-1.324878342  
-1.601048958  
-2.101786092  
-1.076796724  
-0.6385201947  
-0.4288147639  
-0.6101276645  
-0.7068168725  
1.083675059  
2.287029209  
1.401080469  
0.9288870686  
0.8133051804  
0.1922674212  
-0.8740976348  
-2.149770148  
-1.494360021  
0.2774217457  
0.2291297147  
1.515764993  
1.391072117  
0.3452458008  
0.6826506935  
1.141650586  
2.272734602  
1.031095223  
-1.812270997  
-1.501364628  
-1.562535553  
-0.4607992894  
-1.188518546  
-0.3471873162  
-0.002032003708  
0.4890204129  
0.992291448  
1.270505393  
0.1570367405  
0.2509914726  
0.7448662238  
1.236623235  
2.156434828  
2.208815348  
1.159874918  
1.266568463  
0.4446920667  
0.2284912921  
1.942027167  
3.189656291  
1.015709858  
1.357885329  
0.4332693651  
0.2743997171  
-0.5747101475  
-0.1222476381  
-3.356737538  
-3.022891967  
-2.74572164  
-2.640002176  
-0.861835854  
-0.3875964041  
1.77917921  
0.6813056237  
0.08713050639  
0.4861175224  
1.163738474  
2.018172126  
0.3573397584  
-1.004116549  
-2.242586166  
-2.655020606  
-2.535199616  
-2.810507812  
-1.653977137  
-1.293725242  
0.5923586139  
0.487590001  
0.7736503529  
-0.6151684891  
1.185854498  
2.075162399  
0.710161636  
-1.212122434  
-1.396838606  
-1.537100707  
-2.46588827  
-1.762698478  
-1.773042352  
1.391362855  
1.43038975  
0.7813635057  
1.215701957  
1.144500628  
2.125339375  
0.4884307206  
0.9724471852  
1.683944766  
2.077276156  
2.368294728  
1.253144414  
1.309565549  
1.175894012  
1.869629057  
1.992961269  
3.350946912  
1.19228869  
0.1888571022  
-0.7284160219  
-1.069576651  
-0.5844223092  
-0.3392683926  
0.2073542163  
-0.340687964  
0.3802856731  
1.387566936  
0.9774874298  
1.334068058  
1.982984366  
1.079997589  
0.1639875329  
1.72049808  
0.8666694244  
1.948610274  
2.665688816  
1.100370176  
0.8805838447  
-0.07545940239  
-3.321621362  
-4.175896704  
-3.45309584  
-4.681237549  
-4.303614513  
-2.387371376  
0.02307852914  
-0.9468210826  
-0.4925686429  
-0.1992751816  
0.1409757098  
0.8311358668  
2.002538906  
1.274762519  
0.9176196505  
0.1824692389  
0.5402719082  
0.02133940536  
0.5535564731  
-0.963412941  
-1.546902931  
-1.927131736  
-2.471691939  
-0.6249479202  
0.3695606316  
0.1217844478  
0.5809542011  
0.8749467002  
0.8356970695  
-0.7804314466  
0.7605042734  
1.513446621  
-0.6895095098  
-0.2517927696  
-0.3150644267  
0.01846465854  
-0.9966985142  
0.2041081371  
1.091679936  
-0.7686111226  
-0.8373361859  
-1.595409913  
-0.06900637961  
-0.00261204497  
0.02451607669  
-1.490995619  
-1.087015174  
-1.102148482  
-0.3118008158  
2.383849427  
1.126201074  
1.447825705  
2.352902289  
-0.05581791308  
-0.560799726  
-0.9340448629  
-0.4401248257  
0.03039542824  
-1.093795512  
-1.707592272  
-0.9970418253  
-0.02519563094  
-1.087014758  
-1.577830029  
-0.7754831927  
0.1860163504  
1.088469709  
-0.5236877386  
-0.1388451303  
-0.2075067572  
-0.851530548  
-0.2244816595  
0.3906675758  
0.08696319538  
1.363590762  
1.109557202  
1.561878689  
1.230818224  
0.8768053037  
0.2219732707  
0.5950874393  
1.128173056  
1.784672047  
2.889917356  
3.232152183  
1.375975313  
-0.6492593815  
-0.6312106433  
-0.5478897152  
-1.3521349  
-0.113470512  
0.274253759  
-1.992246791  
-2.14452677  
-2.245408785  
-1.133573293  
-0.06887835654  
