-1.027357403  
0.03716952753  
1.864729316  
1.211135359  
0.9100733266  
2.84204628  
4.743988647  
1.981809478  
-0.6413900999  
-0.8895023807  
-1.221791378  
-3.380042068  
-6.21748574  
-3.236530501  
-0.2847074652  
-1.405814651  
-2.326919455  
-0.8919242675  
0.01652677923  
3.255518351  
0.7985256842  
-0.3001400202  
1.129390031  
1.814067781  
-0.234808477  
-0.7854378354  
0.5324964231  
2.75058779  
1.351156807  
-0.06132345496  
1.257054773  
2.848245125  
2.079983807  
-0.6431719536  
-1.434760831  
-1.253233364  
-2.014542249  
-4.763241177  
-4.325440441  
-2.602261201  
-1.053253955  
-0.6917093428  
-0.2672869659  
1.326448255  
-0.1078641004  
0.1355312041  
1.78903787  
2.296158821  
0.669669401  
-0.656100927  
0.5187878007  
2.348811316  
1.799604391  
1.488171136  
2.65809037  
3.161066295  
1.743120754  
-1.757244577  
-3.599050176  
-1.763151445  
-1.884898891  
-4.135297322  
-4.143940837  
-2.007529114  
-0.1169358543  
-1.413833853  
-4.245777091  
-2.765906513  
-1.053303461  
-0.003274933732  
-0.9882396798  
-2.242249682  
-0.8879325933  
2.000974708  
3.237461119  
2.007021413  
1.154903313  
1.863310072  
3.722086573  
2.693265279  
1.735012193  
2.07805185  
2.997771462  
2.126512427  
-0.08602306907  
-1.984119323  
-2.550091008  
-2.041695746  
-2.852364515  
-2.477055098  
-2.771360671  
-2.017920836  
0.1265122257  
1.55894581  
1.094176949  
0.7596617056  
2.072115164  
4.416974394  
4.673151956  
2.665760058  
1.104541594  
0.7987940473  
2.277225835  
2.12509765  
-0.04196409782  
-3.665964173  
-4.166245243  
-2.673643129  
-1.66495733  
-2.615723791  
-1.952718155  
-0.793695098  
-0.2039322256  
-0.734893941  
-1.394167636  
-0.85743643  
1.374508534  
3.389253226  
1.812280301  
0.7017616154  
0.7402156342  
0.6603416994  
0.7753282842  
0.7703594475  
-0.4133239348  
0.7455283821  
3.762709602  
2.270266219  
0.7993153676  
0.8623478039  
1.850070855  
1.099536238  
-1.976487772  
-3.04860221  
-3.883693599  
-2.966672878  
-2.375239624  
-3.874307046  
-3.511636003  
-1.893828687  
0.491517848  
1.407490229  
-0.1468560471  
1.838527043  
4.349939237  
3.125595393  
0.4968099343  
-1.739396017  
-1.648165993  
-1.135547696  
-1.050456419  
1.095905843  
-1.205650036  
-1.894883709  
-1.453084082  
-2.22608764  
-0.01405779231  
-0.4442972728  
-0.6906417624  
-0.0761455331  
1.140474139  
2.041027374  
1.611313921  
0.7013274369  
1.152253791  
3.108195914  
3.653162239  
2.210094757  
0.09555409841  
0.2155165819  
-0.8795165761  
-0.3840866579  
-2.403670781  
-3.230247911  
-1.429693842  
-0.5334647506  
1.314408572  
-0.3750619274  
-1.439717867  
-0.9015744311  
1.698167278  
3.637045667  
2.117728522  
0.853848969  
0.6175982544  
0.3784803508  
-2.293551748  
-3.841980342  
-3.954556198  
-2.271802616  
-1.197944748  
-1.877743559  
-0.6073340672  
0.7650648704  
3.55698941  
3.123283901  
1.98822586  
1.804433972  
0.660419343  
1.37187047  
1.023956682  
-1.845182571  
-0.2604566653  
2.586876215  
1.317185248  
0.13345593  
0.2695055399  
1.956224142  
2.522270683  
0.4864643613  
-2.428180165  
-3.68646596  
-3.063687236  
-1.708948963  
-2.209320105  
-2.453173412  
-1.128506488  
0.305308042  
1.251396413  
0.672443384  
1.146786306  
2.201439839  
3.202878053  
0.2030305115  
-1.504434314  
-1.046995537  
-0.9115871234  
-0.6247103389  
-0.300283905  
-1.46681007  
-1.136438624  
2.476858788  
4.262707343  
3.095756321  
1.513302772  
2.707676726  
4.248181383  
2.330459451  
-2.340997595  
-4.008308061  
-4.485381854  
-2.326863042  
-1.708434373  
-3.349827755  
-3.58554102  
-2.974030891  
-0.5584844099  
1.021438609  
2.845069131  
1.078124218  
0.129297961  
1.090135854  
2.388745081  
1.914943758  
1.460397677  
1.444462615  
1.484780169  
1.672341039  
0.3743530453  
-1.497092171  
-1.512472936  
-1.055901319  
0.169594708  
1.433770445  
-0.05086032704  
-1.910992306  
0.2405948995  
0.7320013197  
0.3039662516  
0.04661506924  
1.468168077  
2.665930709  
3.098183778  
1.992555895  
0.8778848712  
-0.6310043375  
-1.839176423  
-2.807884806  
-2.530526605  
-3.098319924  
-2.132902972  
-0.06935374024  
0.5519717758  
0.437244172  
0.6213968919  
0.2860252917  
0.671833338  
1.582309284  
1.632270976  
1.298526395  
-0.7839163615  
0.6902781282  
-0.09099533363  
-0.9804341431  
-1.835327486  
0.9313837676  
0.9246289669  
0.1836529252  
0.8259797617  
1.222360486  
2.428963717  
2.651731884  
0.7574378666  
-0.6685761795  
-0.13043284  
1.543977659  
-0.1089152057  
-0.7835348435  
-1.262236745  
0.5766920616  
0.5541063595  
-0.5262761046  
-2.899571548  
-2.672277381  
-2.987118435  
-4.09100287  
-4.935192003  
-2.481765324  
0.1962259015  
0.9165692638  
0.1675310687  
0.6149022643  
1.219593047  
2.046690748  
2.331068367  
2.909159023  
1.500249817  
0.1026277015  
-0.7428625763  
-2.144655053  
-1.506872275  
-0.7427520477  
0.5022169967  
0.8417498176  
0.4971510791  
-0.3853684489  
0.4895201066  
1.868824117  
0.617845498  
-1.787242711  
-2.976019763  
-1.719736329  
-0.07345738467  
0.8185982771  
0.3174643315  
-0.2979538577  
0.3153209076  
1.66072789  
3.053863704  
2.87257534  
2.116462552  
1.620425063  
1.745360105  
0.6690525676  
0.4850186782  
0.2304370554  
-0.8945909506  
-2.042675138  
-1.61962515  
-1.96368326  
0.08920464949  
-1.799950449  
-3.003451401  
-2.360340585  
-0.3267324745  
0.2240878061  
-0.8131791221  
-1.151588673  
-0.7557753844  
-0.2087565912  
1.613416425  
0.04973456151  
-0.4311352732  
-2.149085491  
-0.9839262108  
-0.3817628247  
-0.07983072878  
-0.8235117061  
-0.8559518295  
1.64254384  
4.067707214  
3.775104671  
1.062480169  
-2.176842413  
-3.105108483  
-3.176842213  
-3.644754577  
-3.364041656  
-1.449542356  
0.2874920271  
1.621285014  
3.674748305  
1.206698361  
-0.2701811744  
-0.1152903771  
1.431416753  
1.360045338  
0.3180422411  
-2.113884018  
-1.331455913  
-1.147910548  
1.562977746  
2.737930693  
2.50991377  
2.193038974  
3.161268301  
2.610591749  
2.610548934  
0.001727584734  
-2.564611286  
-4.531941617  
-3.946525772  
-3.888654242  
-2.275973829  
-1.119116341  
-0.8248864032  
-0.4514775407  
0.6408059425  
1.52530286  
3.202623409  
3.66877413  
1.69817613  
-0.3215263812  
-0.8810885053  
-0.8331684053  
0.2361241165  
2.247066041  
2.126861748  
0.858783623  
1.973898448  
1.758161262  
1.890089628  
1.172375106  
-0.3785250361  
-2.845079642  
-2.329445668  
-2.289538473  
-1.452005718  
-2.472001093  
-2.027327931  
-0.1765008663  
0.4391338288  
-0.03989663622  
-1.2371567  
-0.5292299501  
0.4224192381  
2.280502434  
1.529821416  
0.7401530179  
0.9599300753  
0.004938923142  
-2.50078915  
-3.094680583  
-1.095591338  
0.6395393111  
-0.4426085119  
-0.8491297208  
-0.6557607122  
1.29526009  
2.087924151  
1.574260387  
2.195958813  
2.015776817  
2.085787084  
1.557174735  
0.4150123906  
-0.3640977682  
-0.1312623117  
0.03667113356  
0.6901324458  
-0.1710209982  
0.2987427438  
1.375031362  
1.296945097  
2.070389522  
2.924200047  
0.4067688443  
-0.6933205372  
-0.3326632681  
1.343319797  
2.920881738  
2.009831906  
0.5035613404  
-0.4830043179  
-0.2280688095  
0.4717157897  
-0.627224345  
-1.442625917  
-1.515562893  
-0.4882632437  
0.3861761329  
1.686353608  
2.288929512  
0.7782150404  
0.5315895247  
0.6014512016  
-0.8154233551  
-0.993722564  
-0.8655535558  
-0.7364878569  
-3.153147781  
-4.254059351  
-3.307725397  
-1.667572689  
0.9860298811  
1.688256271  
1.845772605  
2.32547402  
2.261798598  
0.9007363273  
-0.6933699846  
-0.1394200805  
-0.9310311428  
-1.591779278  
-0.9381601258  
-0.1074954628  
0.6932320045  
2.113201931  
0.9166296399  
0.4010447999  
0.7794019329  
2.762725634  
4.356439641  
3.955264376  
2.317179757  
-1.467081615  
-4.195277776  
-5.123352805  
-6.697996275  
-4.928321672  
-3.638262776  
-3.08439837  
-3.282499324  
-2.844053376  
-0.2191690963  
1.122511824  
3.345339659  
3.109077801  
2.07976188  
3.223288062  
2.702016705  
1.378473576  
-0.1982150518  
-3.163638574  
-3.587157926  
-4.257452292  
-2.949421279  
-2.412952466  
-2.071744166  
-1.849305556  
-0.5701792551  
1.436940423  
1.656817124  
3.424846475  
5.075431045  
3.055781126  
1.37039733  
1.443953418  
0.8233967481  
0.7466095278  
-1.450341221  
-2.997729125  
-2.961886418  
-1.283123267  
0.8295085752  
0.4842148429  
-0.7336495784  
-0.928543962  
0.6106018793  
1.456969898  
2.154915054  
1.375358471  
-0.9291753491  
-1.696025655  
-1.647283439  
0.1013797027  
1.606301602  
2.904849715  
1.228196766  
-0.5995625885  
-1.036454302  
-1.499556032  
-0.8949013491  
1.255732854  
2.081738067  
0.7909497974  
-1.290211926  
-1.907107858  
-0.9925889645  
0.3979074959  
