1.952955779  
0.8927962585  
0.8676664901  
3.278272901  
3.450342574  
1.443131457  
0.6701568802  
2.456903509  
-1.823643109  
-5.197781044  
-3.776826349  
-1.536688214  
-3.565305999  
-2.50472686  
-0.7399028849  
1.600958362  
3.067738557  
0.5263174584  
0.0973553597  
1.780051257  
2.500547061  
0.1252484523  
-1.107351521  
-0.4528357677  
-1.146011562  
-3.635600536  
-4.530530172  
-3.081696541  
-0.3994655733  
1.127372597  
0.702768157  
0.4470776542  
3.445754465  
3.462013116  
-0.7493454685  
-2.642304222  
-0.4126860122  
-2.539026783  
-3.339896203  
-4.083542629  
0.4384248822  
1.711670639  
-1.803405107  
-2.262713299  
1.243171188  
3.760951088  
2.560887983  
1.428434752  
3.141076724  
1.489482099  
-0.9911652039  
0.254655099  
3.442049088  
4.767698366  
2.637385804  
0.9572118738  
0.9679328668  
0.6583299483  
-3.137440374  
-4.814978947  
-4.643440738  
-2.803476992  
-2.386997599  
-2.943005993  
-3.312973131  
-0.41046497  
0.6795329103  
-0.282400937  
0.03969726007  
1.175768518  
2.432040993  
1.815709435  
0.01385819789  
-1.452901452  
0.8829210053  
3.022011216  
1.555924563  
1.226085413  
1.711392012  
4.500329446  
3.869246903  
1.279900423  
-1.138661462  
-2.702641226  
-2.019957216  
-2.087591537  
-3.520056779  
-3.795330526  
-1.477046412  
-0.3689674957  
-1.761987303  
-2.844763558  
-1.804760322  
0.3768262706  
3.708017608  
2.610812428  
1.529474787  
1.073872039  
3.096759845  
4.359252787  
2.937316428  
1.748104731  
0.7430453148  
1.524293058  
1.179438939  
-2.920717104  
-6.182617711  
-5.330183224  
-2.528974018  
0.1130298151  
-0.8910243804  
-1.644109486  
-0.8103968777  
1.854649619  
2.555917289  
1.077078221  
0.1335685514  
1.073914042  
3.694813096  
2.326136754  
-0.5072075206  
-1.732048972  
-1.385464258  
1.073173486  
0.1785996461  
-1.916082319  
-1.21151546  
0.8925311089  
0.4913930526  
-1.832269181  
-4.063429128  
-2.904620194  
-1.157901925  
-2.377122993  
-3.187247613  
-4.204313261  
-1.802587545  
1.96264284  
1.147936999  
-0.1166361576  
0.7909883952  
3.88327624  
4.425782787  
4.645960766  
3.909098225  
3.92892716  
3.623575413  
2.258036287  
0.7142595717  
0.01829627692  
-1.330984374  
-2.224976872  
-1.374013797  
-0.1940003619  
-3.61095159  
-4.638364279  
-3.144930905  
0.3311626729  
1.795042983  
-0.3423212779  
-0.02126366844  
0.9244077367  
2.36784825  
2.365423273  
1.57614912  
0.687051158  
1.471350315  
2.476369516  
1.046237055  
-3.451546608  
-5.933827322  
-3.306936529  
-0.9511112862  
-1.175897802  
-2.158078081  
-1.337947153  
-0.3840651102  
1.899808151  
1.332212875  
0.7953388063  
0.1678986845  
1.200505481  
4.296539282  
2.805418676  
-0.9537897655  
-3.428878545  
-2.717088203  
-2.165987859  
-2.96240933  
-2.435525565  
-0.2305439527  
2.900385636  
1.774696232  
1.404573254  
1.003662629  
3.885337428  
4.299928327  
2.088024016  
-1.811508821  
-2.075083107  
0.353777735  
-0.5057814982  
-0.8005985171  
-0.9333591458  
2.12419574  
3.896100808  
3.22390176  
1.487928557  
-0.4759374741  
-1.448064763  
-2.730804525  
-4.828763514  
-5.031943256  
-3.667570756  
-1.133304741  
-1.080621663  
-2.129248427  
-2.361395652  
0.5854489373  
2.737507438  
3.044036582  
2.717793785  
1.826690961  
2.82018586  
2.580818224  
-0.1856438772  
-2.729483261  
-2.329104497  
-1.023020101  
-0.0508405058  
-1.45955893  
-0.4940392234  
0.9209062333  
3.385978433  
4.978319046  
3.657703555  
2.583554685  
0.5876953273  
-0.1817779228  
-1.56173964  
-2.75451155  
-3.093703544  
-3.150184847  
-1.599169225  
-0.8562224053  
-0.5719764778  
-0.6827691363  
-1.58989477  
-0.02745989342  
2.426716517  
1.743140831  
0.4221604347  
-1.014671089  
1.10562425  
1.64808395  
2.125182107  
2.043179953  
1.966199665  
1.125750848  
0.2462882665  
-0.5249716036  
-1.847732108  
-3.414914868  
-1.817056816  
0.7017506908  
-0.692120545  
-2.49707121  
-2.103947547  
1.368688374  
3.268328316  
3.069702331  
2.828085966  
2.944811713  
3.867581796  
2.12516106  
-2.202931216  
-4.907923955  
-4.235309271  
-2.01428012  
-1.512625465  
-2.657761688  
-2.780106583  
-1.427175722  
1.932057913  
3.621192061  
3.000312003  
3.191136835  
0.7751436521  
1.919035133  
2.125902544  
1.050024657  
-1.843680722  
-4.217465515  
-2.338854329  
0.3507256304  
-1.999934405  
0.2674795134  
0.780962904  
-1.193948893  
-0.7953781515  
1.764742566  
5.027073518  
4.701734049  
1.127952712  
-1.239188847  
-1.504637864  
1.469049473  
0.2594070782  
-0.5586997373  
-1.105506839  
0.02520683176  
1.148913321  
-1.759727586  
-3.203906456  
-3.928695158  
-2.348598756  
-1.435312867  
-2.167665299  
-1.780834811  
0.8387619842  
4.016785971  
4.93559707  
3.852639222  
0.8480264783  
-1.977743674  
-2.474620138  
-2.566666243  
-1.249969974  
-1.704761015  
-2.105209416  
-2.929250576  
-3.234625994  
-1.46800924  
1.872456273  
3.999210797  
2.515684662  
0.8211485365  
-0.7688213297  
-0.04867862432  
0.4980745535  
-0.7740182547  
-2.225277925  
-2.076782891  
-0.4700235145  
2.586122252  
5.132928358  
3.614944771  
2.096022493  
0.9114885218  
1.907593028  
2.897579188  
1.230839378  
-1.213272626  
-3.665152991  
-2.494659918  
-0.8949293479  
2.165800267  
2.937586135  
1.063388475  
-0.8028555347  
-2.879608491  
-1.443365366  
-0.164197618  
-1.667778214  
-2.413573948  
-1.278255104  
0.9190068535  
0.6546454799  
-0.957579723  
-1.6365295  
-3.481955922  
-3.043152446  
-0.8980883537  
-2.667185725  
-3.413647862  
-3.096707052  
-0.4562962324  
2.935985734  
2.208773156  
1.979758665  
1.321054529  
3.257092412  
1.338724899  
-2.189172801  
-5.082636167  
-4.651919114  
-0.5559656802  
-0.4022539721  
-0.3040450481  
0.1008736276  
0.7070829283  
1.581213281  
4.17046295  
2.638043856  
0.8318007661  
-1.049747527  
-0.9558710475  
0.4942125536  
1.068428582  
0.5069004969  
-0.4967289554  
-0.2876553425  
2.223048349  
4.5952312  
3.718537729  
1.149901139  
-0.8702039461  
-1.322585674  
-0.808624457  
-2.051152509  
-2.258847568  
-3.152356222  
-3.870257472  
-2.972534463  
-1.754333679  
0.3914827989  
1.336413206  
0.7153265327  
2.135722269  
3.516092856  
4.148762438  
4.544488538  
2.170457649  
-0.356117871  
-2.38828149  
-1.952949569  
-1.711546309  
-0.2265659395  
2.908675885  
1.955695243  
1.46130254  
-1.332909563  
-0.5306106867  
1.139251436  
-0.7370499231  
-3.126127448  
-3.986801922  
-2.236226892  
0.534867524  
-0.06858705098  
-2.154927644  
0.2821074538  
1.070577655  
0.2325280062  
-1.35659917  
-1.268669759  
0.7521381027  
2.231785841  
0.03666045374  
-1.767171794  
-0.8404964198  
1.592345551  
0.9554472783  
-1.241121577  
-0.9264986872  
2.047845639  
2.442803595  
2.601724901  
1.720618976  
2.73405682  
4.34531285  
1.628196682  
-0.8027542651  
-1.996684723  
-1.598763363  
0.1686003611  
0.6770116027  
-0.3259601799  
-1.757784712  
-2.804835507  
-0.1007278031  
2.729463661  
1.553894282  
1.473116957  
1.346958299  
2.147994262  
3.732794503  
2.420991636  
1.729139973  
0.2997147193  
0.5443905833  
1.050467326  
-0.7071567585  
-1.627598272  
-3.380793759  
-4.924779284  
-2.492618258  
0.1705661876  
0.8671297722  
1.073634963  
-0.08923078023  
-2.613447485  
-0.9999247262  
0.8290926506  
2.685858426  
3.760957849  
2.665942841  
0.07542589245  
-0.6691237579  
-0.08071947847  
2.342843871  
0.9494968222  
-1.427737676  
-2.568066211  
-2.337307841  
0.6526492916  
3.375930422  
2.79589002  
0.4736598237  
-2.51821487  
-4.263112523  
-3.746218896  
-0.01547282265  
1.751239282  
1.243628901  
-0.006819005532  
-1.337676447  
-1.372166238  
0.5494215498  
-0.04159289019  
1.098115879  
0.6132457388  
0.3233290208  
1.110372753  
0.3623546583  
-2.314570924  
-4.469250622  
-5.782615034  
-5.303516798  
-5.821261866  
-3.37255498  
-0.7425187618  
1.151048426  
1.912296745  
-0.3227805608  
0.3210057128  
2.421503178  
5.334209283  
5.506168565  
4.548372233  
2.770936163  
0.9090993376  
0.3129980916  
-0.9671105981  
-3.984292754  
-3.476248075  
-5.132404529  
-4.35885876  
-0.6585481805  
0.9407647095  
2.159247051  
1.721094106  
1.61733491  
1.328315041  
2.561313129  
5.214877169  
4.412936712  
2.204113428  
0.6388174958  
-0.01026118319  
-1.021820054  
-3.33240973  
-4.160634917  
-3.88055677  
-2.214761328  
0.6696081602  
2.854107902  
3.255803813  
1.631594226  
-0.007590665396  
-0.6601595617  
0.7683218649  
0.888521481  
-0.9455296523  
-1.874860267  
-1.844635616  
-1.18574773  
0.5290672857  
1.888036647  
1.97274032  
2.022068767  
0.7408330373  
-1.144050592  
-2.320734365  
-0.7412924612  
1.28480297  
0.3891989238  
-1.323879729  
-1.189900075  
0.2089335292  
