-0.8465008021  
-1.92486846  
-0.8878465107  
-1.098030424  
-0.06519983666  
1.010277903  
1.287717965  
1.82759246  
1.700312065  
-0.001143096508  
0.2754551707  
1.53415493  
-0.03816149838  
-0.03207555151  
0.3965692625  
-0.03881146194  
-0.08308572287  
-0.72363422  
-0.2630199154  
0.8533222758  
-1.018690392  
-1.877137227  
-0.3531151284  
1.505615096  
1.687828897  
-0.9551165799  
-2.54618464  
-1.926364612  
-1.410990478  
-0.4631336488  
0.6928860363  
2.875374943  
3.544666679  
1.809988007  
-0.633009654  
-2.410674423  
-1.549730397  
-0.3437344818  
0.2194034133  
0.5187553083  
-1.522934355  
-1.138702468  
0.8078460682  
1.64163932  
1.361758322  
1.162718945  
1.017578375  
1.312694411  
1.449572836  
0.2202700828  
-3.595672203  
-3.860539821  
-1.500207059  
0.2599417741  
0.4873354462  
1.816955408  
3.127416803  
3.577547345  
1.40108181  
-0.6043789711  
0.09026475833  
0.3789462351  
-2.20421708  
-4.199285662  
-1.486049572  
0.3908888559  
-0.9339851258  
-3.313691559  
-2.122710168  
0.09353847152  
0.04988594068  
0.02294623511  
0.3799662201  
2.335063809  
0.5693087108  
-0.2549823159  
-0.181075521  
1.199382492  
2.749845164  
0.7168235608  
-0.9147460638  
-0.003539161983  
1.950795723  
0.01886870432  
-2.638316146  
-2.678315673  
-1.51686401  
-1.324966972  
-4.687505909  
-4.634511624  
-3.041041628  
-1.075630536  
2.278847933  
3.008862401  
2.416680618  
1.91431418  
1.63149352  
2.984244301  
2.490358051  
3.204651449  
1.9459629  
1.272472817  
1.067421866  
-1.434668756  
-2.301113406  
-1.226940732  
-0.3757173694  
-0.3317799277  
0.4407580847  
0.7526787143  
-2.548943794  
-2.995490327  
-1.484805094  
-3.750178018  
-3.672859715  
-2.05743676  
0.1053660095  
1.767886975  
2.319679332  
1.911245577  
1.428151096  
1.626451562  
1.923074517  
1.816586288  
-0.7652428618  
-1.679265834  
1.11950918  
2.189053388  
-0.0009455779211  
-0.4957412966  
0.4436298633  
0.3415458367  
2.349791139  
1.377338596  
0.8874891949  
1.366625058  
2.382231925  
3.193771828  
2.242962066  
-1.102605691  
-3.173363509  
-6.260393457  
-6.877050168  
-5.035398447  
-1.996481023  
-0.9645279372  
1.045067586  
1.488264428  
0.08400303981  
0.02607332063  
1.495891321  
1.989084949  
2.032417912  
2.667360002  
2.022327002  
2.054255005  
4.576965453  
5.020345126  
4.082157963  
2.652096972  
-0.01115107557  
-3.379890912  
-4.213325224  
-1.491236616  
-1.567292212  
-1.924483537  
0.9173078203  
0.4182341716  
-1.181494488  
-3.44629993  
-3.366474497  
-2.870422243  
-0.2907110271  
0.4152039255  
0.6360880806  
0.8258776404  
1.622454442  
2.375957798  
2.342481182  
1.813319218  
1.896024303  
2.974287751  
3.066063289  
0.2613686745  
-0.5870341348  
-0.07232586901  
-1.610200026  
-6.255518705  
-6.318487613  
-6.073126699  
-4.908299249  
-2.630104707  
-1.782194369  
-0.4115254967  
1.253542343  
1.121805329  
1.778993722  
2.03109414  
1.891258714  
4.101605434  
4.783915579  
3.26517926  
-0.3688883802  
-2.466782385  
-3.47436874  
-0.4092885358  
-0.2572397558  
-0.7277898421  
1.50162378  
2.914322653  
3.864965653  
1.880439732  
-0.5572040233  
-0.9178480559  
-0.8259336218  
-1.386559148  
-2.866179779  
-2.517554732  
-0.4865689726  
1.039742551  
0.197122187  
-2.071062935  
-4.221328849  
-1.941120783  
0.1493011306  
0.8235215975  
1.53434127  
2.694922768  
3.566722044  
3.936694973  
2.322241888  
-0.2113542014  
-1.766521425  
-0.7633598091  
0.3180389661  
0.07708494937  
-2.300781412  
-0.527741425  
1.356134637  
1.347395314  
-0.6286583237  
-1.038379226  
-0.2765750076  
0.4056697753  
0.5790348393  
0.1312137124  
1.049872448  
2.631220716  
3.425845441  
1.895694421  
-1.020201187  
-1.964355865  
-2.021151842  
-1.316429005  
-0.4768427825  
-3.339687722  
-6.067359921  
-3.03762573  
-0.3836198465  
0.4720136745  
0.5456604998  
-0.09359195015  
0.5629672085  
2.40572149  
3.683239237  
2.327522682  
1.530832403  
3.98174927  
4.249818421  
1.901280431  
0.9349348127  
1.815974995  
2.162523887  
1.308984374  
-3.193908649  
-7.269515195  
-5.125749676  
-2.887191872  
-2.084379106  
-3.096028252  
-4.641520475  
-2.66606279  
-1.642799515  
-0.8781997075  
-0.04356947529  
-1.283860647  
-0.4147886294  
2.062824438  
2.511750999  
4.422457144  
3.849453732  
3.023161234  
2.811590694  
0.6273772953  
-2.591111453  
2.854531656  
3.141481131  
2.494254996  
2.365219423  
1.249366349  
1.955679735  
0.3393253865  
-0.3025219786  
-0.8792667437  
0.2377052043  
2.069209714  
1.036281287  
-0.9751491871  
-1.859935237  
0.0009352357066  
0.9977432296  
-0.796907063  
-4.755958265  
-3.988181272  
-0.9463182579  
-1.404533362  
-3.319087541  
-6.732813682  
-7.584694509  
-4.332730647  
-1.191985284  
0.02648060238  
-0.9456984243  
-1.320138794  
0.1322744543  
1.581815796  
2.1527624  
2.626133413  
3.487127231  
2.8674321  
2.060124658  
2.658862623  
4.54327793  
5.204765586  
5.351402226  
3.455024983  
3.10007131  
2.507856341  
2.307320973  
-0.3278134092  
-1.879487119  
-1.792275497  
-2.969627605  
-6.005231976  
-4.717202773  
-1.733883489  
-2.216465848  
-1.468201149  
0.4589590524  
0.1434929395  
-1.334309658  
-2.215896918  
-0.9226038558  
1.069931845  
2.667761686  
2.148691524  
2.642393122  
3.277106862  
2.755490269  
3.050059943  
5.105733738  
4.764283281  
3.57610636  
0.1013003052  
-2.444312819  
-1.462521623  
-0.9829937811  
0.2274967227  
-0.9200998372  
-2.642318417  
-0.4860788554  
0.2934702378  
1.702859506  
0.9225691402  
-3.519602272  
-6.157322041  
-6.014693566  
-3.449160184  
-3.438720603  
-3.672951548  
-1.630749678  
-0.5424237309  
-0.8858739662  
-2.174790904  
0.1307734933  
0.009065889756  
-1.300210146  
-1.047492739  
0.03576248792  
0.813966864  
1.883796664  
3.562550316  
3.720365808  
2.121051817  
0.9825635827  
2.214533005  
3.491746755  
3.882362361  
2.240749213  
2.568781893  
2.296567126  
1.933886491  
1.241831961  
1.758015517  
-0.04726806741  
-0.1326091428  
-0.2252123072  
-1.226886649  
-0.8317894005  
0.9490555545  
-1.200000105  
-2.416918204  
-0.4428244124  
1.440864384  
0.4918404133  
0.7195397136  
0.5930290083  
-0.787151256  
-2.850356366  
-1.125548276  
-0.4892804417  
-1.424767344  
-0.3799878483  
0.07502611895  
0.4314099783  
-0.08928835345  
0.4473354698  
1.541340604  
1.993886181  
1.531235875  
0.8618698675  
2.173630158  
2.972835457  
4.164250035  
2.72613491  
2.522126729  
1.396319837  
-0.08480559596  
-3.697405145  
-7.724192327  
-6.944932377  
-2.871739023  
-0.8726041353  
-0.9570889029  
-1.963453176  
-1.986679562  
-1.135367199  
-1.916325914  
-2.821671216  
-1.162857044  
0.5405702292  
0.7089523278  
-0.3903961813  
0.2288632653  
2.106976636  
0.5574497518  
0.6119658252  
-0.1681323724  
-0.4150493587  
0.2496973507  
-0.8599385315  
-2.250573121  
-1.257631437  
0.4350605418  
1.297290142  
1.460267634  
-0.6405911759  
-1.773327742  
-1.90792058  
-2.023969925  
-3.151785304  
-2.819408766  
-3.741726915  
-4.152181065  
-2.673875094  
-2.330506286  
-2.13867175  
-3.359428929  
-2.161834896  
0.2060485934  
2.616011234  
3.309606809  
3.91190645  
2.779910841  
2.251596588  
2.572400104  
1.983235344  
3.052232262  
2.975905533  
1.567667777  
1.435351947  
3.47510619  
3.951029805  
4.719934782  
4.663501368  
2.978602279  
2.607154384  
2.620444842  
3.47973758  
2.583224281  
0.8428591909  
-1.881141665  
-3.117246812  
-4.638299767  
-2.334464461  
-0.4150933943  
0.9253281436  
-1.536388335  
-2.902862488  
-2.316192869  
-1.592582087  
0.1857973107  
1.115744494  
0.7695735232  
0.5716603611  
0.8945297424  
2.887242557  
3.391510358  
3.36276904  
4.162749429  
2.098018198  
0.9272018719  
0.1617624071  
2.209339814  
3.084094632  
3.188503149  
0.9733797844  
-0.676352445  
-0.8707843007  
0.5536753658  
2.311708522  
2.892340703  
2.042904372  
-0.4516255134  
-3.140737635  
-4.892645616  
-3.304655261  
-3.40923412  
-5.946643134  
-7.608146449  
-7.044262231  
-5.139455426  
-5.648664018  
-3.751779017  
-2.790242573  
-1.238631902  
0.2154846516  
1.213308593  
1.99504119  
2.684802144  
1.766851445  
1.655131996  
2.093401147  
3.06157443  
5.105272145  
3.333369377  
-0.640484541  
-1.804843079  
-1.591693167  
0.1690510116  
-0.9026000893  
-4.098720733  
-4.275692842  
-2.157899754  
-0.7208670758  
-1.757572723  
-2.967317859  
-2.811140646  
-2.115578647  
-1.230531915  
-1.666862844  
-1.929648616  
-0.8987634879  
-1.810164612  
-1.384949642  
0.4324599608  
1.949176756  
2.429142137  
2.569191086  
3.458064592  
2.926976603  
2.0310502  
0.9381812942  
1.493857086  
1.75885162  
2.679844292  
2.71956293  
-0.2026458716  
-2.616224958  
-3.852786304  
