0.3377901269  
-0.4485980574  
-0.9761636623  
-0.3907169542  
-2.244730915  
-2.206568675  
1.375120534  
0.8110214495  
-2.180312175  
-0.6556931111  
3.774733824  
0.420399281  
-1.397518576  
0.3204622476  
2.430793351  
2.17236025  
-1.329416352  
-2.198855154  
-0.6075076645  
2.846653511  
0.6569935662  
-1.907577581  
0.14667078  
3.775138931  
0.4413592337  
-1.756808693  
-1.370278769  
2.278743013  
2.41368697  
-0.930702765  
-2.183426288  
-1.644263886  
1.144301309  
-1.006207729  
-0.3856631489  
2.417353312  
0.9549686298  
0.05400433514  
-2.539525314  
-1.05758489  
3.294221293  
-0.1132148295  
-0.9989425725  
1.657326552  
3.073447886  
-0.2680032626  
0.2530545655  
1.020826416  
0.0611318571  
-0.4876665029  
-1.796352129  
0.6249857448  
-1.311680208  
-2.882913618  
-3.227152221  
-0.04069082755  
4.373078658  
0.2360624137  
-1.615067262  
0.05018833361  
2.6614383  
-0.02718462023  
-1.48674388  
-1.568647575  
0.3758944045  
3.134815221  
-0.9949251818  
-2.979226428  
-1.295713922  
1.483145342  
-0.2402443615  
-2.351992992  
-3.20664955  
0.4342028674  
3.890453574  
0.8897158022  
-1.045157282  
-0.8716831385  
1.162732537  
0.7732418983  
-0.3563691807  
-2.254983545  
-0.4401415775  
1.734798646  
-0.4290136972  
-0.2184021757  
-1.365657195  
-0.4273469892  
3.268594336  
0.05019632983  
-2.32710765  
-0.1440680674  
1.231709292  
3.203463828  
-0.6500241467  
-1.770512879  
-3.303540115  
0.0264435889  
4.156837957  
0.135194536  
-1.410126589  
-2.111524803  
-0.1915344072  
4.327494916  
0.7630246877  
-1.546310273  
-0.5019793961  
1.305328523  
4.674875025  
-0.8040400453  
-2.29763435  
-1.695167994  
0.2297738005  
1.433876423  
-0.1903093649  
-1.781857608  
0.0768354428  
2.494907712  
0.1496448215  
-0.5217056963  
0.2401735223  
0.2629776244  
2.608278399  
0.1042978632  
-2.268750185  
-2.023687172  
1.416687837  
-0.4112912081  
-1.294912869  
-1.994164392  
0.9492477488  
3.300360656  
-0.4116903858  
-2.209551903  
-1.794160256  
-0.4407924783  
4.384422317  
1.044904029  
-0.5097285794  
-0.8338283254  
-0.04086431579  
0.4475155001  
-1.952314659  
-2.627343638  
0.8660813006  
3.349961782  
-0.8215022487  
-1.88975986  
-0.7120919966  
-1.974946426  
-0.9931017734  
1.658499909  
1.431034061  
-0.1079174238  
-1.412291925  
-0.4681175216  
1.917484663  
0.9760291552  
-0.36258936  
-1.705526987  
-1.004794018  
3.433502831  
-0.4864095471  
-0.3073001464  
-2.01106058  
-1.0061103  
1.090434229  
-0.2144656588  
-0.4399358757  
-0.6865697204  
0.993697124  
5.045455865  
0.8774742729  
-0.2629255637  
-1.946355729  
-0.8625993099  
2.75687798  
1.066714004  
-1.191872732  
-1.871936493  
-1.941518569  
2.658252205  
-0.6108962565  
-2.624962711  
-1.627028128  
1.286407658  
1.60688214  
-0.5768104737  
-1.361901342  
0.4437559305  
2.827795073  
0.7332989111  
-2.530826524  
-2.39726929  
1.374378395  
0.8872819477  
-0.7850935019  
-2.421066222  
-1.165181116  
3.945948318  
0.9893668274  
-0.03651189672  
-1.179153869  
0.961916369  
1.766692643  
0.2859478589  
-1.723521738  
-1.64731646  
0.1588242258  
3.648157539  
0.03237824883  
-2.339412608  
-1.552788439  
1.986268722  
0.6270726584  
-0.5516626451  
-2.109921748  
-0.9135025127  
2.679301822  
-0.6816799499  
-0.8443652208  
-1.203994645  
1.548835882  
1.415160499  
0.440989565  
-1.431182588  
-0.07709742612  
3.397125895  
3.365120716  
-0.5463004076  
-3.12301404  
-2.031252591  
1.926458656  
-0.1391412031  
-1.462481785  
-3.03796365  
-0.5196443137  
2.250709457  
0.01807540462  
-0.7579385516  
-2.277184547  
-0.940058342  
0.771126421  
1.625459809  
-0.9736643227  
-0.2814930008  
-0.5060467739  
1.547352151  
3.945920612  
0.6009811489  
-2.045193717  
-2.87819594  
0.1087187415  
2.08820139  
-0.3776372648  
-1.305147571  
-1.760948892  
0.8881740324  
5.035226851  
0.4545458639  
0.1536600505  
-0.04698802232  
0.8968823325  
4.974905554  
-0.2510243929  
-2.504569955  
-2.031112929  
1.076571744  
-0.2163747078  
-2.184081013  
-2.186017353  
-0.7122265537  
1.954751169  
0.02394318431  
-1.342002  
-2.019112848  
0.9218836542  
2.602143693  
-0.4903819993  
-0.956491659  
-1.477995176  
-0.395261668  
3.810496258  
0.4279488882  
-1.744592817  
-3.283574043  
-2.570656763  
-1.338213001  
3.78062698  
0.1145112935  
-0.8891937245  
-0.4143010796  
-0.0639005926  
4.065381125  
0.09718975098  
3.304500691  
-0.1551980328  
-0.7822821558  
-1.865830058  
-0.2923816786  
1.524424809  
0.4909059218  
-2.228261879  
-3.035143549  
-2.294475787  
1.759625773  
-0.3576160155  
-0.7347782302  
-1.933300044  
-0.05983108093  
5.69445794  
0.1544957358  
-1.120495332  
-0.2294898083  
2.246723026  
2.701419586  
-0.6659032254  
-2.15948787  
-0.6051517835  
2.241711052  
-0.8733276012  
-1.10627204  
-0.4204625404  
-1.657101803  
-0.8787235197  
0.85245332  
3.46418912  
0.6612908335  
0.2363827651  
0.312087173  
-1.811237167  
-0.02554386549  
4.193682471  
2.948590753  
-0.1601709176  
-2.332350409  
-2.423994443  
0.8286271646  
4.903256833  
-0.4937115408  
-1.273847303  
-2.000190752  
-0.6829815281  
2.000575354  
2.11600648  
-0.724998713  
-2.620126106  
-1.836254706  
0.4438929768  
0.6432253514  
-1.394401583  
-1.597732991  
-2.829936167  
-1.690812912  
1.332069694  
4.298857806  
-0.2172733031  
0.02493636239  
-1.842998271  
-0.6567534544  
1.620865086  
1.839700406  
-0.04653674393  
-1.226833104  
-0.0009744131905  
3.43939166  
0.3499420958  
-0.7790597204  
-1.919792682  
-1.919861729  
0.9710362257  
4.023471186  
0.5344059411  
-1.457399772  
-2.559382681  
0.01870649729  
3.956664733  
-0.929160026  
-2.330854659  
-1.657965005  
-0.4903336842  
0.3762871906  
-1.998117781  
-2.096824868  
-0.2002776497  
3.431832159  
-1.444549798  
-2.414596722  
-2.676092171  
-1.361963447  
2.056651763  
3.330989086  
0.3390701186  
-0.8216892344  
-0.5557693344  
0.3122376894  
3.093495653  
0.2996698335  
-0.9827808679  
-1.248458675  
-2.494901752  
0.3075546443  
3.863471671  
-0.9210532666  
-1.311109603  
-1.390084906  
-0.5046294927  
3.096822165  
3.591121797  
0.2372170643  
-2.142073981  
-3.349350756  
-1.225066403  
0.7384872604  
4.319021404  
0.7577513652  
0.8058593709  
-1.481359358  
-1.862528069  
0.4515043232  
4.693790881  
-0.5315006001  
-1.445195188  
-2.098488224  
-1.918667337  
-1.622797601  
2.05534844  
3.219425503  
-0.2977801421  
-1.713268186  
-2.51153461  
-1.149412558  
2.664285559  
-0.1346463326  
-0.5873943499  
-0.7484659562  
-0.1588859082  
4.331223296  
0.09105425714  
-3.854758567  
-1.312317599  
5.402963018  
0.7492144191  
-2.54028413  
-3.039379587  
-0.4608224166  
2.374911662  
-1.60724333  
-3.61145208  
-2.207339806  
2.412789383  
-1.325174161  
-2.07037785  
-0.02223682028  
3.868746891  
1.853675129  
-0.4539770583  
-2.899382397  
-2.093271371  
3.365697436  
-0.1962991124  
-1.523833264  
-1.799552945  
0.8682191688  
4.176180892  
0.1144488111  
-1.496941613  
-1.107015216  
0.5728868314  
2.400792073  
4.740477726  
1.661432558  
-0.5517687322  
-2.587577305  
0.2353488076  
3.120609718  
0.08741908714  
0.1687040723  
-0.5305187063  
2.079490539  
2.699227547  
-0.3048601024  
-1.173518718  
-1.650354707  
-1.481929632  
1.133129352  
4.781579304  
0.2442090649  
-1.66335736  
-1.823972527  
-1.577697582  
0.9066951362  
4.389369775  
-0.03122972936  
-1.546814139  
-1.32549535  
-2.995219782  
-2.072990609  
0.8870070844  
3.061670602  
0.5344980046  
0.8043907683  
-1.682652486  
-2.955992088  
0.1242155082  
3.995778093  
0.2867505357  
0.8774974795  
-0.5592305735  
-1.478922083  
0.5155422763  
3.019708623  
-0.04360770762  
-0.4749339263  
-1.708392236  
-1.896142714  
-1.930910548  
2.0286432  
0.9738387297  
-0.7457095287  
-1.834861845  
-0.2665789652  
-0.95606835  
0.6012644015  
2.348196605  
-0.2107896318  
0.1455116771  
-1.56825464  
-1.079052913  
0.7869661342  
2.279761936  
3.464449277  
-0.2007953502  
-1.432728124  
-2.191758275  
-1.027588074  
1.945770921  
-1.97137275  
-3.164174299  
-3.56953847  
-1.70796014  
1.421176284  
4.402189723  
1.090613375  
-0.5669996161  
-0.9999590742  
0.4296517126  
4.556695687  
-0.02692609231  
-0.8764714598  
-1.008377527  
-2.394765993  
-1.834468916  
-0.2816563625  
1.988502315  
-0.3183908927  
-0.552355416  
-1.486692693  
0.1726564705  
3.630753858  
-0.1935057845  
-1.319848012  
-1.687157355  
-1.354475122  
0.7653428084  
3.321045516  
-1.564009168  
-1.415938327  
-2.349864818  
-2.614691587  
2.170470263  
2.990142997  
-0.06612609835  
-0.5665556936  
-2.516526071  
-1.491411289  
0.7428641898  
3.490778105  
2.716687593  
0.3282603046  
-0.5335935202  
-2.375281902  
-1.827548009  
1.064059764  
4.770118259  
1.570436497  
-0.2417778554  
-0.8836803024  
-2.261576648  
-1.310960162  
