1.554785715  
-2.893985741  
-5.240551017  
-2.707822851  
-0.3071388341  
-0.290018587  
-0.2040859076  
0.6813757079  
2.1984092  
0.4278517177  
1.048728786  
2.157495556  
1.482301214  
0.4216985419  
0.8829464595  
1.45811416  
1.260618561  
0.453798861  
0.8159103897  
1.175528729  
0.8184965077  
0.02483836689  
-1.175981962  
0.001103574529  
2.345395018  
3.683800383  
-1.256049968  
-4.865064615  
-2.971510191  
-0.811068019  
-0.6847882109  
-0.2544009903  
1.390311263  
2.235503468  
1.37462837  
-1.612691782  
-1.205669405  
0.04079136554  
-0.7692992673  
-1.593905355  
-0.7058464361  
0.5556716581  
1.346289963  
1.128564985  
-1.434187703  
1.167268395  
-0.4149071234  
-0.6348547172  
0.8336275304  
1.91601073  
-1.941369768  
-5.044650095  
-1.797984142  
0.7262461281  
0.3088652283  
1.100422813  
2.642324028  
3.104549843  
2.861224026  
1.400779789  
-0.4149507085  
-0.7767830981  
-1.58642882  
-6.141916824  
-4.999572327  
-0.2273327939  
1.025828932  
0.4739853345  
-1.722292054  
-1.735606401  
-0.4862620849  
2.456183928  
1.06252693  
1.684035269  
2.063724632  
-1.375855428  
-0.07302575723  
0.8590297857  
1.17535827  
1.061290398  
0.9283059636  
2.169533635  
2.614991998  
1.77242205  
1.706557573  
0.05870218517  
-3.35366491  
-5.646913025  
-7.65707957  
-6.749088441  
-3.406873929  
-2.105667749  
-0.21141174  
0.6623895592  
1.284970543  
3.586211632  
2.38247397  
2.776607327  
2.139827036  
2.768593872  
2.946440953  
1.883650285  
1.879415367  
1.704530202  
0.3520680999  
0.617856191  
-1.661222993  
-3.7264471  
-2.58812248  
-2.560500367  
-2.845279907  
-3.1227073  
-1.931006562  
-0.4044643842  
-0.8214294578  
0.1967882356  
0.6600393496  
-0.4710990081  
2.315012764  
3.242577418  
2.083126016  
2.20640453  
1.425451344  
2.51379848  
2.688052259  
-1.24524169  
-1.722821045  
0.4108715308  
2.615414805  
1.012061655  
-0.7072233972  
-3.004671877  
0.2280477395  
2.153930717  
0.4917490177  
0.6026921343  
0.8025559514  
1.487187115  
3.449764277  
0.8450596406  
-0.8523826349  
-2.269652951  
-1.759159513  
-3.361338026  
-3.6079079  
-3.94056883  
-1.705571724  
-1.998663218  
-2.001993946  
-1.220164103  
-0.482108877  
0.5729899718  
0.7820365362  
1.829213241  
2.956047188  
2.579064052  
3.085936028  
4.883053335  
3.965487646  
3.91659358  
2.317285881  
-1.051481269  
-1.718545365  
0.2393723982  
3.694178025  
1.100943476  
-0.03591131521  
-0.358914603  
-0.8673020866  
-5.13143774  
-7.006474056  
-7.386468319  
-2.938811644  
-0.6155506694  
-1.223451  
-1.75985795  
-0.3773128102  
1.161859506  
1.631554108  
3.658289118  
2.544509618  
1.790599672  
3.381121118  
3.525608817  
0.6312042976  
0.9465961003  
1.941330719  
0.4312769711  
-1.287515172  
-4.006872211  
-6.576218132  
-4.492420503  
-2.426404908  
-2.387068005  
-2.983556377  
-2.185341872  
0.5913349828  
1.347796463  
1.741083828  
1.28415557  
1.816671623  
4.231599387  
2.956900374  
1.715018447  
0.5209209842  
0.6863043862  
1.371571232  
-0.683137283  
-1.299321753  
0.9731661636  
2.06457631  
2.231869118  
1.001846412  
-0.3635797375  
-1.82104617  
-2.208406247  
-4.880183134  
-3.75159581  
-1.422799049  
-0.3554713645  
1.744630566  
2.124954859  
-1.635557172  
-3.908177821  
-1.336727468  
-0.03948783762  
0.9692106802  
1.157404306  
2.734716998  
3.931029139  
4.625586107  
3.788252707  
-1.645040193  
-2.286741803  
1.133315904  
2.284130413  
-0.2849280728  
-1.326434774  
0.3259911424  
1.945256168  
1.271915868  
-1.100464712  
-1.785479654  
-0.1035368657  
-0.2525812784  
2.173084624  
1.662451664  
2.366340693  
2.418365236  
2.988250261  
3.737008431  
1.567234965  
-1.16177041  
-1.357361535  
-1.336194169  
-1.51436839  
-5.048568896  
-5.006497226  
-3.989034389  
-3.244405774  
-1.345860339  
-0.292106613  
-1.010326834  
-0.4906742089  
1.097053948  
2.157750632  
0.2517196942  
-0.2488356911  
1.293817907  
2.354402105  
1.874221053  
2.60488658  
1.882946492  
3.161467608  
1.802235506  
-1.590003731  
-3.589102375  
-4.269444024  
-2.128888469  
0.5835954029  
-1.090573551  
-2.633804336  
-3.320543455  
-2.161949424  
-1.925597376  
-1.858536285  
-1.219135175  
-0.4540546062  
0.1481768711  
1.967017905  
4.135392924  
3.941435856  
2.891515148  
1.764373124  
-0.4209209685  
-0.6641747949  
0.9703791286  
2.030623976  
3.185807943  
2.148479242  
1.095142359  
1.408095525  
1.417690882  
2.548571026  
1.296210917  
1.259448962  
2.049243743  
1.35987047  
-0.2402300264  
-1.836346159  
-1.985740072  
-4.532067137  
-5.792919092  
-4.892165841  
-5.071185764  
-4.414127756  
-1.208547041  
0.02718141223  
-1.982911759  
-4.262837737  
-2.382784719  
-1.335755686  
-1.057500561  
-1.243031687  
-0.1861144067  
0.4667227214  
1.294916297  
3.159738504  
4.336937541  
4.445920235  
3.89576029  
3.79638109  
2.795677484  
3.728259554  
4.956692904  
5.841167231  
4.538123627  
2.990934599  
0.9687552373  
-0.8071212451  
0.3198380089  
0.09702245107  
-0.1646740175  
-4.013360994  
-6.783938304  
-5.870153862  
-4.924602141  
-5.903882347  
-4.819359507  
-1.672740289  
-1.101712659  
-0.3631917622  
-0.8475075185  
-0.1659309896  
-0.01885349162  
1.426715832  
1.834034438  
2.954469799  
4.779231238  
4.676788857  
3.950852168  
4.036512492  
2.886636724  
2.47261219  
1.329024615  
1.311217668  
2.561479034  
3.017070717  
2.361306674  
-1.068523538  
-2.214563623  
-3.096087236  
-0.7796370158  
-2.229265041  
-7.254493013  
-10.04618157  
-9.039401814  
-6.340368021  
-3.062337813  
-2.951509252  
-3.30220534  
-2.831591191  
-1.08841967  
0.146824353  
-0.1729906762  
0.6481927475  
0.4835265515  
1.02171803  
2.187088214  
1.568527259  
0.8149224353  
0.848345038  
1.780341035  
2.979132672  
1.076954251  
1.449482287  
1.79768751  
3.7355268  
3.753813984  
4.611895704  
3.39649179  
1.555244541  
-0.2588048285  
1.782156929  
2.372037102  
2.567391876  
2.596006695  
0.7724821186  
-0.3528237828  
1.294099375  
0.8644098146  
-1.442958153  
-1.817956614  
-1.470603919  
-2.301762602  
-0.2024645695  
1.827230427  
1.005765901  
-2.958488331  
-2.367291551  
-1.462150549  
-1.625115202  
-1.118954027  
0.3053353442  
0.2532358891  
-0.7828188955  
-1.033540092  
-0.8471667805  
0.2725723148  
1.942108265  
1.853525481  
1.062465888  
-0.2426098963  
1.193521  
1.775490622  
1.771423053  
0.9865076406  
0.929082638  
2.202459229  
0.01631796123  
-1.53226677  
-1.969744105  
1.130301887  
2.609814814  
1.330779745  
-0.9912765885  
-3.287739554  
-3.313106756  
-1.946636287  
-1.017831465  
-0.5996899889  
-0.2640502227  
1.246619374  
1.938011355  
2.512613397  
1.443519266  
0.2524659777  
-1.677815333  
-1.143538245  
-3.592562704  
-3.43990637  
-1.956069181  
-0.9399340222  
-0.9128883208  
0.333388524  
1.044672824  
1.409383189  
-0.3041799906  
-1.529916211  
-2.026609773  
-1.989301118  
-0.9634913043  
0.2270051502  
0.0506148301  
0.3807965745  
0.6620179561  
0.6863564296  
0.5310693525  
0.2157721976  
1.842745136  
1.480783035  
0.3965168601  
0.01861160875  
0.6335461625  
0.02544559147  
-1.563442233  
-2.477541647  
-2.187322167  
-0.06385327576  
0.489186636  
2.393677681  
2.029099544  
1.827839297  
2.114689152  
2.43639207  
2.393832897  
3.349659125  
2.2483003  
1.869929249  
1.391620866  
1.565785593  
2.225392308  
1.879317483  
0.692980843  
-1.038906973  
-0.9250832185  
0.4458665496  
-0.7702039064  
-2.844668297  
-3.938524858  
-5.048883985  
-4.626705714  
-2.738420565  
-1.891109675  
-0.04346092037  
2.310545499  
2.179351664  
0.6702026235  
1.157018387  
3.057188971  
3.931160876  
3.268786819  
2.165352376  
0.7486340195  
1.240671674  
2.374375133  
0.9355630554  
-1.455893523  
-4.201911896  
-4.653692309  
-3.999796318  
-2.488116606  
-0.6893774947  
0.9059183351  
1.447237115  
-0.5625454886  
-2.6383666  
-2.047933042  
-0.1003051841  
-0.5282314879  
-0.5389062581  
0.3651273282  
-0.5785241486  
0.9875219554  
1.232714661  
2.026626187  
1.783658926  
-0.2416758784  
0.872982499  
1.275228346  
1.305019777  
0.4959380009  
0.6557438168  
0.1117054034  
-0.3270236178  
1.28844426  
2.970240662  
0.8078869206  
-0.7856098017  
-3.720879171  
-5.32991591  
-5.192046872  
-4.578094123  
-2.92204358  
-3.014409333  
-2.834441769  
-2.13876563  
-0.79215375  
0.7527436196  
0.8118952182  
-1.866079061  
-2.17354868  
-0.503747268  
1.610905976  
1.296483865  
1.235376242  
0.9017489549  
1.138493213  
1.449894067  
1.158619974  
1.905110863  
1.550063471  
1.313054574  
0.2382613023  
-0.6820596903  
0.8551280937  
1.241884784  
1.058092264  
0.5666346048  
-1.489213577  
