1.123075274  
-0.8894200128  
0.0691617554  
-2.062126096  
0.2937442638  
0.1096108468  
0.2586592142  
1.101866981  
1.512776628  
-0.6444286746  
0.7125685287  
-0.7380245975  
-0.9252640823  
-0.1021180445  
0.7358338698  
0.03426025463  
3.091434632  
1.506026629  
0.7811814661  
-1.728282334  
-2.035722904  
-0.6560914391  
-0.4217765917  
-1.712836585  
-0.8496880309  
1.005224297  
1.697761352  
-0.8567328459  
-1.963526942  
1.360879746  
0.77627376  
1.015256778  
1.88990652  
-1.024094677  
-1.147849377  
-1.71887561  
-2.652135482  
-0.2286525263  
1.609523034  
-1.259059331  
-2.374112038  
0.768806943  
0.8852228955  
1.106457925  
-0.06586908243  
0.3198382675  
2.320377598  
-0.7006596301  
-1.781561072  
-1.088024229  
0.267310162  
0.240120095  
-1.248481166  
1.328627564  
-1.719525744  
-0.8144272891  
0.3579691405  
0.2687396469  
0.1286434575  
1.628723672  
0.9051906331  
-1.189627112  
-2.309648151  
1.563088227  
-0.1270605336  
0.8909652209  
1.082831828  
0.1420894545  
0.4691764123  
-0.8625794856  
-3.043719823  
-0.7457273132  
3.403488666  
0.2441972944  
-0.4439230175  
0.4751826531  
-0.09749162696  
0.4879653522  
-1.321994129  
-1.050943638  
2.735369712  
-0.02579984218  
-0.4952095639  
0.2530683331  
-3.311701798  
-2.38896534  
1.445381729  
0.05236792064  
-0.6124244685  
1.217569439  
0.3800063686  
2.039589036  
0.7634884637  
1.724379884  
0.5902517238  
0.1142404747  
2.947707495  
-0.6899973212  
-0.1300139565  
-0.838669275  
0.6486862712  
0.7978297875  
0.3593368504  
1.198974953  
-1.469295052  
-2.669765257  
-0.4281145127  
0.8887758926  
0.3162091627  
0.3457491982  
0.6382520941  
2.184100233  
-0.459787603  
-1.869219426  
2.232640492  
0.5985634587  
-0.1892724949  
-1.424522789  
-1.399842391  
-0.1290164494  
-1.411633039  
0.1530679627  
0.1690697932  
-0.5919989699  
-1.502523638  
-2.061955697  
-1.62268037  
-2.04855881  
-0.4379198971  
1.104081888  
-0.160343287  
-0.2815274051  
-1.551805308  
-0.5801294346  
1.364823222  
-0.8957690944  
-1.313598664  
1.91331952  
2.015493452  
2.413777416  
-1.791216306  
-3.598160705  
-0.605360277  
1.712795455  
1.558590427  
1.26002716  
0.2341577857  
1.405213316  
-1.042846819  
1.825619643  
1.373046967  
1.040353904  
0.1387678292  
1.421539185  
-0.1362267125  
-0.1087467434  
-0.3339534777  
0.7501789386  
1.240166377  
1.164354336  
-0.5048230275  
-2.382568123  
-0.7084630441  
1.210797222  
-0.7123995851  
-0.3321300724  
-0.8223889843  
-3.01371539  
-1.012192208  
-0.1447304609  
-0.8944393127  
1.438539299  
0.06665621317  
4.404361613  
1.05129533  
0.833683825  
-2.017048216  
-0.4067197691  
0.2951496625  
0.2377916768  
0.9760972411  
-1.672592245  
-2.693629449  
0.1388087351  
2.076718187  
-0.7963131507  
-0.4114390277  
0.8911726562  
-1.587352774  
-1.731862861  
-2.443889841  
0.7150431657  
0.7790247875  
1.369788666  
0.5685272325  
1.745030748  
-0.3506754228  
1.718871982  
-0.8012057083  
-0.2777601895  
0.2724720992  
-0.09830456493  
2.012494331  
-0.3945559394  
0.3088607352  
0.3113614094  
-1.426483058  
0.04956424132  
0.9281467343  
-0.2695656069  
-0.7152433217  
-1.518147515  
-0.6282566202  
-0.8659592467  
-1.080862679  
1.133737143  
2.276177222  
-0.66847527  
-0.2304540086  
0.07847621668  
0.1512780585  
0.4642728388  
0.8486017379  
-0.3893849634  
-0.3619254151  
1.670743416  
-1.784549752  
2.034471439  
1.100789308  
1.550242071  
0.4185217585  
-0.3353431378  
-0.266469302  
-3.548744233  
0.244728678  
1.344776552  
0.9102914778  
-0.1607047006  
-0.3527181242  
-0.3909532563  
-1.526537936  
-0.5835271741  
-0.1232728204  
0.1069363184  
0.2039687556  
0.5797211694  
1.876807528  
-0.9711004123  
-1.297014102  
-2.237138644  
-0.9312959282  
0.4996923464  
-0.6964632882  
-0.9294971093  
-1.132749073  
1.300824839  
2.083297141  
0.01812319323  
0.939964866  
-0.4750759644  
2.276531453  
0.6343068162  
1.414569049  
0.2151360378  
0.1544934607  
0.7922122855  
0.7761825592  
-1.197843376  
-1.969535676  
0.6891187186  
-0.6833485784  
-0.9535458661  
0.5360287236  
-1.503642962  
0.9930851465  
-1.600011307  
-2.5072022  
0.4396465046  
-0.3403049433  
2.287985196  
1.701878093  
0.05987588965  
-0.2754189012  
-1.344058688  
1.139692785  
0.9935050017  
0.7550680176  
0.2809478696  
1.172927931  
0.3367682156  
0.8475893464  
-0.3377076152  
-0.5936404968  
-1.668643795  
-1.14060356  
-0.04061212149  
-1.328418935  
1.341325794  
1.208515343  
0.2802142319  
-0.3604196863  
-0.5853580916  
-0.1148862976  
0.678254667  
2.039973813  
-2.445237451  
-0.3680258721  
-1.41186429  
1.011459653  
0.6698079521  
-0.400911906  
0.445038641  
-0.786510286  
0.09801651545  
-0.3778719484  
-0.7643450154  
1.600890538  
-0.1272373487  
-0.009499516693  
2.101282048  
-0.424593516  
0.9164490797  
-0.5766499899  
0.6716853285  
-0.06135774161  
-0.3941495963  
-0.5173189678  
-1.791168367  
0.3767933451  
0.6939234483  
2.030891571  
0.245227454  
-0.7940994714  
-1.436088  
-1.802967035  
-0.4125494457  
2.426742979  
0.4231993174  
0.8502278494  
-0.6665550522  
-1.354347077  
0.43273518  
-0.5173009832  
-0.04574006974  
-2.607462525  
1.674089153  
0.05000851915  
-0.8008485273  
-1.719159748  
-2.180358134  
-1.163491654  
0.3636634263  
3.033722647  
-0.6940938386  
0.3888609861  
-0.6304599897  
-0.4861201885  
0.1932480004  
1.45392728  
2.901414805  
0.6642387589  
-0.5780054058  
0.07842554859  
-1.586097036  
-2.51674483  
1.18649183  
1.694343241  
2.74318024  
-0.02935096008  
2.773598345  
0.2976956303  
-0.6125767017  
-0.201096041  
0.9119463307  
2.744583146  
0.6399766858  
-1.416927561  
-3.234012527  
-2.994851881  
0.3046322188  
-0.05100582579  
-0.6472096713  
-1.641545601  
-1.83493889  
-1.872288034  
-2.982185466  
-0.3817667981  
0.05699590278  
1.564568263  
3.242863138  
-0.06175369222  
-2.827299063  
1.35830838  
0.8995858778  
1.939288521  
-0.7346527276  
1.137584753  
-0.7055412964  
1.875196868  
-0.3961311064  
0.2025368975  
-0.2345448737  
0.05531712251  
-0.5959652761  
-1.886291089  
-1.066184167  
-0.453666292  
0.5205078707  
0.3294987906  
0.4482264909  
1.612046326  
-0.08608964548  
-1.225157491  
-1.035673459  
-1.090934225  
1.070535859  
2.280858068  
0.5637929131  
0.7680741245  
0.326752351  
-1.825156792  
-1.603601003  
1.778344484  
0.8150767587  
1.181060176  
2.339376071  
0.7684878631  
-2.024979588  
-0.009029134702  
1.038423499  
3.00869601  
0.6213498355  
0.5987627923  
-3.092287775  
-0.06543324073  
0.833423899  
0.4361386673  
-1.821033635  
-1.981860325  
1.1118432  
-0.5907364744  
-0.2308111694  
-1.855482241  
2.454189178  
0.7165011705  
0.7713093385  
-2.540857692  
-0.9803162308  
-1.468984277  
-0.2752727307  
-0.3854104968  
-1.291500942  
0.7798750207  
1.36310145  
0.1665402879  
-1.974543614  
-0.5871560787  
2.196045401  
0.4042247167  
0.8333559814  
-0.2338861013  
-0.2209285901  
1.839031576  
-0.2855958213  
-2.165117015  
-1.269981247  
2.526663472  
0.9335930882  
-0.734263538  
0.6187421874  
1.76287431  
-0.04893385575  
-0.0450201821  
2.104943705  
0.518935518  
-2.561150557  
-0.5334040549  
-2.181900587  
-0.5270149341  
2.188696323  
1.427008173  
-0.8679162163  
-0.3145589827  
1.325667043  
0.8352187561  
0.9830095414  
0.2869446193  
0.5514509731  
2.428594904  
0.7716263473  
1.472517362  
0.7485284037  
1.849698056  
-0.2668003843  
0.8176098606  
-0.4149510213  
-0.5824357174  
0.8806403063  
-0.4092771341  
-2.168509763  
0.7842061704  
-0.4123368846  
-0.1884227564  
0.5649811635  
-0.689277541  
-1.360002648  
-0.8907772397  
-1.16373525  
0.4707413585  
1.989769225  
0.02836060597  
-1.964457611  
-0.007587191731  
-0.01267059703  
0.0361430906  
1.668859361  
1.958761223  
1.767988726  
-1.744926961  
-1.007244282  
1.245256736  
-1.694157028  
0.456193451  
1.769717524  
-1.900582827  
-2.0043609  
-0.5825376167  
0.9462633848  
1.804063671  
-0.4485900624  
1.293668985  
-1.86294625  
-2.801631421  
-1.127284961  
-0.2085037043  
2.699277631  
-0.5599217352  
-0.1627789898  
-1.866275395  
0.159751518  
-0.8690035318  
-1.197767485  
0.7305729129  
0.3359926937  
0.5621559278  
3.276908329  
0.4869503  
-1.032573998  
-0.5764102252  
1.076557879  
-0.3300325141  
0.382057031  
2.073399186  
-1.587091146  
-2.416686911  
-1.238132162  
-2.482424236  
-1.5489773  
-0.878688713  
-2.80617013  
-1.079560003  
-0.4024523918  
-0.436648666  
-0.1550450101  
1.265474863  
0.01850845362  
-0.367048288  
0.3337588066  
-1.740115961  
-0.4673748286  
0.23054387  
-1.445967057  
-0.02243624853  
-1.021208058  
0.7405884925  
1.806823904  
1.325067561  
0.9816936266  
1.435897815  
1.709087369  
1.024676186  
0.3016195933  
0.1281974642  
-1.153293051  
-0.111200033  
-2.020584464  
1.206753945  
0.3920574041  
1.173241786  
-0.9613818784  
