0.3089329736  
0.3048277141  
0.5022296981  
1.358351073  
-1.685520449  
-2.407249855  
-1.372549782  
-2.052273886  
-0.7278088441  
-0.6125333279  
0.9519154375  
1.05682062  
-0.6673716311  
-0.416749579  
0.8557081001  
2.953895419  
0.8084709186  
0.9273016776  
0.9684541742  
1.848154674  
1.143654856  
-0.3310898296  
0.4169538045  
1.911885588  
0.3928268209  
-1.353921239  
-1.245505682  
-0.1208771138  
-1.286490033  
-3.73665546  
-3.238514779  
-0.3199921166  
1.109560224  
0.3754450793  
0.2303772472  
1.641448665  
3.163443471  
0.8338690362  
-0.2658447341  
1.690814586  
3.222286289  
-0.9301610518  
-1.222605838  
-1.127525809  
-0.5817113746  
-0.7532391833  
-1.562263715  
0.2114713372  
1.319398349  
-0.1182017968  
-3.056173512  
-2.420626042  
-1.095684326  
-2.848276959  
-2.300927853  
-1.428086977  
-1.023618277  
-2.236200586  
-3.273415446  
-2.056049976  
0.4587838331  
2.704601721  
2.484841323  
2.449498784  
3.088854536  
2.906673754  
0.3238396819  
-0.6835516156  
-0.614936168  
1.073958173  
0.5500435618  
-1.878764079  
-3.144660138  
-1.35210991  
0.1237386968  
-0.07007854441  
-0.264039553  
-0.8058544552  
0.5769924872  
1.064336374  
-0.0105482711  
0.7111461701  
0.09599195153  
1.051638865  
1.793708912  
0.7209806916  
0.9648247928  
0.4792701941  
0.7310668765  
-0.280639954  
0.6502399941  
0.8385799337  
1.376240818  
2.011139237  
2.522628745  
0.6912835891  
0.04389991328  
0.5432169231  
1.054287799  
0.7564546515  
0.04119034434  
-0.7352624994  
-1.710702197  
-2.675477719  
-1.848826892  
-2.410591799  
-1.233226476  
0.1029230888  
2.221896534  
1.54694509  
0.7269204732  
0.3207358598  
0.9053479495  
1.527186474  
0.3015798459  
-0.1380949891  
0.02693346228  
0.7942742048  
2.044162732  
0.7625189769  
0.0913077725  
-1.617374089  
-0.4443769533  
0.7105760216  
-1.229020249  
-2.871708444  
-1.898898003  
-1.382119156  
-0.868807734  
-1.264157337  
-0.3235176774  
2.232063001  
2.877800268  
1.644439812  
0.8947377546  
-0.2253320092  
0.2602304048  
-2.781692338  
-3.472952946  
-3.591533682  
-1.857752817  
-0.9170238353  
-2.244967453  
-2.211532153  
-1.078313087  
0.2612577222  
1.756977922  
1.524202741  
1.716913025  
1.184023079  
2.380504553  
3.411092055  
0.557284047  
-1.463903161  
-0.6483243449  
-0.09704249753  
1.270315871  
1.371097621  
-0.1260110899  
0.3951745312  
0.2918153935  
1.136174802  
1.114804483  
0.5217836885  
0.9283650574  
-0.184985598  
-0.6172713009  
-1.246355768  
-3.291635765  
-4.119253151  
-2.859818585  
-0.452989689  
0.473640074  
0.0937853317  
0.7873681637  
1.220328402  
3.777725198  
3.095109473  
1.322952373  
0.7473649591  
0.07660282713  
0.9123907171  
-0.7129253338  
-2.382339969  
-2.313381242  
-1.538671334  
0.04611288714  
-2.223402893  
-2.12415319  
-1.217920667  
0.7206124085  
-0.1731822627  
-0.1080031021  
0.8542799688  
3.516469502  
3.816059848  
3.428086315  
0.6199039837  
0.1644636369  
1.335591875  
1.748459954  
-0.1891481723  
-0.8127434039  
-0.3224141627  
-0.5881134258  
-2.161592597  
-1.878597539  
-0.1958805766  
1.401836876  
1.662812748  
-1.167742562  
-0.944141712  
-1.366421392  
0.8779725231  
2.534738433  
0.6329401352  
-1.275604435  
-1.238506978  
-0.637146801  
-2.471178904  
-0.7474365504  
-0.8641525353  
-0.4242235508  
-0.009757689915  
-0.4642819503  
-1.797733654  
-0.3383438719  
1.320662153  
2.583793631  
1.146102649  
-0.6743183615  
-1.265109398  
1.025784008  
0.6904356285  
-1.21781211  
-1.506792437  
-0.2061860689  
0.9243018592  
1.854886411  
1.907097521  
0.7895848789  
0.2182256169  
1.244723471  
0.539415569  
-2.367803594  
-2.702542857  
-2.367127374  
-1.016581101  
1.283428313  
2.588211234  
0.8118223365  
0.3029454427  
1.319170101  
2.872189071  
0.1643403863  
-1.506465155  
-2.693414278  
-2.834032389  
-0.4405640657  
1.223716474  
0.9589934676  
1.281297323  
1.672471141  
3.291143704  
1.887481846  
-0.9507064304  
-2.900969545  
-2.27627314  
-1.231879893  
-2.603924827  
-1.948968539  
-0.3440696251  
2.231297307  
3.296254343  
1.788748407  
0.912329167  
0.2936715651  
0.1501012727  
-0.9017698601  
-1.373220711  
-1.978628129  
-2.280095277  
-0.06724542531  
1.579925551  
0.256403834  
-0.07056582381  
0.7311204319  
1.810580072  
3.460965812  
2.934626214  
1.627937284  
-0.397137395  
-3.187623414  
-2.076323898  
-2.851564771  
-0.951055815  
-0.2842064498  
-2.376791358  
-2.875225023  
-2.248497524  
-0.2563478152  
0.5952162435  
0.6422858586  
-0.009491207059  
0.4965749436  
3.030271109  
3.070523069  
2.249662629  
0.2798164866  
0.01018885518  
2.093655264  
1.417906632  
0.5346355652  
-0.5572115623  
-0.3972886835  
-1.519302393  
-2.728413613  
-2.863791007  
-2.548429402  
-0.01849825027  
0.646716101  
0.8365111885  
1.938860386  
1.181208882  
0.9292854246  
1.349426167  
1.896054177  
2.405977394  
1.950761759  
2.466962438  
0.469683492  
-0.4156838779  
0.7924966689  
1.83799556  
1.304541132  
-1.321743518  
-4.178055059  
-4.730223074  
-1.828419144  
-0.8373668432  
-0.6853602875  
0.1244581224  
0.4855306905  
1.590774147  
0.8100146004  
-1.544604149  
-1.170368254  
-0.1242643005  
1.447769274  
0.9723273916  
-1.929253174  
-2.606553353  
-2.478938842  
-1.480917758  
0.634722751  
1.378412536  
1.704883017  
2.561933761  
0.9321874716  
0.4159826778  
0.8781842146  
0.3491737147  
0.005407462077  
-0.8013733316  
-1.927846991  
-1.992554658  
-1.413505919  
-1.197320604  
-1.092295517  
-0.5037223643  
-0.6609035774  
-0.3456761316  
-1.121968365  
-0.5968693287  
-0.7165915067  
-0.2416974215  
1.459861945  
0.1654487824  
-1.732959469  
-2.953546304  
-1.257437301  
1.060434839  
1.355784241  
1.481113824  
2.01933295  
3.414653688  
0.9785268221  
0.1834816625  
0.1700030465  
-0.06212319567  
1.997321681  
3.67715035  
2.446411488  
1.714017493  
0.5253194779  
0.3718726334  
-0.8148371165  
-1.166740899  
-2.25159262  
-2.054221043  
-2.378310835  
-2.487909463  
-2.012059338  
-1.28536672  
-1.225227398  
-1.300825365  
-0.9009124827  
1.631910469  
2.264089728  
2.210179891  
0.946400644  
0.2041055066  
0.5216597716  
1.538383242  
1.888550507  
0.9618012426  
0.1037724483  
-0.8607117447  
-1.03992389  
0.01396892558  
1.328292098  
1.966538703  
1.606302324  
2.083699619  
1.851240462  
-0.09526637934  
-0.3346196344  
-0.989359794  
-0.7101097596  
0.02147412203  
0.2081426349  
-0.5968872265  
-0.5352168493  
0.2192898703  
-1.310508611  
-2.911172859  
-2.466867468  
0.213434148  
-0.6718212491  
-1.762952714  
-1.336827618  
1.057654774  
-0.7380675018  
-1.441215401  
-1.085551069  
-0.8504846299  
1.434782243  
0.3773469837  
-0.6667452862  
-0.6168215484  
1.514820267  
1.668905862  
-0.05753535789  
0.3134977671  
2.158727433  
4.343375913  
2.852825723  
-1.788280869  
-3.209025013  
-1.46136456  
-2.305105713  
-1.927334554  
-1.941755688  
-0.4824705522  
1.459068061  
1.399804126  
1.37370712  
1.459866969  
0.3026370132  
0.7744845586  
1.159454337  
2.022953739  
0.0603863785  
-2.225666454  
-1.990679623  
0.4338253059  
-0.1834273719  
-0.1730758658  
0.0550577729  
-0.2838766782  
2.169954082  
3.121668067  
2.295369522  
0.9318411384  
1.047561864  
1.719157522  
2.863358641  
1.395048045  
0.2881784607  
0.8734546389  
1.923623053  
1.295159147  
0.6241736144  
-0.3059081522  
-2.919805585  
-3.135808562  
-4.162153108  
-3.424598279  
-0.9058900724  
1.608809625  
1.234092775  
1.032329897  
0.004646961874  
-0.9129624058  
-1.350973565  
-0.4875929148  
0.08627574129  
0.2193928628  
-0.3448107162  
-1.013833498  
0.8474251288  
2.565176006  
2.226419422  
1.852802993  
2.055747836  
2.116800262  
2.038916569  
3.406193521  
3.790689331  
1.439439064  
-1.208354194  
-2.991201825  
-2.837335244  
-0.5685752455  
1.06640922  
-0.7754567917  
-2.081161597  
-2.808521793  
-2.217605224  
-1.569365376  
-1.238563915  
-0.7578512811  
-1.677334313  
-1.01409156  
-0.374799117  
0.6389330699  
1.130562695  
-1.801406387  
-2.540735028  
-1.783257047  
-1.128746222  
0.08572407864  
1.297805703  
-1.275008851  
-3.103551329  
-3.293219541  
-1.538156237  
1.885357184  
2.062392192  
1.142512958  
2.529787316  
2.528071808  
2.389296064  
2.08065637  
1.859478044  
0.2733918383  
-1.484966394  
-3.900679622  
-3.723274926  
-0.3916867581  
-0.00296128978  
-0.5290103873  
-2.031324802  
-2.566420625  
-0.7761607533  
1.21927083  
-0.5077309463  
-2.556645577  
-2.817206608  
-2.51806647  
-0.4978564065  
0.8375631348  
0.6293787999  
1.41585727  
1.141609103  
0.6538180019  
1.691843479  
4.338598036  
5.080283767  
4.600706563  
2.527297646  
0.3221374094  
0.3220177434  
1.153130195  
1.524403181  
0.208074884  
-2.886746349  
-3.393633519  
-3.788364453  
-3.021409859  
