0.6714163666  
0.09761414258  
-1.003057948  
-1.654487858  
-0.1000786974  
-0.6625790355  
-1.219009419  
-0.1320020978  
-0.3160314408  
-0.850585975  
-0.1638460636  
1.127699969  
0.8126290203  
2.03017828  
3.399772014  
2.811005997  
4.001133534  
1.140759432  
-1.226666964  
-2.151772346  
-3.413314148  
-3.793973407  
-3.17064306  
-0.6450947857  
0.4808617264  
0.4952223555  
-0.2131208148  
-0.0033662474  
0.2780191569  
2.752923899  
1.341382851  
1.321493496  
1.039688432  
0.6394309506  
-0.7864114091  
-0.967192536  
-0.2965923138  
0.2729558316  
0.3321479267  
-0.05474722603  
-0.7091824484  
-0.2428628111  
-1.417947771  
-3.118968913  
-3.204537831  
-1.553044424  
0.5691193461  
0.3317355302  
-0.5249528681  
0.03008576212  
-0.760198476  
0.40701236  
0.4580695233  
1.820042831  
0.1883746045  
-0.2935781439  
0.5001601317  
1.654608954  
1.888273736  
2.37948545  
1.772928926  
0.1905176715  
0.8719902865  
1.409681435  
1.001612731  
0.7229914351  
0.4036518216  
-0.04900092638  
-0.07724662061  
-1.440065792  
-2.929262126  
-1.952523549  
-1.989291047  
-2.751194469  
-2.516694643  
-1.539234652  
-1.131987425  
-0.6873303741  
0.1518148474  
0.1961066903  
2.497512195  
3.231746505  
3.484113378  
1.022308305  
-0.1586900282  
0.85273438  
1.232968588  
1.757752104  
1.36504163  
1.595343052  
0.3865461865  
-0.4441365178  
-1.585115781  
-3.567312652  
-5.471306391  
-3.923730717  
-3.451299502  
-2.391806661  
-0.8044420478  
0.1160801753  
1.286284256  
2.434830761  
3.052682916  
3.705851358  
3.159067834  
1.796700022  
0.06211424071  
-1.005585397  
-1.502566021  
-1.070663562  
-0.7874715578  
-1.170695943  
-1.484813574  
-1.936286753  
-0.7331182155  
-0.6032746713  
0.4825165501  
-0.1836390598  
-0.3584471932  
0.8206927655  
1.911854402  
3.324330298  
2.773214939  
2.775561835  
2.955659331  
0.7084699478  
-0.629876227  
-2.263266668  
-1.65429738  
-1.670109024  
-2.311203878  
-1.811504818  
-1.600743746  
-1.740996603  
-1.719680034  
-0.2916311139  
0.1531774509  
1.980980222  
2.622393979  
2.625844562  
2.163315541  
0.592052522  
0.4698951415  
-0.8332955025  
-1.614254268  
-1.668949817  
-2.290007406  
-1.188746691  
0.7404497607  
1.083557163  
1.458653077  
0.5120463396  
-2.11598563  
-0.8336682629  
-1.505638599  
-1.012662074  
-0.03207677787  
0.3754712304  
1.514933822  
1.729323373  
2.337852367  
0.8089082023  
-0.09910823479  
0.1957199891  
0.4148192151  
-0.0684511898  
-1.135780809  
-2.2732107  
-1.427597107  
-1.395411241  
-1.477421002  
0.07980683665  
1.404845819  
1.703229435  
1.684345403  
1.676448763  
0.9729756488  
0.06008275578  
-0.6425452004  
-0.549223843  
-1.598611772  
-2.494689693  
-1.483890266  
-1.357743371  
-1.204903961  
-0.7432982119  
0.4308504523  
2.219228583  
1.722951936  
2.343193419  
0.5769068491  
0.04473061504  
-0.3883696682  
-1.501769042  
-2.046183934  
-0.7351180499  
0.5158903546  
0.6218409388  
-1.261910992  
-2.39855581  
-1.07848024  
0.4648532257  
2.461202932  
3.311602128  
2.834107456  
1.587474821  
0.7333800628  
0.2847318806  
-0.9437607228  
-1.646749744  
-1.416707895  
-1.325143721  
-1.377662199  
-1.517095572  
-1.505297034  
-1.275291524  
-0.3941201163  
-0.1333620508  
0.1475897439  
1.107643526  
2.405446863  
2.732210237  
2.56510408  
2.30659716  
2.054211429  
2.104019214  
0.5922152775  
-2.25161829  
-2.571769142  
-1.337453903  
-0.9529621225  
-0.5824987762  
-0.8311940226  
-1.43886144  
-0.5859796276  
-1.389606312  
-0.4861418325  
0.5528875783  
0.6115483485  
2.352868462  
2.628109002  
0.9989137224  
-0.9337811838  
-1.612580979  
-1.054727041  
0.6227242508  
2.115119938  
1.032201868  
-0.8210843809  
-2.065651314  
-1.996666955  
-1.266941672  
-2.176167042  
-2.205757361  
-0.5556562928  
0.5924816065  
0.9542691174  
1.582708385  
1.66523686  
1.568408892  
2.624166006  
3.371017729  
3.092714572  
1.730439186  
1.437305357  
0.7800346025  
-1.041402026  
-2.537392921  
-3.21238564  
-2.516835534  
-1.474100229  
-1.31735573  
-0.01319303046  
1.654332137  
2.550669287  
1.846887962  
2.070351634  
2.473826402  
0.7506474943  
1.526566723  
0.3494622747  
-0.6351022258  
-1.459422259  
-1.01152427  
-0.4133948811  
-0.8854939844  
-1.965024351  
-2.801216518  
-2.241267381  
-0.8430478949  
1.184776586  
1.415386335  
0.1089763142  
0.07051242399  
0.8881590756  
2.391113558  
1.434107149  
1.184159455  
-0.2688117365  
-0.9888875579  
-2.317910383  
-2.237833337  
-1.163246741  
-1.382188309  
-2.74346547  
-2.582502605  
-1.149551748  
-0.5801105988  
-0.5374926786  
-0.1641050629  
0.02903034317  
2.072850607  
2.551732685  
3.004141419  
2.321074032  
0.8235677076  
2.634897812  
3.13803048  
2.100236688  
0.7774966135  
0.3549449973  
-0.6530487244  
-1.451992131  
-1.124491552  
-2.069713336  
-1.211171898  
-2.196621675  
-2.444952772  
-2.847160661  
-1.535372727  
0.8862333363  
2.179291096  
1.820438227  
2.817233957  
2.7385683  
2.032941528  
1.998295573  
0.7291684914  
0.4623493255  
0.3092938271  
0.405519784  
0.219159737  
0.9118385777  
-0.1780424653  
-1.512089295  
-0.5507111723  
-0.5848716379  
-2.019309249  
-2.236821552  
-2.882273453  
-1.734513856  
-0.205271248  
1.323597974  
2.167529276  
2.148280657  
1.553875936  
0.5394115973  
1.503824741  
0.971022479  
0.6172565575  
-0.775660788  
-1.747987549  
-0.2898937247  
0.1828163856  
0.952482927  
1.000353355  
-0.9376610458  
-2.755920702  
-3.791259685  
-3.506534948  
-4.686583424  
-5.640569069  
-4.725467066  
-3.087922796  
-2.180047429  
-1.12577842  
-0.9771720284  
0.1421893007  
0.603656756  
1.618158989  
1.588877358  
0.2425326123  
0.07665301926  
0.4423006319  
0.6238976365  
-0.06793307501  
0.6135877128  
1.735720122  
1.948310927  
0.9677468344  
0.4595730677  
-0.4573159925  
0.3957359292  
0.9739824188  
1.232042232  
0.2297800817  
-1.115243456  
-0.7890741355  
0.472408276  
1.463579353  
1.135536165  
0.4994312208  
0.1825498886  
0.3892555145  
0.5374876218  
1.602357527  
1.822688162  
1.14965949  
1.017282362  
1.92326122  
2.644141857  
2.439327906  
2.86645844  
1.313868864  
-0.8256583297  
-1.444195148  
-0.2783910706  
0.9787985599  
0.9676834562  
-0.4760150203  
-0.3174874758  
-1.594526424  
-1.762957568  
-1.199056773  
-0.7867238117  
0.1911010715  
1.290016274  
0.7926125514  
0.4295598174  
0.4208661488  
-0.6074428834  
-2.23149108  
-2.818889601  
-2.386003357  
-1.731148429  
-0.1550493419  
0.3486236192  
0.6296629875  
2.103539419  
2.48642317  
2.49171958  
1.017543599  
0.03303138605  
-1.651336901  
-3.335234341  
-3.796941836  
-4.820956634  
-4.089803436  
-2.952736811  
-1.539890128  
-1.786608198  
-1.13630891  
0.7778113035  
2.637397921  
3.49286387  
3.542441245  
3.280750509  
2.546211526  
1.605478922  
-0.9314722387  
-0.8916325007  
-1.552648601  
-0.5070471061  
-0.5932822413  
-0.8067805977  
-0.02137231202  
0.8062674594  
1.517450253  
1.921750577  
0.6346870712  
0.7423304536  
1.887283429  
2.43658447  
2.382244196  
2.669759386  
1.267608679  
1.701422856  
2.337658049  
2.659596097  
4.127222514  
2.57192683  
0.4190132684  
0.30979822  
0.1649980549  
-1.142872178  
-3.190261186  
-2.986453235  
-2.363411164  
-2.561857858  
-1.905820982  
-0.6407562773  
-2.301840956  
-2.058433779  
-1.301048866  
-0.1752974499  
0.6200950273  
0.05378707653  
-0.4024465311  
-0.003171441177  
-0.1000232529  
1.336286465  
1.829322576  
1.423446817  
1.520619552  
0.3650419915  
1.099954763  
2.7260133  
2.69850681  
0.9142690043  
-0.9640713424  
-3.114149463  
-3.713268269  
-2.032605707  
-0.6945071116  
-0.3302862025  
-0.4084209524  
-1.393564118  
-2.726894208  
-2.285671334  
-0.9472051241  
0.8442602054  
3.006309134  
2.409355962  
-0.2929637165  
-1.18027863  
-1.350631451  
-0.7785696714  
0.1255940805  
0.9334788372  
0.604743685  
0.975587493  
2.131946863  
2.457096091  
0.8359544469  
-0.87616799  
-2.806508896  
-4.048976004  
-2.999030979  
-2.426089214  
-0.5874534669  
0.1207254635  
-0.7212345635  
-1.174375189  
-0.4083284294  
0.4361917951  
2.105975517  
2.134534124  
0.9037659821  
0.7943095079  
1.860325842  
2.426321612  
1.119749828  
-0.1292186615  
-0.6279967827  
-1.295154754  
-1.895798844  
-1.614071777  
0.2638131501  
1.020827809  
-0.4341777266  
-0.4782383279  
0.2481048822  
-0.4901204424  
-0.02359014633  
0.3051229177  
0.5734843222  
1.028190513  
1.869089006  
1.509732008  
1.177314804  
0.3485437472  
-1.521877778  
-1.152257981  
0.09198683098  
-1.091971964  
-0.9943714422  
-0.2993015322  
0.1069182043  
-0.9973537731  
0.3095241186  
1.753113637  
1.840432995  
1.322836809  
-0.699375861  
-1.729368544  
-1.884983778  
-2.113990482  
-0.9009138853  
0.9629522775  
2.201228372  
