-0.07170166102  
-0.09507087374  
0.9434202382  
1.929205038  
2.111553632  
0.1125145697  
2.302016713  
0.9244794302  
-0.7994748165  
-2.314168232  
-0.3993920319  
0.8124452185  
-1.823479054  
-1.596614004  
0.6952725073  
0.7904234073  
-0.9543921201  
-1.414952037  
-1.026542442  
0.9587358396  
0.9283707716  
1.107662704  
0.2646485182  
2.474431878  
1.632772157  
-0.6994727133  
-2.747177095  
-0.1762326824  
1.205163706  
0.7443218849  
-0.8203426875  
-0.7711423009  
-0.8788129532  
-2.336167711  
-3.020568966  
-3.238658926  
-3.055080639  
-3.787425887  
-4.940640602  
-3.544007323  
0.3085031183  
2.06897961  
-0.02235460742  
-0.1171881767  
-0.2852209428  
0.8111560808  
0.09507065229  
1.730556413  
2.42088971  
0.2593102714  
-1.691160495  
1.203035557  
2.914917158  
2.993573291  
3.110006359  
3.208181805  
2.725684011  
0.6139438963  
-1.215807807  
-1.144325444  
0.9122694638  
0.5148946425  
-1.621539778  
-2.390490212  
-1.08836327  
-1.637699624  
-3.285489423  
-2.840996758  
-3.058126226  
-1.035015659  
-0.7476054334  
-0.8073501188  
-2.130229371  
0.4527967564  
1.357723743  
2.10668055  
2.574391458  
0.7483129716  
2.432056793  
2.692214708  
1.262954642  
1.352354253  
1.694311789  
1.307398419  
-1.02304028  
-2.567472134  
-4.044187698  
-3.101669857  
-2.264184194  
-1.575063054  
-1.48911116  
-2.266838683  
-0.7808969  
1.364690167  
1.08630455  
1.111611424  
1.748334678  
3.518991439  
5.047909151  
5.540191942  
3.561380059  
1.885752826  
2.270801587  
1.481925361  
-1.094657064  
-3.108746717  
-4.679157106  
-3.407728272  
-1.885904751  
-1.907870771  
-2.301585148  
-1.688908686  
0.03073809255  
0.1067446992  
0.5734009698  
-0.2996328681  
-0.2664889728  
1.878283896  
2.356010208  
0.5315080485  
0.5506613876  
-0.1219876347  
-0.6438640246  
0.2290963324  
-0.1895803235  
-0.5761813425  
1.506746506  
1.481479268  
1.073815068  
-0.08734417906  
-0.04535934806  
0.05238151234  
-0.8959798961  
-2.482536668  
-3.852004071  
-1.486521575  
1.112480086  
-0.4353493434  
-0.4214570241  
-1.835659051  
0.2647992427  
3.10091595  
2.486754908  
1.809334737  
2.922002329  
1.683748706  
-0.2044669494  
-2.159630271  
-1.154222798  
-0.969341777  
0.371374916  
1.181824842  
-1.521122754  
-1.399858545  
-2.858658436  
-2.998858939  
-0.3108675562  
-0.3787529818  
-0.5821871925  
0.4667952786  
0.04112217924  
1.918038297  
2.963439732  
1.940054708  
0.8429938359  
0.748210315  
1.60501363  
1.263030485  
0.6889339937  
-0.2483062831  
-0.1406978894  
0.4726644741  
-0.3363524673  
-1.595287478  
-1.969017783  
-2.440192201  
-0.5103730712  
-0.5073173301  
-0.5635600296  
0.3864984316  
0.4078633714  
3.07556051  
3.669944996  
1.23238251  
-1.126155429  
-0.6244005542  
-1.694153383  
-1.283217406  
-2.294169209  
-3.513497072  
-1.28136827  
-0.3967550896  
-0.001946050775  
-0.3527534105  
1.518739297  
1.4902523  
1.90245544  
0.5365729461  
0.5915018301  
1.615735002  
1.465652899  
0.5227990873  
1.106346474  
4.225404238  
3.21601247  
2.806501735  
2.798850489  
0.7966582179  
-1.244876287  
-3.005539845  
-4.725842891  
-5.973569949  
-5.353112018  
-2.866472601  
-2.759509408  
-2.102691578  
-1.123189645  
1.680781046  
4.148499764  
3.38374783  
1.918680347  
0.8297892862  
0.8997930547  
-1.166925939  
-1.181181386  
-2.857553688  
-1.592467624  
0.7621747269  
0.9362204252  
0.2827010893  
-0.5994506317  
-0.2733859081  
2.743361657  
4.630873686  
3.384924251  
2.363260989  
1.464379138  
0.01877603745  
-1.474040222  
-2.522020463  
-3.021590736  
-1.060686016  
1.127234156  
1.245596001  
1.081179742  
0.4232886164  
-2.167800897  
-0.6732242853  
1.278780931  
0.6062969409  
-0.6416446321  
-2.847271897  
-1.269197273  
-0.04034592341  
0.6985879567  
1.676868893  
0.6854529023  
0.6423615117  
-0.5649709863  
-0.7484598799  
-1.891836916  
-2.284475595  
-1.537929937  
1.96511184  
1.076290343  
0.2385399382  
0.1011258411  
2.972675923  
4.508269202  
3.028389395  
1.663608491  
0.8179450436  
1.68284094  
3.287854324  
0.5226143698  
-1.979337298  
-3.645267736  
-1.473380223  
-1.398974645  
-2.214156384  
-1.778859454  
0.2089330798  
1.711141751  
1.263346137  
0.3257376481  
-0.6132141458  
-1.887270701  
-0.8548575104  
-0.1929490635  
-0.4801327821  
-1.329177092  
-0.3700955905  
-0.1900596267  
1.392639194  
2.125630973  
-0.6114908014  
-0.04898849423  
-0.2221093296  
1.933020583  
3.468629567  
2.491520816  
1.199228955  
-0.2588821092  
-1.678379923  
-0.9113291726  
1.784203553  
0.5199222497  
-0.1530065064  
-2.066104289  
-1.087811113  
-0.2524446122  
-1.802233938  
-3.389285375  
-3.200854091  
-2.168778358  
-1.870890688  
-2.510710056  
-2.062704213  
0.2438033212  
2.163517576  
3.24610963  
3.713669252  
3.382101128  
2.609739675  
0.6622861312  
1.586685981  
0.7943058447  
1.322079431  
-0.02300255165  
-2.501547045  
-3.541393542  
-1.29535331  
-0.9347396899  
-0.2699105362  
0.3781556494  
-0.620131156  
0.3375091304  
1.811016221  
1.204742777  
0.5522736996  
-0.4646048254  
-1.944681553  
-1.004023125  
-0.6102161821  
0.1410630939  
-0.8311292168  
-1.318138645  
-1.237174977  
0.9053438949  
1.704639483  
3.182231398  
3.517827863  
1.632470944  
1.302139532  
1.793813909  
1.498800629  
-0.708700978  
-0.8686878449  
-2.391124497  
-3.963963008  
-1.770066391  
-2.768702449  
-2.446659404  
-1.992125487  
-1.183417166  
0.2143702067  
0.2071986341  
0.8113829329  
-0.8285139639  
-3.246404924  
-2.311696015  
-1.109277453  
-0.7293610335  
-1.642080768  
-2.213323965  
-0.2301175276  
0.6147533402  
2.476606199  
3.460124237  
2.553255748  
3.920534654  
3.493671962  
1.419772209  
-2.068961132  
-3.539573049  
-0.270642046  
-0.5879262847  
-0.3007592106  
-0.3224105395  
-0.8549273415  
0.003894917729  
0.2726312873  
-0.7598057538  
-1.596517492  
-3.443623576  
-2.243767155  
0.04227849772  
1.571498516  
1.485817476  
1.195890903  
0.8699225193  
2.669763888  
2.998132457  
3.835756908  
3.869001874  
2.618559286  
2.334496173  
1.634357246  
-1.192420321  
-2.931258835  
-4.87710349  
-4.243597412  
-2.216743597  
0.06430335815  
-0.4779233353  
0.2545694867  
-0.1792820734  
-2.079782743  
-1.577842904  
1.052974395  
2.29618771  
2.299468556  
1.481288721  
0.05100186255  
-0.4597863278  
0.552673467  
2.776541833  
2.04710359  
2.394403902  
1.978386094  
0.4386809319  
0.4312448447  
1.05380278  
0.4746013712  
-1.459582417  
-3.656623804  
-4.59502734  
-2.857476116  
-2.59242261  
-2.178639443  
-1.92950241  
-0.3229650929  
0.4628587015  
-0.08898581034  
0.08814242736  
2.182480648  
2.577978462  
-0.2346411122  
-1.499967447  
-1.36446661  
-0.5237386476  
-1.779420646  
-2.04837232  
-3.016206573  
-1.047158607  
0.6859048572  
3.257488171  
3.663936172  
5.081214143  
4.52231371  
4.408610671  
3.820247112  
0.399232519  
0.6631353794  
0.8152063674  
-0.2616484845  
-1.687031445  
-3.932230707  
-4.061262104  
-2.442816255  
-1.227618375  
1.490741072  
2.168334649  
0.3614062829  
1.382554872  
0.8402781222  
0.5305406833  
-0.3525052146  
-1.389986727  
0.3192007085  
3.163287324  
2.819692949  
1.032792755  
-1.610431267  
-2.250070888  
-0.2526758112  
-0.1146209309  
0.4070920102  
0.02889812992  
-0.2538569094  
-0.6373695465  
-0.668886326  
1.115093312  
0.2398454814  
-0.5955980564  
-0.9801857254  
-1.309124624  
-1.316423533  
-0.6697630162  
-0.7857514037  
-0.2122911472  
0.2256579887  
-0.9410098209  
-0.2505532392  
1.522694531  
1.239114378  
1.412136246  
0.2424740284  
-1.324613439  
-1.572805003  
-0.4510504269  
1.133945174  
0.3955744565  
0.3804054573  
-1.05553479  
-1.679799532  
-0.176758092  
0.4847421953  
-0.2834936191  
0.05823124121  
-0.4500665966  
-0.08417517783  
0.8953856142  
0.06511522286  
0.1828194507  
-0.01726530295  
0.8889063142  
0.2334039938  
-1.263640961  
-0.7171088773  
-0.1732385192  
0.6587644513  
1.040391461  
1.759442856  
1.008198475  
0.9155567525  
2.561277429  
3.143147586  
2.794610406  
-0.1660661896  
-1.190944652  
-0.2022779977  
-1.318808163  
-2.162354521  
-2.388258825  
-2.897105959  
-2.540577668  
-0.5638487521  
-0.9655245694  
-1.427495606  
-1.670424686  
-2.223295309  
-1.909846789  
0.7321348323  
2.603122081  
2.881288762  
3.860064334  
1.941819018  
2.919024558  
2.98149665  
1.041458875  
-0.8147164647  
-2.793208219  
-1.823703581  
-1.961811234  
-2.156539597  
-0.6163325928  
-0.7219337572  
-1.463204471  
-2.04541398  
0.2032672749  
-0.3437356258  
0.1302951624  
0.8041376486  
0.02073670432  
0.8770511431  
1.872558855  
3.395696732  
1.556939467  
0.9104213504  
0.4670568395  
-0.8315491889  
-1.162575473  
0.9523910461  
2.294207075  
0.9407420527  
-1.593008482  
-2.200094411  
-2.147652256  
0.01152408043  
