-0.7355252749  
-2.212603666  
-0.5498817645  
2.649575475  
-1.031104583  
-1.566245845  
1.810292307  
3.028136621  
0.7530425481  
-1.275664669  
1.694173451  
1.834292401  
0.7977261182  
-0.38245922  
-2.015489997  
2.039634357  
-0.04255505061  
-2.769108829  
-3.089947935  
-2.075640259  
1.466904743  
0.8424231014  
-1.442387665  
-2.30175841  
1.500080014  
1.747742394  
-2.225987662  
0.3002565198  
2.766094404  
1.171463949  
-3.275808076  
-2.261892103  
1.794407918  
0.6924670089  
0.4629210042  
-0.1672365327  
-0.1311681934  
1.815057406  
0.2199521972  
-1.758289488  
2.017786552  
1.427743041  
-1.697074032  
-1.536374589  
1.82190205  
2.787033434  
-1.094527983  
-1.968539708  
1.90143926  
1.856642111  
0.1497071597  
-3.217340781  
2.184435859  
1.975834694  
-1.135158868  
-1.070115664  
0.887292998  
0.6812300484  
0.7052230244  
-0.02349570641  
-0.6000798527  
1.752905148  
1.297419104  
-2.99151735  
-2.205492153  
0.3385113101  
-0.8255633535  
0.7907146076  
-1.360999198  
-1.6731891  
2.02946998  
1.954250694  
-1.764226986  
-1.930748101  
0.8164940066  
-1.274401859  
1.421831501  
-0.4373985268  
-2.784885912  
2.152707378  
2.358234461  
-0.7736472939  
-1.178383373  
-0.4765513289  
3.958275364  
2.646617815  
-2.592489665  
-1.483084976  
1.532425483  
0.3237371642  
0.9137950032  
-1.52739902  
-2.236815202  
-1.862126001  
0.7780403697  
1.694756303  
0.1193420216  
-0.6354651545  
1.578101193  
3.273750688  
2.57896169  
-2.241195761  
-2.366126893  
0.2093426297  
3.225114035  
1.95273888  
-0.7264061736  
-2.031385879  
-0.2063192933  
-0.6591802721  
0.9386179464  
-0.585082962  
-1.497898576  
1.491362096  
0.6575683776  
-1.426238171  
-2.413006346  
-2.67019683  
2.212685461  
2.160949027  
-0.9664490913  
-1.873614906  
-1.255811414  
3.101344036  
2.067535899  
-0.8815883167  
-1.646782046  
2.262239424  
2.111992253  
-3.838382536  
-2.484477081  
-0.2137464729  
2.764520979  
1.984793743  
0.02929154251  
-0.5358868366  
1.180553746  
0.203074752  
1.124211  
0.9557787956  
-1.724088976  
3.080692214  
2.997930475  
-1.748065288  
-1.577270772  
-1.018770157  
0.3965383524  
1.055495866  
-0.07345598178  
-2.713683603  
-3.767605587  
-0.9660641037  
1.118934007  
-0.1256154917  
-0.4990690827  
-1.456628762  
-2.334561596  
0.923682311  
-0.2765554808  
0.8920948104  
-0.6717863672  
-0.7819718291  
2.141369311  
0.9576102855  
1.273778259  
-1.663458879  
-1.994110283  
2.768823897  
2.303875004  
-1.436753718  
-1.95723404  
-1.02967899  
1.549436661  
0.8463071637  
-0.00682703228  
-0.9814925383  
1.388219838  
1.629329152  
-0.2349288838  
0.6049343812  
-1.290413365  
-2.163735438  
3.505755379  
2.81537597  
0.4307209163  
-1.078112338  
0.7445230784  
-1.018259103  
0.4795290677  
-0.7357264183  
0.8438577437  
1.423954561  
-1.560466424  
-0.8620035406  
-0.3502926976  
-1.327236984  
1.032341963  
-1.962555612  
-0.5844537997  
1.942509692  
2.415832628  
2.917550627  
0.9395819058  
0.2375404694  
1.59977078  
-0.08012473475  
-0.1094198127  
-2.104867617  
-1.707175103  
0.2603834426  
-0.2402300156  
0.9189762735  
-1.197208455  
-3.41439533  
0.2788385288  
1.2354824  
-4.260278255  
-1.335906953  
1.250866188  
-0.05561165457  
1.015170308  
-1.270605459  
-2.391785893  
-0.9648357822  
3.047132892  
0.9931022101  
-1.079566726  
-1.430665391  
0.8440536504  
-0.6550354105  
-1.286074998  
-1.64497717  
0.1177364124  
2.464283188  
3.07289729  
0.06866883336  
-1.347774432  
-0.8048270077  
2.836047709  
0.3025419311  
-0.08568897668  
-0.45011045  
-0.03269510617  
0.6944383844  
-0.01563716342  
0.3500905928  
-2.385141003  
-1.271651118  
-1.924810979  
2.63675368  
3.002195571  
-1.185641521  
-1.044573507  
1.432475792  
1.054145735  
1.359387364  
-3.345587809  
-1.729196014  
-0.9881439127  
0.6478622643  
0.609491116  
-0.5906376819  
-3.809178329  
-0.5401323  
-0.06621013311  
-0.6684934783  
-1.487727199  
-1.397459311  
2.997826438  
2.668638541  
-1.360947101  
-1.257181327  
-1.39251708  
2.427852141  
1.486208743  
0.332254249  
-0.5634922969  
1.216174246  
2.646357421  
1.524867397  
-2.583336913  
-1.60813123  
0.9281415556  
0.7542865894  
1.851225427  
-2.196140822  
-2.140174349  
-3.156795814  
-0.257618322  
1.644472041  
1.750870495  
-1.227732449  
-1.254592239  
1.831181109  
1.021053119  
-2.10742509  
1.872390003  
3.503011043  
-0.657640818  
-0.2811767681  
1.272695374  
0.6490439565  
-0.3502493806  
0.2275644108  
-1.10704821  
0.6521936561  
0.6710489283  
0.1485592749  
-1.363529035  
-3.806311816  
-0.1743997153  
-0.4840389717  
1.091332522  
-0.7482949771  
-2.821614801  
1.300024757  
1.868597209  
-0.9831266596  
-1.295766065  
-0.01828730515  
3.002736918  
2.864343048  
1.181825819  
-2.959735417  
-1.890040089  
-1.312422787  
1.151099063  
0.7458742347  
-0.8248680025  
0.5348443052  
-3.602879555  
-3.263680746  
-0.5821133393  
2.221376838  
2.428777708  
2.20437048  
-0.8047661709  
-0.7282100215  
1.550981942  
0.07882538765  
0.4904311407  
-1.278321709  
-1.48389597  
-1.899893345  
0.8221245721  
1.042211398  
0.9148650932  
-0.3501026302  
0.08215316954  
2.157335192  
0.1785529513  
0.1577695921  
-2.585659687  
-2.634916636  
-2.470214293  
0.5711535224  
0.05582726514  
3.096034086  
-0.5986123333  
-1.118784547  
-1.520125826  
0.9365680552  
0.4304252846  
1.279648215  
-0.5447161516  
-0.9460463025  
2.013710429  
2.24871539  
2.961450672  
-0.2556542332  
-2.050869977  
1.687338029  
1.17632908  
0.1086295141  
-3.873279238  
-1.683149477  
1.239262812  
0.9828050709  
1.828486994  
0.1522344214  
-1.269369095  
1.756415576  
1.02674287  
-0.1160249715  
-2.810428422  
1.461882366  
0.675760145  
2.611786111  
-0.4453064449  
-3.674685272  
-1.809618117  
-0.02334700827  
-0.5004626037  
0.3133264302  
-0.6461156313  
-2.387558327  
-0.7006021701  
1.976757766  
3.114197697  
0.1540072451  
-1.353833275  
-1.394008611  
2.669583375  
3.41728736  
2.507765958  
-1.124499482  
-0.5865161547  
-0.5080754781  
1.470214749  
1.99376537  
1.114587888  
-2.992614716  
-3.01988679  
-2.692828145  
0.5221583479  
1.125891097  
1.415016241  
-0.7135876499  
-1.858813315  
-1.660452131  
-2.094476866  
1.42118638  
-0.2938204676  
0.3156013656  
-1.764208163  
-2.536807315  
-0.4223467972  
-0.5342158116  
2.456231222  
1.039906739  
-2.226025118  
-3.087923913  
0.5548571337  
2.50609085  
2.203096833  
0.2313176034  
-1.318647106  
0.5349800682  
3.06429238  
2.002873606  
0.3100667221  
1.509238789  
2.477862312  
1.825990037  
-0.7927562646  
-1.740837478  
1.847156893  
0.2163588185  
0.6324578832  
-2.56613791  
0.5354003046  
0.2797249634  
1.875541823  
-1.662739946  
-2.61655025  
1.198870776  
2.075222459  
0.4689191194  
-1.014481388  
-1.090982736  
1.650898116  
0.8960000151  
-0.6457590673  
-0.4185787067  
1.379344831  
-1.229212192  
1.161596836  
0.2165542191  
-1.318064426  
-1.967550869  
-0.5894071214  
1.702414367  
0.5519204772  
-3.37194191  
-2.613277804  
0.4727629517  
-0.8454971162  
0.4068224207  
-3.122780186  
-3.851996569  
0.7538232514  
1.775765622  
1.672996904  
-0.3363093866  
-0.715713145  
-1.887263437  
-0.2991176666  
0.8539076752  
1.459393902  
1.425257259  
-1.613378118  
-4.914524423  
-0.01307045574  
1.444114748  
1.453537292  
1.966275961  
0.3325127078  
-2.855556622  
-0.6645060681  
1.024626417  
0.9014945327  
1.856458663  
-2.777012465  
-0.9269393503  
-0.9884923714  
-1.254165928  
2.320156534  
2.568947298  
-0.6951123442  
-2.66891863  
-0.476178087  
-0.04997038896  
0.06036762642  
1.540615816  
-0.6339191766  
-0.9243089115  
-4.772788242  
-1.338538004  
1.621078812  
0.6164231589  
-1.324747972  
-0.2741024806  
-0.7591540691  
1.008658288  
3.388781271  
3.130690859  
5.137502307  
1.809953677  
-0.245636622  
-1.372117896  
-0.4208182619  
1.573854462  
-0.04387376011  
2.507488606  
-0.1684223205  
-1.159878588  
0.6083484673  
0.2650180287  
2.140422156  
-1.920918941  
-1.053904925  
0.02198971066  
0.3750086104  
2.06467528  
-1.209993464  
-0.4007428086  
-3.400745356  
0.2997605103  
0.8871640381  
1.576127131  
0.8898107867  
-2.868090757  
-1.895111292  
-2.22327134  
-2.55129352  
1.30408959  
2.709113772  
-1.787616713  
-0.4297681162  
2.670403294  
2.68078301  
1.917609883  
1.037190369  
-0.7128458946  
-1.8178302  
1.865743954  
1.146139355  
4.049162017  
1.809455451  
-1.403309106  
-1.290499897  
1.300797264  
1.839498943  
1.227821527  
-1.37745425  
-3.736465643  
-3.48864887  
-0.365770498  
-0.6333137862  
0.2223218623  
0.3832998575  
-2.141791776  
-1.570055636  
-2.290943551  
1.415938446  
2.379989475  
2.207820213  
1.227835335  
-1.579793247  
0.2999334644  
