-0.1098002844  
-2.431274499  
-1.921353136  
-0.3551416439  
0.934115313  
-0.433464772  
-0.4748435275  
0.3881854102  
-0.4923359028  
-1.221526699  
2.783284037  
3.824442867  
0.3033643904  
-1.208364852  
-0.900880935  
0.3065111188  
0.9160375134  
-1.17293421  
-0.7660868728  
1.64800048  
0.15666744  
-2.205940186  
0.4383504699  
2.565135678  
3.078214262  
0.4452440926  
-3.010317854  
-3.091797246  
0.2970705202  
2.372789202  
0.5393252779  
-0.05648453141  
2.16709704  
-0.2992767132  
-2.562931227  
-3.029087409  
0.3757491892  
0.7385899928  
0.4984883154  
-1.317304059  
-2.599302982  
-1.649771271  
0.05611668557  
2.079267859  
3.926660213  
4.13170615  
2.811116755  
2.423254842  
4.760752873  
3.342555599  
-0.2896289027  
-2.83484522  
1.633741553  
2.369468281  
-0.2450053178  
0.340285914  
1.857398171  
-0.6351467588  
-5.450157338  
-5.832418995  
-3.488595449  
-2.124370233  
-5.345382093  
-7.034493895  
-3.054408346  
2.050980322  
0.933257118  
-1.209353876  
-0.72598525  
0.3975036787  
1.506577163  
2.443010762  
2.509736895  
3.503280243  
2.001028668  
0.02548841148  
0.06303460202  
2.5682427  
1.772930228  
-0.5384631572  
-3.613367601  
-2.287819117  
-0.9856391716  
-0.8950415418  
-1.241239399  
-3.264472246  
-3.127668124  
-1.819473034  
-3.873929259  
-3.230126515  
-1.706294101  
0.3688192021  
2.902201733  
4.273367367  
5.135916721  
4.072583161  
3.304705096  
2.011562243  
-0.8407363182  
0.640503768  
0.5380434218  
-0.1636124006  
0.2065900298  
0.1734527555  
-2.120680617  
-1.963373656  
0.1147941277  
0.199009605  
2.120600204  
2.386442088  
-2.343082876  
-2.492947215  
-0.5093229959  
0.4271459044  
0.7786311083  
0.6277590888  
0.4557292469  
0.8903783452  
3.827537641  
2.83561504  
1.507201751  
1.890980298  
2.200329597  
2.879316101  
-2.803157223  
-3.968736888  
-0.7788294722  
0.6805640392  
-1.568926048  
-2.323222154  
-0.7116101142  
-0.5842877966  
1.578675714  
1.923792342  
1.351867878  
-1.138763675  
-0.6446555212  
1.856420241  
0.3323359601  
-4.113780533  
-7.245307023  
-7.282429441  
-6.249946067  
-5.189158797  
-2.303835675  
0.3153520015  
2.262337452  
2.506693316  
0.5732242257  
1.748701067  
3.292071243  
5.083236118  
5.64161842  
5.550343335  
4.450613355  
5.387025164  
5.543445809  
5.736874985  
0.7163018923  
-0.3527936564  
-3.370242702  
-9.003154994  
-6.516644812  
-2.422844492  
-0.9357986688  
-3.084075542  
-1.262155653  
0.5897963595  
0.7201746331  
-2.049333592  
-2.780897159  
-2.404183975  
0.517803487  
2.304383072  
0.8080591484  
0.8343440953  
1.158530908  
2.489291764  
2.79364269  
3.364823969  
2.976533272  
2.92552584  
1.248176986  
-3.706405089  
-3.187699589  
-1.989220275  
-1.21805261  
-3.728209779  
-3.638777628  
-3.537395032  
-2.971397988  
-1.011687824  
-1.153394906  
0.2498132191  
1.889093463  
4.253588016  
3.553606937  
3.514546897  
2.901185312  
3.681778333  
2.527334736  
2.583029123  
-0.6430351636  
-4.549470702  
-2.582037136  
-1.253255888  
-1.974787245  
-2.722995122  
-2.184779956  
0.7566448119  
2.514302102  
0.6346768939  
-2.211576164  
-0.8079580003  
0.4598538575  
1.100591931  
-0.7619111743  
-0.6418587045  
0.6060576456  
-0.4813756963  
-1.482181348  
-4.398021277  
-4.788267393  
-1.020700148  
0.9846957498  
1.884037365  
2.479008214  
4.094262991  
5.970966087  
6.742096837  
3.511797986  
-2.108493765  
-6.091102008  
-2.867134798  
-0.1972240803  
-0.6973560316  
-3.044657223  
-0.7233886663  
2.528364072  
2.076336519  
-0.8710087659  
-2.110213095  
-0.7359730537  
1.854952397  
-0.2017969583  
0.9937985553  
0.8964414858  
1.542020178  
2.697503342  
2.505651666  
1.004883077  
-0.1722893809  
-1.23730025  
-0.3906078994  
-2.102334159  
-3.42298423  
-6.377764502  
-2.731320578  
0.3709917414  
0.7343289895  
1.855749129  
1.077510832  
0.243523595  
1.474781634  
3.67685849  
3.650155508  
2.731602765  
3.829415312  
5.28769741  
1.684351557  
-0.2212918087  
0.3544567585  
-0.3448373906  
-0.03619715732  
-3.778122439  
-7.132365131  
-5.421410877  
-4.501553327  
-1.98425952  
-2.513051359  
-3.997366974  
-3.199697341  
-0.5259592355  
0.7333905881  
0.09552150456  
-0.6380059845  
1.321229166  
2.478557856  
5.3504438  
6.295568787  
6.273321761  
2.62281226  
0.006874498459  
-3.865739847  
-4.882585288  
3.67663201  
4.262321384  
4.340479244  
2.381673478  
-0.3693922015  
-1.277646161  
-1.677472645  
-2.086095312  
-2.20309338  
-0.3495952657  
1.631194037  
2.691944394  
0.5965953216  
0.482686037  
-0.02469521359  
0.9621617328  
-0.9038332205  
-5.468279449  
-4.255848176  
-1.330705444  
-0.7431136284  
-1.059992254  
-4.262664262  
-7.666226205  
-4.845023657  
-1.207144872  
-1.636919145  
-2.617125372  
-2.738500578  
0.4932798292  
2.145098558  
4.093419936  
5.739297108  
6.808122342  
6.753202569  
5.652245758  
5.47436258  
5.066786871  
5.503959367  
3.205097042  
1.657503003  
0.244102962  
-2.55804202  
-3.562266984  
-5.207800927  
-5.42268523  
-5.207578594  
-5.169639419  
-4.913118633  
-1.742876104  
0.02157696192  
-0.1651172196  
0.05995667926  
0.9527443568  
1.870613077  
-0.4183345543  
-0.7067133149  
-0.5195882271  
1.111940835  
2.505426462  
2.825290022  
2.71034722  
2.977305091  
2.844130799  
4.638394063  
6.002051212  
5.71036612  
2.13279586  
-1.517022878  
-3.996509938  
-3.446888971  
-2.516646992  
-0.519120255  
-1.368619247  
-3.862625477  
-2.252210982  
-0.09881047039  
2.354594794  
0.7347122828  
-3.541499203  
-4.614423592  
-4.607403816  
-4.436800848  
-4.968001975  
-4.943328671  
-3.353323602  
-0.8129499975  
-1.389986202  
-1.768908424  
-0.8704071188  
-0.8775215034  
1.594191636  
1.592657402  
1.487734816  
2.27288187  
2.968900268  
3.674207907  
4.431806973  
3.127730391  
2.983718278  
4.690239946  
7.232631617  
7.47711118  
4.748826323  
3.029546689  
1.758303929  
-2.830201006  
-4.593909778  
-0.7708106298  
-1.27171949  
-1.27845686  
-2.552751512  
-3.58626595  
-1.053225786  
0.3021445942  
-1.08791475  
-3.139622404  
-1.510492315  
0.2376768183  
1.059105912  
1.814294316  
2.264997214  
-1.059575718  
-6.110373818  
-4.069700848  
-1.130685448  
-2.502076854  
-0.513562837  
1.860644361  
2.587071089  
1.857315858  
1.247387765  
2.201589112  
0.9645188447  
0.70916771  
0.9897870294  
1.898962279  
4.01201633  
4.959561092  
4.547353474  
3.293748073  
0.5202176644  
-0.5040207632  
-2.956170662  
-6.94250836  
-7.490414721  
-4.380876085  
-3.198303291  
-1.323786596  
-2.083382796  
-1.410683178  
-0.3138879026  
0.4275371531  
-0.9406946268  
0.002215816323  
2.936089049  
4.238922608  
3.410703752  
2.998647353  
2.485367589  
-0.5271553713  
-2.968503515  
-2.77038008  
-1.546477235  
-0.3342197438  
-2.841601224  
-3.463793538  
-1.923218901  
-0.3905148373  
1.103436422  
0.6954657732  
1.045112218  
0.6620974057  
-0.3287147959  
-0.178488837  
0.2244676637  
0.1567838897  
-1.660559772  
-1.830979409  
-0.521238223  
-1.834476827  
-2.464808195  
-2.635450914  
-1.423423204  
0.1599708897  
2.31173113  
3.056525949  
2.101053315  
1.258729952  
1.198813693  
1.493693673  
3.294058181  
3.459624243  
2.891141575  
3.031380541  
3.234992217  
2.751245387  
4.295413056  
3.852636466  
2.992091998  
2.848164848  
1.522902624  
0.05201477783  
1.535737297  
-0.129649741  
-1.022441279  
-1.045547522  
-2.024543165  
-4.088265447  
-3.121316102  
-1.298277285  
-1.519459795  
-2.776482474  
-2.009374131  
-2.065720256  
-0.7085787641  
1.00098525  
2.848368191  
2.48175093  
1.92252504  
1.808026637  
2.669746291  
3.179865394  
4.481499182  
3.807679647  
2.284069457  
-0.2462485657  
-1.814593499  
0.3584978787  
2.707808583  
2.493071595  
1.379103647  
0.2129267337  
-0.9141645629  
-1.054460935  
0.7435422027  
2.040496444  
-0.1448800287  
-2.097205878  
-5.615845529  
-7.355183704  
-6.64720519  
-4.825712636  
-4.085923461  
-4.551382559  
-5.394260327  
-3.847918216  
-3.022371687  
-1.321668806  
-0.1777945344  
2.077291679  
1.366846386  
3.138085094  
4.294988338  
2.761965472  
2.839254528  
2.41959828  
1.543122403  
0.3562035798  
1.487923199  
1.054494979  
-1.813045136  
-3.562370813  
-5.607079046  
-5.021168471  
-3.517610055  
-4.958403313  
-2.365418272  
-0.9934217459  
-1.035941916  
-1.461473981  
-1.119979292  
0.298058241  
0.3715620492  
-0.07834552575  
-0.9221797089  
-1.169257378  
-1.444661889  
-0.9121438301  
-0.04104446916  
0.5250999144  
1.104601023  
2.910916695  
4.898150498  
4.836608033  
4.147030442  
2.969582077  
3.259746919  
2.244680753  
3.591254443  
4.975001854  
2.142266842  
-2.403196227  
-6.44448289  
-11.34760801  
