-0.4384462514  
-1.509945387  
0.3482647616  
0.1099677604  
-1.366365955  
0.1851640795  
2.820751468  
2.469748504  
1.655682311  
-0.8168466894  
-0.8731010511  
-1.200517258  
-0.4152943465  
-1.351546955  
0.4518089942  
0.8465678209  
1.380677902  
-0.2251120227  
-0.3616345454  
-0.9528574263  
-1.33504846  
0.1889142385  
-0.2614474855  
1.395479331  
0.8502406447  
-0.08224862145  
-1.510431895  
-1.38922023  
1.020018834  
0.6747601016  
0.8058953161  
0.3201288604  
1.605952168  
-0.6225722529  
0.5881597661  
-1.590562656  
-0.02423164298  
-0.7053898272  
-0.3019764307  
-2.234164168  
-1.790459656  
0.5612946733  
0.6683908734  
0.3667003953  
0.4120446877  
0.1389768864  
0.5004972363  
-1.447855417  
0.8381001976  
0.3668271739  
0.550267051  
-0.9637915409  
-0.4185548374  
-1.213570848  
-1.347192553  
-0.138338145  
1.362967339  
1.859127452  
1.808489209  
0.6611464228  
0.648390571  
0.7185697095  
-0.3637786237  
0.6264407295  
-0.3056430478  
0.392853664  
0.08611222444  
0.2866951117  
-1.728069454  
-0.05004306277  
-0.4611134954  
0.7309388417  
-0.01288765634  
-1.272246544  
-0.6955670445  
-0.8956895889  
0.4534579991  
0.8269052946  
0.6485845394  
1.320643227  
0.3608282428  
-0.07878936054  
-0.9301493325  
0.8041751104  
1.897644355  
0.1610451134  
-0.8263030977  
0.04365662554  
-0.723665459  
-1.075283041  
0.09079626175  
-0.6499215844  
0.8891513403  
-0.5202590508  
-0.001824549138  
-1.308688414  
-1.355357715  
-1.784353598  
0.1841546692  
2.419784141  
1.844570837  
0.6367946793  
-0.02849031567  
-0.6515163509  
0.5474563634  
-0.3939330452  
-0.7965617138  
-0.2078994806  
-0.08363641403  
1.294760712  
0.07433224371  
-2.528353074  
0.558809971  
0.8330767553  
1.286001232  
0.08123716439  
-1.923521509  
-1.522647927  
0.3083668704  
0.2641162794  
-0.06883457528  
0.3370426022  
0.9707547834  
0.8585274754  
-1.587724276  
-3.206520714  
-0.8375867549  
-0.02044516861  
-0.6070340516  
0.7375022191  
-1.029888289  
-0.7807665537  
-0.5733457923  
-0.6048355911  
0.4267099569  
0.1157613779  
0.2276899741  
2.333555879  
2.37433843  
-0.06260988199  
0.3128961756  
0.4671779182  
1.36510405  
2.045505978  
-0.2038830615  
-1.318306132  
0.6697691558  
0.5356497827  
-0.5827447206  
-0.7552373005  
-1.211478657  
0.1123988694  
-1.177303121  
-1.917191415  
-1.275374199  
-1.692813519  
0.5298450684  
1.939726872  
0.9810320051  
-0.2613890886  
-0.1762883752  
0.8828213642  
1.223077399  
0.3642309756  
2.238113803  
-1.258022706  
0.4308213968  
-0.5431067596  
-0.4465308549  
-2.242242171  
-1.668902923  
0.05594320339  
0.4068212274  
0.3965156476  
-0.8554345706  
0.1564441423  
1.454983476  
1.121693738  
1.298011084  
1.380919544  
0.5627456141  
-0.426188769  
2.141162285  
0.8791255266  
-0.1356972832  
-1.278870541  
-0.08728831388  
0.7243756314  
-0.1697479969  
-0.470635623  
0.5330413978  
1.472340778  
3.213220163  
0.4909845716  
-0.6225238896  
-0.9476956661  
-1.879304826  
-0.8368519248  
-1.339606348  
-0.2041567423  
0.003929392826  
0.09038890818  
-1.941354958  
-1.762950889  
1.856377233  
0.8188834092  
-0.003348049781  
-1.792537516  
-0.9029096353  
-1.03667535  
-0.4072810997  
1.569912838  
0.8015000048  
1.047898396  
0.462082244  
-0.6222811563  
-1.288252539  
-2.791203564  
-1.126348976  
1.348151372  
1.3390386  
0.8672864354  
0.8383186843  
1.061108098  
0.3639913972  
0.4494091062  
-2.162445513  
0.8685848427  
1.248526768  
0.1045605035  
0.9999337702  
-0.1336868548  
-0.1374866977  
-0.7754417224  
1.860856157  
1.822360646  
-1.71085747  
0.5934701368  
1.340204294  
-2.172198575  
0.5679079709  
-1.627787471  
-0.6225810096  
0.9211798986  
-0.9225494481  
0.431858175  
-1.767584621  
-2.096764173  
1.238625373  
2.416565056  
0.6603660501  
-1.823575766  
-1.03127203  
0.1741086758  
-0.1068255535  
0.8786156891  
-0.3926439486  
-0.4507833615  
-0.04071245719  
-1.221768547  
-0.9103320312  
-0.640274242  
-1.139452985  
0.5717133989  
1.400264931  
1.770443968  
-0.6783469657  
-0.0917093396  
0.6236439216  
1.461402425  
0.07550269034  
-0.7475145328  
-0.2464642397  
-0.1131934879  
1.663198641  
0.8509845112  
-2.753491607  
-1.424586211  
1.031506636  
0.1622735405  
-0.5615057175  
-0.6391499652  
0.6215305239  
0.4130627707  
0.2659596514  
0.4135005161  
-1.13105509  
-1.835071819  
0.3199750836  
1.097575091  
2.073236667  
-0.3174847007  
-2.439774097  
1.347486015  
0.8598372451  
-0.1607394984  
0.1193564709  
0.4101267878  
0.6322197252  
-1.794603311  
1.209021853  
0.06756053239  
0.3736851574  
0.5178218459  
-1.554032355  
-0.3622593307  
0.590240862  
-0.907551223  
1.115618235  
0.7542768569  
1.199408685  
0.4280727095  
-0.1131134346  
0.04202064306  
-0.2900804385  
0.8776470801  
-0.5821739738  
-0.07920301842  
-1.646155972  
0.3385567304  
0.4582589069  
0.8534492387  
1.52355518  
-1.913529804  
-3.428235249  
-0.9215580633  
-0.1016597881  
-1.217444268  
0.4785721826  
0.6687946468  
-0.2536830044  
-0.6973050582  
-0.9028625209  
0.3641367892  
0.5673613317  
2.427439439  
0.6895366146  
0.4997491164  
-0.1511524139  
-1.274646017  
-0.7028581314  
-1.121869239  
-2.248789496  
0.1474637694  
1.25776437  
0.4943792206  
1.029159377  
-1.436552  
0.2569736881  
1.305453804  
-0.8200375387  
0.5292648556  
0.1650712451  
-2.401238704  
-0.05475669839  
0.4906034171  
0.5108942538  
0.475711079  
0.955372577  
-0.07318607058  
-0.7095136717  
1.821626655  
1.682838456  
0.5579474319  
-1.761817423  
1.877366396  
1.617190252  
1.976730019  
1.223886169  
0.1535527804  
-0.2966419757  
-0.3706197559  
0.5319314554  
0.6597121029  
-0.1769951248  
-0.9592628837  
0.325172222  
-0.5763388483  
-1.646231135  
-1.261441258  
-1.362802559  
-1.408091806  
-1.619176143  
-0.1868828547  
-2.566812727  
0.1441821947  
0.2396323066  
-0.6417303461  
0.3475713592  
-1.491705623  
0.2334115405  
-0.08798353241  
1.125120455  
0.8757639072  
-2.457282637  
-1.815532025  
0.3364839687  
0.6808580183  
1.245404381  
0.8131959553  
-0.8105038032  
0.2185362575  
1.545791386  
1.168310308  
0.6846593376  
-1.611801528  
-1.122922179  
0.9980985635  
1.137088356  
0.7141928498  
-0.6032557801  
-1.57208219  
-2.105443543  
-0.1850410546  
-0.4731740929  
0.8912834801  
-0.9042659129  
-0.9242034238  
-2.879975225  
1.427045514  
0.8063003974  
-0.3321047448  
-0.3940888848  
0.8506958661  
-1.032307504  
-1.045233577  
1.763628489  
1.926988289  
3.822722427  
2.578330587  
-0.8175559897  
-1.742951377  
0.4042407333  
-0.2666316912  
0.08538052856  
-0.0602822412  
0.1102551804  
0.9327657921  
0.3839010442  
1.616388897  
-0.9081738669  
-0.1254754686  
0.5103592932  
1.960478756  
-0.9451813571  
-2.181736519  
0.3559709914  
-0.4009733831  
0.1512684104  
-1.320824603  
2.027696745  
0.7179039342  
-0.9111334316  
-1.92865042  
-0.2682852782  
-0.3694545878  
1.083449361  
0.5308508633  
-0.1965842306  
0.7912011343  
0.1086549277  
0.6775998225  
-1.140363101  
0.4885435558  
1.668845867  
-0.8249559451  
0.5454545848  
-2.024985817  
-3.507837926  
0.591598907  
1.339393248  
0.3863548184  
-0.3398552325  
-0.214092756  
0.2991659686  
1.023901491  
0.79148394  
2.464641105  
-0.04168908807  
-2.764960572  
1.104390601  
-0.7020627552  
0.2946930894  
1.084050527  
-1.409152856  
-0.1615099655  
-0.7062928178  
-1.374886439  
-1.333162079  
0.3924540328  
0.4217359465  
-1.351057635  
0.8953037883  
-0.07524148899  
0.2022142075  
1.028362011  
0.243209244  
-2.736405487  
1.980109702  
1.589575487  
0.7070302196  
1.582515758  
-1.106130712  
-0.7806331355  
0.1468771463  
0.2980674506  
1.141908337  
0.9843186461  
-1.623946354  
-2.719204355  
0.2028714461  
-0.00287268028  
0.7618130904  
1.548864128  
1.119944495  
-1.314255962  
-1.489184571  
-1.094387207  
-1.364159187  
0.2018158757  
1.953485114  
-2.091187494  
0.2134181819  
2.374933503  
1.006431302  
-0.2255041811  
-0.4693773393  
0.6114463784  
-0.1178984187  
-0.9385082362  
0.1396994911  
-0.488360626  
-1.552937338  
1.708889848  
1.041108215  
1.035881327  
1.965089249  
1.318704786  
0.9541643997  
-0.4647262698  
-1.390337776  
1.62767451  
-0.8428680893  
1.606972388  
-0.3766500594  
-0.2423629682  
-2.138295372  
0.07012191362  
0.9037491359  
0.1183590977  
1.175882163  
-0.8147563011  
-2.267968831  
-2.379393439  
-0.4110837438  
0.6543043112  
2.646054192  
0.5368515798  
-0.6438909891  
0.441064549  
1.56319775  
-0.3531601602  
1.705553668  
-1.284363309  
-2.497722978  
-0.5068832585  
0.6025120584  
1.500662589  
0.590787765  
-1.895813515  
-1.225339879  
0.723616249  
-0.01356625971  
0.2055248842  
0.176955385  
-2.805314939  
-2.01304242  
1.305789309  
1.330327846  
0.9323297336  
1.542682973  
0.4079369659  
-1.7683367  
-2.416346654  
0.4892068291  
0.7226948573  
-0.8565269657  
1.910097601  
1.614988698  
-0.4926278575  
