2.545029474  
1.460540969  
-1.110148904  
-1.625685701  
-0.9932267575  
-1.932746656  
-3.434299411  
-1.636406634  
-0.4485364752  
-0.3844738134  
-1.038005598  
-0.466464237  
0.5184904362  
0.8332883484  
0.694991258  
0.5567246599  
0.4005033409  
1.739732022  
1.583933545  
1.576471148  
2.166961856  
1.412857809  
0.7650098173  
0.2484697456  
1.908112328  
2.964485589  
1.810524062  
0.226822853  
-0.3952271812  
0.3480214419  
-0.9889020036  
-2.706129296  
-4.155760233  
-2.081889265  
-0.1185007673  
-0.1655996195  
-1.080181218  
-0.718432752  
-0.911449588  
-0.8713703914  
0.4851626609  
2.122704462  
3.311903326  
1.119199711  
0.1305546994  
1.135901503  
1.618882418  
1.281774246  
1.801399542  
3.193128918  
1.711799741  
-0.4731717404  
-0.602901633  
-0.4829865337  
-1.674997113  
-3.755269308  
-4.687291197  
-3.613754188  
-2.692359306  
-1.621680469  
-1.639166094  
0.5121138867  
1.882610018  
0.4562443086  
-0.9286340433  
-0.7806217049  
-0.4925327621  
-0.3234696439  
-0.007652486381  
-1.688010889  
0.05709398658  
0.7264792093  
0.6719465936  
0.931824222  
0.976302599  
1.826654059  
2.373292072  
2.91565819  
1.870087418  
0.1015275458  
-1.550033881  
-0.6219761819  
-0.2456043151  
-3.579049586  
-4.039632464  
-2.788087448  
-1.65513697  
-1.937402693  
-1.972511475  
-0.7451950886  
1.164645184  
3.820107189  
3.768151109  
2.538562847  
2.30892957  
2.787670832  
1.597707993  
0.6336903703  
-1.982816931  
-1.703243681  
-1.610926319  
-1.188033197  
-1.864353512  
-2.614681018  
-1.596597424  
-0.1746050095  
0.7893864513  
0.2432655284  
0.6754055817  
1.344574777  
2.021945354  
2.55970251  
0.8933457358  
0.1367380528  
-0.7297505144  
-0.22311314  
-0.4378556302  
-0.4140280833  
-0.910567624  
-1.698608344  
0.05529306338  
0.5234156854  
-0.7481104907  
1.09323739  
1.945877274  
1.118259879  
-0.3719921974  
-0.8852934172  
0.4960820966  
1.50747781  
1.172005017  
-0.412257213  
1.266478872  
1.054988284  
-0.2650443  
-0.9066079123  
-1.448055904  
-0.2589749096  
0.7529055461  
0.37505368  
-2.687601929  
-2.969187042  
-2.229648763  
-2.325904488  
-1.891487625  
-1.163557444  
1.114552626  
2.061019774  
3.121416457  
3.227832541  
3.577714302  
1.608044486  
0.5429039098  
1.319620201  
1.887940686  
2.6003937  
2.896969209  
3.198625709  
2.013801606  
0.4853023108  
-1.852666803  
-4.892615535  
-3.804246289  
-2.584663708  
-2.735676195  
-2.903431991  
-4.492620682  
-2.510287477  
-0.3392559972  
0.9839856001  
1.352017597  
-0.439664698  
0.9343212675  
0.05588848903  
1.005382003  
0.5749292609  
0.2103856204  
1.934389205  
1.093896059  
1.218110827  
0.05353348774  
-1.666372048  
-2.508340884  
-3.236446319  
-2.048452214  
-1.218257753  
-1.3258393  
-1.626925618  
-0.5063015347  
-0.05781563211  
-1.806149886  
-0.7596149707  
1.360428442  
2.374885657  
2.225108408  
2.495520503  
3.945343643  
3.167158834  
3.372208693  
2.278154985  
1.617781715  
-0.4849731506  
-0.2680328811  
-1.033260071  
-3.124802469  
-4.10372998  
-3.070935562  
-1.620676082  
-1.535341394  
-1.0822855  
-0.2403818973  
0.03906937832  
1.93029347  
1.2231486  
1.294549942  
1.436708639  
2.214670694  
2.840319706  
2.0235585  
1.365892729  
1.715133845  
1.95544666  
-0.04567590614  
-2.304098564  
-1.344188987  
0.03899652939  
2.417041569  
1.293599154  
2.188756599  
1.72682811  
0.7276845412  
0.3390747297  
-1.551711402  
-1.216360666  
-1.906847871  
-2.070927739  
-2.576328404  
-3.651241472  
-2.917789097  
-1.948718329  
-1.805354491  
0.3639026379  
0.4965040776  
0.109986524  
1.255212567  
2.012761038  
2.972843674  
2.376888315  
-1.509625062  
-1.965028009  
-2.662902449  
-2.293317094  
-1.654798844  
-1.511206593  
0.002048961801  
0.7159924975  
-0.298975155  
0.9244163022  
0.09099528185  
1.535087166  
2.171410831  
3.05447739  
3.24022061  
2.904891587  
2.768379033  
1.407718374  
0.8125487957  
-0.6148384967  
-0.01227620627  
-0.6215830015  
-0.1351463717  
-0.6514908059  
-2.26132468  
-1.010906544  
-2.268226064  
-1.584662874  
-0.8277058965  
-3.071034508  
-2.915709001  
-2.672012647  
-1.246733146  
-0.37023068  
-0.7016809275  
1.360115448  
0.880313842  
0.6959326548  
1.589063708  
1.354418887  
0.1644239292  
1.398560201  
2.475897477  
4.079260751  
1.936894775  
-2.92270159  
-2.872734389  
0.06312874838  
1.376035821  
1.540611021  
3.467464527  
3.288240053  
-0.6831288497  
-2.425041998  
-3.55989217  
-2.143363062  
-1.407794066  
-1.57690459  
-0.917581536  
1.196875915  
0.3002274184  
1.457405279  
0.8381592838  
1.301462383  
0.6758159908  
0.6828862996  
-0.3386045123  
-1.488163827  
-1.284996737  
-0.8956189307  
-0.7412299187  
-2.337470902  
-1.148403651  
-1.77172626  
-1.001004083  
1.784044809  
1.834126968  
0.7288021267  
-0.1381264708  
3.46581656  
3.421674153  
3.840093036  
3.289024701  
1.354910202  
-0.7241234123  
-1.974528067  
-2.695300239  
-2.896576375  
-2.123037111  
-1.864245587  
-2.477997432  
-1.566944107  
-0.04576077798  
1.289085621  
2.157433079  
0.8964353704  
-0.09634850175  
-0.4327456244  
0.9666113535  
1.215265287  
-0.6356934784  
-0.7610264874  
-0.1856223363  
0.3635538218  
1.028833098  
2.6096702  
2.484163507  
2.584021144  
3.245707154  
4.024972969  
3.350396104  
2.034374746  
1.429786527  
-2.284591164  
-3.524230644  
-2.404518288  
-1.898051062  
-4.49049588  
-4.64950793  
-3.245764413  
-2.88168378  
-2.033863187  
-0.3559723155  
-1.115743421  
-1.265359949  
-1.104953679  
-1.698683062  
-1.909635538  
-3.390184446  
-1.770236832  
-0.7663581172  
-0.8891554222  
-0.371624284  
0.183293031  
0.4577857075  
1.378104123  
1.444860221  
0.3195430232  
0.6481624975  
0.4066995049  
1.312338338  
2.222953896  
2.930175518  
2.61813479  
2.093439804  
1.966372874  
2.110825054  
1.350502743  
0.6013134404  
3.58258133  
2.676808626  
4.823716082  
3.143259093  
-0.7362821429  
-3.885572188  
-3.365638854  
-3.024892304  
-2.516033798  
-2.655462965  
-2.432578724  
-2.168147215  
-1.38498972  
-1.813948458  
0.2839771985  
1.004587386  
0.151256158  
0.6114372612  
2.429209171  
2.472455382  
2.245701842  
1.887641864  
-0.3181765682  
-0.8454492004  
-0.8721866176  
-1.117963517  
-1.33076279  
0.5363765126  
0.6952056662  
0.4957444895  
-0.6715470634  
0.3419671571  
0.7353125308  
1.699463955  
2.623730483  
0.7396381816  
2.438795607  
2.585765704  
3.848098869  
2.164123429  
-1.061957159  
-3.176071883  
-4.643271595  
-2.509422266  
-2.942521961  
-0.8686633532  
-1.813885188  
-0.05774732861  
1.199806202  
-0.7378781955  
-1.59147879  
-0.9154443641  
0.9082156009  
-0.121225713  
-0.2858381307  
-0.6492001829  
1.368142601  
2.070864292  
2.948959021  
1.854611636  
-0.02885222005  
-1.427109273  
-5.209824243  
-5.044694408  
-3.295440639  
-0.5461269975  
-0.4516871841  
-0.4062702319  
1.786550625  
0.2828076081  
2.267306928  
3.666383991  
1.192128818  
0.1395792606  
1.947405422  
1.704200191  
1.060491126  
1.685652332  
0.007914167641  
-0.2146557508  
-0.9813064578  
0.2640722549  
3.287411069  
1.214474036  
0.7735514741  
0.3076625628  
-0.06295889173  
1.312801238  
0.5942721868  
-0.3877898666  
-0.1147482567  
-0.06256577743  
0.1767951629  
2.529415563  
4.548518637  
2.809965756  
1.512976166  
-0.8051496627  
-1.683709484  
-0.9196982679  
0.8029600219  
0.1378444557  
-1.765273353  
-1.643765028  
-2.784482884  
-2.981222302  
-2.286717096  
-1.441604524  
-2.101349833  
-0.7031107612  
0.2271061746  
1.62863652  
1.584245426  
-0.009464035435  
-0.09720694188  
0.7410346836  
0.6051539391  
2.365899641  
3.296404914  
3.278576957  
2.528995861  
3.18607584  
2.714590988  
1.847151785  
3.049224476  
0.7630104413  
-1.713852601  
-1.451954987  
-1.27871825  
-3.482419049  
-3.217963865  
-2.248013865  
-1.30651341  
-0.923870012  
-0.863764446  
-0.2194877778  
-1.507287083  
-0.7233284469  
-1.294605757  
-2.534983552  
-3.608206389  
-4.388522735  
-3.436892947  
-1.322983923  
-1.180643193  
-0.5648995342  
0.6212320516  
1.497579501  
1.9949117  
3.132896402  
2.084281382  
2.070493743  
1.239650599  
1.026367687  
3.019032009  
2.969491657  
2.692412928  
0.2906300223  
-1.880078498  
-3.30876912  
-3.362501363  
-3.602950342  
-3.354661808  
-3.33932329  
-2.041451927  
-1.737251897  
-0.498837278  
-0.4111863127  
-1.52239696  
-1.407638245  
-1.357869448  
0.5913248814  
1.507762416  
0.07066952778  
-2.687449068  
-2.463661559  
-2.024959546  
-0.8888657709  
1.250126379  
2.332388935  
1.777940906  
1.703390626  
2.217777327  
1.276655786  
1.271751388  
2.865944223  
2.189210421  
0.9909964194  
1.752636375  
0.6173872417  
-0.3117270143  
-1.697839391  
-3.554296629  
