-1.307618547  
-1.272007392  
-1.119292976  
-2.577230357  
-3.130181888  
-1.105867797  
0.5349604825  
-0.3512021903  
0.1466489951  
1.405959144  
-0.1250410845  
0.5244506559  
-0.2944003625  
1.686523281  
3.431492307  
2.705520443  
3.186893726  
2.449725799  
2.137553115  
1.428614914  
-8.862537343e-05  
0.9296911973  
0.7654381451  
0.02847332096  
-2.00080009  
-1.581068224  
0.1942106449  
-1.643709062  
-3.590770007  
-3.29219038  
-1.17066257  
-0.09877467209  
-0.354729737  
-0.05270455354  
1.364037143  
2.022878804  
1.79137846  
0.9701574886  
1.645334146  
1.876508373  
0.7280721575  
-1.237365967  
-1.478535188  
-1.058656829  
-1.054446059  
-2.008664571  
-1.026750596  
0.1944459981  
0.3996902179  
0.4225799489  
-1.000543384  
-2.324055804  
-2.159633265  
-0.7997346588  
0.1644461015  
-0.7833467987  
-2.619511146  
-2.388386888  
-0.6684137148  
1.324607614  
1.618370866  
1.224117802  
0.6553119529  
1.663629868  
0.7169580394  
-0.9562016389  
-1.186589789  
-0.4299912483  
0.1752268387  
0.4152513838  
-0.4506758227  
-1.42449551  
-0.07518859006  
0.1296205518  
0.7104584633  
0.5924414685  
0.7312751703  
1.526325003  
0.988742605  
0.1608866744  
1.120105657  
2.114984418  
3.018161992  
0.4799629215  
-1.12417916  
-0.8550170828  
0.1639416828  
-1.504287322  
-3.449524302  
-2.366412216  
-0.4763674843  
1.024089745  
1.285163239  
1.529930703  
0.3204774353  
0.2762931989  
0.6758020586  
-0.8677185473  
-1.182874581  
-1.56194168  
-0.5669185487  
1.253434237  
-0.2929141422  
-2.243839924  
-1.731755864  
-0.06661772185  
1.633399697  
0.5152188972  
1.721353091  
2.501491297  
3.071337156  
3.711853467  
0.9320791745  
0.110937483  
0.7988923204  
0.6409091972  
1.283668089  
0.9375850263  
0.6955391979  
0.2280862197  
0.05433773978  
0.1291534058  
-0.8363081747  
-1.81368729  
-2.136724162  
-1.490696456  
-2.939645513  
-3.053331225  
-0.8424856673  
0.3428597874  
-1.360701276  
-1.190503564  
-0.003248117234  
-0.02967572761  
1.179937601  
2.07485864  
1.478940755  
0.006547377599  
-2.63950286  
-1.561651939  
0.1591559642  
-2.555522533  
-2.377385794  
-0.2138782222  
0.2633994193  
0.02423449269  
0.3476585058  
0.4310549211  
0.8032324705  
1.441467774  
2.227312282  
0.1285641208  
-2.004715164  
-1.197234735  
-0.2351827483  
1.520567203  
2.449450122  
1.988294686  
1.757852133  
1.679353986  
1.164147831  
-1.365374035  
-1.50912536  
-1.033599621  
-0.05616290905  
-0.04344154651  
-0.990100891  
-1.856312392  
-2.608479096  
-1.529737326  
-0.5284454642  
0.6981023323  
1.033194723  
1.175539746  
1.960496501  
2.20999973  
1.633770996  
1.04744961  
-0.2182729378  
-0.1096584705  
1.168892041  
-0.4424662306  
-3.456580101  
-3.492473441  
-1.278374764  
-0.5118856567  
-0.7581743195  
-1.03863022  
-0.3268437938  
0.0160472417  
0.06914475998  
0.5019580643  
1.150646223  
2.608239008  
2.579701527  
1.45706174  
-0.05312992744  
-0.2330787158  
0.7448055995  
-0.1198972108  
-0.999333411  
-0.9338512589  
0.952489402  
0.2291866495  
-0.03479984376  
0.07203425805  
1.641891031  
2.565258918  
1.318703453  
-1.187745754  
-1.577588662  
-0.2637164305  
0.1745568691  
0.03289953495  
-0.5687635283  
-0.2221518475  
1.17085596  
1.039090406  
-0.7843764644  
-3.044027113  
-2.375321734  
0.007637342244  
1.035406731  
-0.7649514053  
-1.777768912  
-0.5554902994  
1.228835245  
0.8002404314  
-0.1019838786  
0.8252135101  
1.883210501  
0.5542759644  
-0.4940804174  
-1.956832368  
-2.377834275  
-0.6827873341  
1.425501002  
1.776514254  
0.9618229078  
0.8442043488  
0.6035237569  
0.02737888395  
-0.6604649606  
-1.991803428  
-3.135296303  
-2.102612441  
0.002227211601  
1.690680834  
2.313424613  
1.68536049  
1.514744388  
2.493090433  
1.826103249  
0.5423024429  
-2.349046154  
-2.037625695  
-0.06523209205  
-2.016686045  
-1.190556618  
-0.4876935279  
0.3615753111  
1.897960484  
4.041577753  
2.511162343  
0.5378680226  
-0.4063364392  
-0.9998579747  
-2.092572476  
-1.83579572  
-1.832480769  
0.1674810816  
0.1879303071  
0.4534267889  
0.4171734501  
0.5228855902  
2.109158169  
1.148485846  
-1.191429292  
-2.752647288  
-1.402675537  
0.4586128028  
0.3674936203  
0.5706975717  
0.3141973984  
0.7848775259  
1.550407148  
1.380796471  
1.749602818  
1.155316944  
0.8151192295  
-0.311131579  
-1.459900446  
-1.854646238  
-2.003731612  
-0.8476599398  
-1.070198261  
-2.908451158  
-3.402146127  
-1.50243236  
1.003184238  
-0.4709457098  
-0.5110066207  
0.2035792659  
1.76905273  
3.075679975  
2.898353828  
2.338123243  
0.7793282197  
0.8222421117  
0.6683455478  
-0.08725768644  
0.4613813117  
-0.6589977823  
-2.464077224  
-1.334410447  
-1.894413478  
-0.9193699059  
0.04724891933  
1.259547927  
0.9115493584  
-0.09988369188  
-0.3178980841  
-0.2011487313  
2.060553796  
2.105244397  
1.577956699  
1.110848383  
0.9284124424  
0.6832154851  
0.4749747855  
1.486827678  
0.09352578329  
-0.6165292965  
-0.1421172052  
-0.1750163659  
-1.937905868  
-3.379977078  
-1.961793664  
-1.118633921  
-0.1622445265  
0.8407406294  
2.374497079  
2.381467066  
0.5141929121  
-1.27623276  
-1.676747304  
0.4624302243  
0.8263502961  
-0.8894653097  
-2.781381567  
-3.521887903  
-1.600441207  
0.3778171175  
0.7746929422  
1.539956602  
1.659781073  
1.642628195  
1.165783647  
0.9686198759  
2.055026338  
0.6148053282  
-0.8681130228  
-0.3986819558  
0.1104867194  
-0.6695329925  
-2.304902456  
-1.310975744  
-0.8360352706  
-0.4917773556  
-0.6863775047  
-1.318928975  
-3.401744228  
-2.158339597  
-0.7347285979  
1.149718951  
1.28812528  
0.3028898516  
-0.1313035128  
-0.9439722902  
-1.467755658  
-1.137260671  
-0.3882303482  
-0.1645882519  
0.8157259035  
1.446672812  
0.00635634236  
-1.40765849  
-1.618754894  
0.8674311344  
2.249130688  
2.090627585  
2.409698806  
3.008881725  
2.853831966  
2.211034848  
0.1563907949  
-1.541197214  
-2.643176978  
-1.193866098  
0.1776099255  
-0.1269825969  
-1.726239159  
-1.445179028  
-0.3517988936  
-0.09302417002  
0.5883061021  
0.8431790037  
0.3916492615  
-0.8418646921  
-1.530500499  
-0.2550983279  
2.084971458  
1.658171699  
0.6844636564  
-1.059507663  
-1.613218182  
0.1251891021  
1.904198123  
1.487066184  
0.09157250299  
0.6770179031  
1.020100415  
1.492156915  
1.738067084  
1.512204707  
0.05315506462  
-2.488663905  
-1.858337426  
-0.8016853774  
1.068680278  
1.739794657  
0.08909435573  
-1.593398493  
-2.232592842  
-2.597266736  
-2.666472619  
-0.566710819  
-0.9226031679  
-1.050246054  
0.9711537898  
2.558227066  
1.900596259  
-0.4418737649  
0.4273626969  
1.108785186  
0.8283164449  
-0.8194148979  
-1.108138138  
0.257267495  
2.361718764  
1.3074127  
0.3348189198  
0.05171989472  
-0.3282880075  
1.222331431  
1.930056247  
0.3472686765  
-0.8441172753  
-0.5130323857  
-1.815822189  
-3.056328922  
-0.9627315616  
0.6353562321  
0.4818367148  
0.6374534394  
1.548697388  
1.177874286  
1.365080562  
0.5355442983  
-0.925142269  
-0.1997394619  
-0.01164303024  
-0.7231125497  
-1.183890112  
-0.7462355566  
0.9877632139  
2.007523795  
1.594518186  
2.08112581  
2.26005408  
0.9942047312  
0.8296239496  
0.3839560329  
1.167189575  
1.664320835  
1.52022707  
-0.8547810084  
-2.928206014  
-2.613724259  
-0.2708493495  
1.841144879  
1.922829035  
-0.8364103279  
-2.978001428  
-3.770167785  
-4.632953991  
-2.30943098  
0.2515297775  
0.0006523756174  
0.6545245582  
1.152514733  
0.9919628122  
1.234810356  
0.1144549061  
-1.058426472  
-1.31249629  
-1.336358007  
0.1915301477  
2.042030313  
2.935034322  
1.682885459  
0.9961124657  
0.526083511  
0.3566425331  
2.261044151  
3.382799046  
3.008021924  
1.663087026  
0.8352985339  
0.5517817689  
-0.5644147227  
-2.260807738  
-0.9645043442  
-1.203187371  
-0.8750287439  
-1.713666965  
-1.750354514  
0.9975162213  
1.280922668  
-1.019524955  
-3.283373783  
-4.360653725  
-1.841065756  
-1.380102718  
-0.5332909484  
-0.5182934692  
-1.838195276  
-1.846909661  
-1.388502166  
0.4336493061  
1.001161933  
1.558372948  
0.2022496958  
-1.397228316  
-2.616911812  
-0.681806032  
1.557833276  
0.4540903643  
0.4683722313  
0.7286363935  
1.378166421  
3.414449446  
2.885682163  
1.109570104  
-0.5760107355  
-0.5979360076  
-0.5188633718  
-0.617849645  
-0.01319159631  
0.08180961578  
0.2176683243  
-0.905784407  
-0.3823420946  
0.6636928584  
-0.450058124  
-1.01483438  
-2.410416546  
-3.482340707  
-2.091834857  
-1.757239266  
-1.184241872  
-0.04355450516  
0.6177649576  
1.021466094  
2.581286056  
2.960570284  
1.893810159  
1.959509256  
1.68642481  
1.379338526  
0.01972606187  
-0.02908876834  
-0.5532001588  
0.004416561232  
-1.064176293  
-1.551100469  
-1.100146518  
-0.3259129896  
-0.09375706393  
0.1193890352  
