0.5323536972  
1.078507385  
0.4788881282  
-1.661796207  
-1.605518398  
-0.3470280218  
-1.759416174  
-1.423224897  
-0.3580312261  
2.13101195  
-1.973629263  
0.4635839827  
0.4587120207  
-1.045844411  
-0.3415010415  
0.271901437  
0.8286160857  
1.45112131  
0.2528107434  
-0.3516041974  
1.777984742  
1.442515682  
-0.6595683503  
-0.09540152779  
1.330995116  
-0.003485836908  
1.426450256  
2.307360407  
0.3580634416  
-0.7446398234  
-0.5339647508  
0.3950453205  
-0.3595727143  
1.510984323  
1.526454072  
-1.101055085  
0.5411234626  
0.2234202218  
-1.110655627  
0.1941470717  
0.05437565984  
0.05035170772  
-0.08057627936  
-1.312454541  
-1.408631945  
-1.89036129  
-1.543232157  
0.7168540643  
0.7879930805  
0.2788717461  
-1.08932168  
-2.04666602  
-2.538245524  
-2.037306114  
-0.2210519316  
0.8404108373  
-0.3099371301  
1.764645077  
1.104230257  
-0.7332695651  
-0.4642421868  
1.196666398  
-1.329804685  
-0.9408482106  
0.06540217971  
-2.227485403  
-1.052323919  
-0.7399198836  
-1.074942742  
0.4357306575  
1.384501566  
-0.9260128996  
-1.092389765  
-0.3330322705  
-1.758859841  
1.174236342  
1.531206574  
-0.05648519637  
1.778179492  
1.917329633  
1.015960643  
0.2071797958  
0.2329659013  
0.8031858494  
1.350978708  
-0.3716995228  
-0.3553960612  
0.2700665377  
-0.5570809803  
-0.07042436771  
-0.5236778239  
-2.199676959  
-0.3067704512  
-0.1059252601  
2.51772349  
0.1838368733  
-0.6855734102  
0.6751409649  
-0.3668880015  
2.113447857  
1.3540876  
1.446679991  
0.6213845845  
-0.7614128129  
2.110646447  
0.5062599482  
-0.790326241  
-1.474995159  
-1.345002408  
1.009599792  
1.11031133  
2.290820669  
2.447832243  
-0.3677278765  
-1.540549372  
-0.6138270872  
-0.1944309248  
1.138591827  
1.299596836  
0.7993407347  
0.01284148933  
-2.027969711  
-1.000403572  
0.4201145978  
-0.6612575108  
-1.499109526  
-2.874775771  
-2.112841759  
-2.827341437  
-0.8180310492  
0.9046361518  
0.7426531664  
1.864101117  
0.2279777731  
-0.953158453  
-0.3756588359  
-2.691014648  
-2.065312676  
-1.813330382  
-1.348218936  
2.858113285  
1.079308339  
-0.9501223542  
-1.834888891  
-1.145180699  
-0.9087235782  
0.2544116964  
-0.8513495896  
0.9534076907  
0.7708054816  
1.976343412  
3.36145343  
2.530787147  
0.5893380614  
-0.6242706271  
-0.7832001738  
0.5671983188  
0.161580062  
1.491823604  
1.371555692  
0.5727197867  
1.180330628  
-0.09953802  
-1.089918162  
-0.1505907028  
0.6189865446  
1.101912568  
0.8182378691  
-1.805963818  
-1.997385555  
-1.221137677  
-1.746703027  
0.1538349828  
-0.7076693146  
0.1559950025  
-0.3507653242  
0.7410524636  
-0.06558545723  
0.9273248495  
0.8663700048  
0.9804435995  
0.9783611134  
0.8388453666  
-0.4725853903  
-1.427169667  
0.5488824062  
-0.9166329743  
-0.3434333559  
-0.3255396764  
-2.156577419  
-0.5824277708  
-0.5512199339  
-0.4004802646  
0.09182207522  
0.06434057274  
0.1848862714  
1.060470923  
0.5717402731  
2.960719328  
-0.4627351871  
1.988357211  
1.444445429  
-1.165603895  
0.3493092986  
-0.01698978154  
0.5315146547  
-0.586405087  
-0.8615329641  
-0.8062131972  
-0.9191688571  
0.9492058904  
1.183870428  
-1.307238636  
-0.7974400051  
0.6864987161  
-1.715117092  
-0.7766984388  
1.108535122  
-0.1195269039  
0.2729567324  
-0.5850442139  
0.3225929678  
1.052985918  
1.786786659  
0.3242200236  
-1.837137849  
0.4056844797  
-1.175488971  
-0.4676587012  
0.2921488593  
0.9429126589  
-0.8178153604  
0.03103161402  
1.140253627  
-1.176697446  
-2.273704777  
-0.5902875885  
1.290117714  
0.7593816979  
0.1967390204  
1.475062019  
-0.07091905803  
0.6249879483  
-0.7504523923  
-0.4767071257  
-0.5384533382  
-0.7714553129  
0.2147620314  
0.5134565358  
2.004748675  
1.423418588  
0.5333589483  
0.23488671  
-1.275470296  
-1.081223117  
-1.188696013  
1.42680121  
-0.1892684584  
-1.489171153  
-0.1366163335  
-0.9077222026  
0.6825483927  
1.591369884  
1.937478253  
3.306362649  
2.891759842  
0.8865516736  
0.3051425599  
0.00461616552  
-1.467365958  
-1.760977015  
-1.490085873  
-1.893036082  
-0.6215599483  
0.4025337488  
2.642241568  
1.289199747  
-1.053378634  
-0.852086052  
-2.232705444  
-0.113612118  
-0.1148160155  
-1.99992545  
-1.470722117  
-1.102664705  
0.9425524153  
-0.3666778506  
-0.274338481  
-0.4252738781  
1.232585401  
0.7733023226  
1.760286282  
3.762754624  
-0.528560641  
-2.052065657  
-0.269852018  
0.9642377601  
-0.6366792517  
-0.4066619902  
-0.1080284619  
0.5505756692  
-0.3093203193  
1.72434671  
0.9002486409  
0.5644599412  
-0.1437272142  
-1.315079776  
0.04547178909  
-0.5825369583  
-0.8912380504  
-1.426920979  
1.759200047  
1.768560278  
-0.3527697972  
0.1901345888  
-1.501857146  
-2.122491004  
-0.8881459129  
0.1465095283  
-0.4172233098  
-0.4887972101  
-2.332318338  
0.2681306948  
-0.1757430442  
1.058354952  
1.250059436  
0.4221229814  
0.9624666315  
0.9728330132  
1.501811671  
1.177445861  
0.281076556  
-0.6317198797  
-0.6147855758  
1.229038793  
2.871313042  
1.168995449  
1.677667575  
-0.06432596634  
1.411046581  
-0.4763430415  
-1.355310383  
-1.250384825  
-1.008756173  
-0.6967746885  
-1.74292924  
0.05982611147  
0.6180659872  
0.2255667853  
-0.8674341116  
-1.000976988  
-0.8063244134  
-1.419362983  
-0.5158161526  
-1.137393877  
-1.145781468  
0.662280636  
0.578416198  
1.272068922  
2.379968409  
3.134094179  
1.033670909  
1.197067969  
0.4428010091  
0.4553674796  
-2.294499096  
-1.800539623  
-0.07979540787  
2.368571829  
0.5774082781  
1.486522738  
0.1788080889  
-0.6989190105  
-1.602319018  
1.141583521  
0.293198553  
-1.287793384  
-1.509036515  
-1.785448979  
-3.192948741  
-2.511943784  
-2.360959135  
-0.0430982576  
-0.6894646527  
-1.672197136  
-1.999246769  
-1.944750421  
-2.193509343  
-1.723341329  
-0.6158673928  
0.3666217943  
1.181110879  
2.62561438  
3.670138975  
0.9682552744  
0.6095108707  
-1.298201585  
0.7091558474  
0.6893987467  
1.430374577  
-0.03710381687  
0.8856212677  
-0.4213076305  
0.1383314411  
0.1549374032  
-1.404964006  
-0.8145414913  
0.5765883819  
0.5837530527  
0.6691682484  
1.076923759  
1.937729509  
-0.5947797298  
-1.133564113  
-1.481377032  
-0.7903070006  
-0.497403388  
1.580376746  
1.689385307  
2.665267575  
1.161537086  
1.94635244  
-0.1643403032  
0.6535027996  
0.5510750925  
0.2758633371  
-0.1291254658  
1.610713593  
1.321487829  
0.4710046907  
-0.3385257412  
-0.0008090418855  
-1.584507022  
-0.02947612695  
-0.9734403175  
-0.4812049322  
-0.3125570308  
1.660362949  
0.6520439739  
-1.267173399  
1.24001715  
-2.059772652  
-1.667269452  
-1.475284542  
-1.676225352  
-2.741161661  
-1.262346768  
-0.3492223066  
-0.2081013021  
-0.2919001109  
-1.274711358  
-0.4400555137  
-1.188905963  
-1.380162875  
-1.897082115  
1.125714162  
2.713644924  
1.911103437  
2.010353297  
0.3879480267  
-0.6129142397  
-0.8354071644  
-0.7654772156  
-0.1771835106  
0.4821235053  
-0.283212151  
0.3177716583  
1.136258275  
1.655239159  
0.524281754  
0.1454669155  
1.117997345  
1.206550479  
0.9317522534  
0.01089290886  
1.902181984  
1.612458675  
2.22386246  
1.017914209  
0.2015302478  
0.7739565549  
2.608622013  
1.322609213  
1.08311531  
2.16028083  
1.803912463  
-0.2130724898  
-1.113824363  
-2.712104051  
-1.112331475  
0.4447826279  
-0.7364331535  
0.02479376759  
0.9069864099  
-0.6553859354  
-0.4914494868  
0.1724229153  
-0.09252303052  
-0.4947484225  
-0.7779268366  
-1.26813392  
-0.7165664407  
-1.084519591  
0.7678863381  
-0.1759024406  
-1.041831639  
-0.3257761736  
0.9591881873  
1.562980407  
2.171257503  
1.48939491  
0.7330771836  
-0.8033425505  
-1.303288972  
0.3435970489  
1.137567515  
0.4547615194  
-0.6278985091  
0.2074264618  
0.5515083424  
0.8782629511  
1.249433828  
1.090917806  
-1.526641495  
-0.8586416425  
-0.1433411811  
0.7714792924  
1.463204339  
0.2237548243  
-0.4813615518  
-3.273539396  
-3.12943026  
-1.187947974  
-0.8459619254  
0.3010210658  
0.73451142  
1.368930449  
-0.1155999343  
-1.061503979  
-2.90000633  
-2.773023833  
-1.955213187  
-1.685989368  
-0.1848924484  
-1.0439292  
-1.020444708  
0.7139710872  
-2.348561967  
-0.9254332984  
-1.395550913  
0.423215931  
0.710247419  
1.993565564  
2.329040064  
0.5271300389  
0.9089355276  
2.574774632  
1.902366525  
0.8848447356  
0.906694619  
0.3443684963  
0.008274047675  
0.2733446832  
-0.727120812  
-3.464960186  
-2.578941739  
-1.436576705  
-1.335576623  
-0.845320073  
-1.890884925  
-1.360985329  
1.29562256  
0.9161257163  
0.3328928127  
-0.3692330856  
-0.3241127349  
-0.624061319  
-0.2226198586  
1.075415589  
1.660231008  
1.088021735  
1.516253479  
1.754956308  
-0.4466483919  
-0.9672019306  
-0.08209771037  
-0.7729466251  
0.3471832086  
-0.2805303284  
0.1767006893  
