2.455202542  
2.392421145  
-0.6035471683  
-4.217014641  
0.2487965038  
1.978171516  
-2.504613542  
0.7878127967  
2.085914343  
-0.5373863371  
-0.9682009175  
1.676628096  
0.06097695274  
-2.552282124  
-0.6106918559  
-1.289311129  
1.018866855  
3.043248535  
-2.147137151  
-0.5317036647  
2.618761781  
-0.2949371892  
-3.910096551  
-1.428446529  
1.664459218  
-1.079686839  
1.512235648  
1.827682458  
-1.197980389  
0.5275113929  
2.755828025  
0.9780052818  
-1.670057022  
1.18356668  
1.244368984  
-3.515364942  
-1.183178177  
0.9749096404  
-1.714877217  
1.184597477  
-1.21073114  
0.8816187305  
2.436675442  
-2.173395606  
-2.798520213  
0.1028087499  
-1.865374216  
1.099620582  
0.5669204781  
-3.4612935  
-4.286346017  
-1.181233674  
2.0053004  
1.973345214  
2.867535599  
0.01128037998  
-0.3344064507  
1.846716326  
0.7972941848  
-3.617148435  
-0.6684283595  
2.334679209  
-3.003209974  
0.2413037923  
1.70006125  
-1.870131578  
1.154419636  
2.292538674  
-1.764658849  
0.3065715472  
2.543458572  
-2.527679184  
0.7948811406  
1.600148362  
-3.538467329  
0.2372007832  
2.513322882  
-3.177980516  
-0.1993850019  
0.04616113646  
-0.6062491388  
1.648969932  
-2.52202793  
-0.3541587864  
3.297902755  
-2.424042995  
0.7083331079  
1.546393098  
-3.381110627  
0.6987123394  
2.446483673  
1.285512106  
2.037085592  
0.7458336577  
2.265779801  
-1.544683278  
-0.6880218327  
1.328832407  
0.1703280943  
1.569111629  
-2.207589802  
1.206873649  
-0.7126696158  
0.1557382831  
2.297322501  
-0.4631455452  
-2.750618703  
0.1993605246  
-2.359353366  
0.9689468878  
-0.5977575933  
-0.9454031082  
1.223375133  
-0.4176972477  
1.207645861  
2.911151631  
-2.466499837  
-0.4506144686  
0.06434705632  
0.636657993  
2.066366171  
-3.167819426  
-0.8353590477  
2.48566895  
-2.909615855  
-4.356345281  
-1.06661073  
2.08961131  
-1.877118198  
1.06689994  
0.1797665826  
0.3188385706  
1.511369857  
-3.629786756  
-0.4379310176  
0.9295065562  
-3.575089944  
-0.1485074378  
1.924381215  
0.7500430889  
1.673398061  
0.4483454835  
-2.731103824  
1.073266437  
0.4600570496  
0.8232729678  
2.983150831  
1.891514517  
3.050794603  
2.262076281  
0.3387181071  
-0.5644964703  
-1.674831712  
0.09990890556  
1.737003533  
-3.057332288  
-0.09984580668  
-2.646324542  
0.05847134589  
1.382142531  
-4.476158669  
-1.057653867  
2.643554539  
2.29270317  
2.684670508  
-2.675188724  
-0.19945911  
1.763180178  
-3.000971181  
0.9906909582  
1.165793263  
0.8241947811  
2.453470723  
1.694971014  
2.153543631  
-1.80702623  
0.6411870602  
-2.498560376  
0.6297124188  
0.7838827867  
-3.28733345  
-0.6296951187  
1.533417636  
-2.243181685  
0.565306743  
2.141496462  
-3.436897143  
-0.5978081866  
0.3541400012  
-2.729536359  
-0.4697083521  
-1.806407672  
1.489247864  
-2.832337649  
-0.8526198969  
2.370794418  
2.524451428  
2.150856048  
2.134290786  
-2.670144551  
0.4643197985  
-1.65444875  
0.4918908657  
1.771122981  
-1.412034752  
1.060833452  
1.338279179  
-3.350768825  
-0.3723320367  
-2.568851202  
0.6823575986  
1.813351161  
-2.829740459  
-0.6019248129  
2.039742471  
-2.974253674  
1.16371345  
2.431595154  
-2.676528579  
0.4875144388  
-0.7793336025  
-0.5406593697  
-2.303655517  
0.4979932024  
2.674632168  
2.666262948  
2.344238798  
1.740918702  
1.418700924  
-0.2833793223  
1.849726289  
-3.276034805  
-0.7710671826  
1.965470568  
-3.118938661  
0.3262656309  
-2.450208008  
-0.1431443332  
1.825395139  
0.6033635906  
1.544102801  
-2.358479134  
-0.1557641304  
-2.93002873  
0.203686651  
0.6979543944  
0.8920693758  
0.9776785064  
0.1213304553  
0.6230139392  
-2.897042419  
0.8636176636  
2.169346045  
-2.216447216  
1.415601087  
-1.753945614  
0.9123171641  
-0.199402706  
0.4211727578  
2.4421259  
1.963446812  
3.161671348  
1.805338607  
0.01041263825  
-0.2845233687  
-1.646116066  
-4.090596188  
-0.3015119111  
0.4023749795  
-1.886596126  
2.452218582  
-2.029693457  
-0.2574899529  
1.346676062  
1.238366913  
3.135142619  
-3.057871609  
-0.297040406  
1.632849319  
-0.9923003696  
2.447537735  
0.446338424  
0.482150987  
2.611116244  
1.655940627  
3.224800105  
-2.048625371  
-0.3847319297  
-1.721122753  
0.4237250675  
-2.021189476  
0.4444117886  
-0.700357023  
-3.735158874  
0.03781251056  
-0.3864503133  
2.076973256  
-0.8998716171  
1.802323505  
-3.534215592  
-0.6213723049  
-1.816179648  
0.5232354112  
0.1147282329  
0.1908199924  
0.8926790709  
0.7101342994  
1.709329686  
-2.041349554  
-0.2495303718  
-1.783612957  
0.6440627335  
2.761457207  
-2.582603623  
0.4586653801  
0.423359859  
0.3629828112  
2.189527535  
-2.30597741  
-0.02482464913  
2.459684196  
0.2134100377  
1.879776127  
0.9947635731  
-0.2457420929  
-0.1902951731  
-1.496797547  
0.2219266524  
0.09974683396  
-1.622397712  
-0.1589484303  
-0.688102092  
-0.3085952398  
0.4227339434  
0.3136126267  
-0.2598497098  
-0.08444643315  
1.748815949  
-2.141383667  
0.4833125813  
0.1212087787  
0.9198705895  
0.4702841436  
0.8655827821  
2.273783655  
1.241203258  
2.790050341  
-3.337811751  
-0.9251133568  
-1.680368653  
-0.3488230553  
1.363503806  
1.071269423  
0.795059914  
0.7689896267  
-1.493396505  
0.588929987  
-1.472170187  
0.3064662014  
-1.688336861  
-0.5324334027  
-2.401567404  
0.2804833375  
2.598669022  
-2.250739472  
-0.01238845864  
1.465476151  
1.035573129  
1.62988092  
0.7615363216  
1.285901025  
-3.11075995  
-0.9492635056  
-3.46390754  
0.7028365784  
1.017144974  
-2.177044113  
1.428430708  
0.4650524975  
-2.571706944  
1.198370056  
-2.869487183  
0.4768610565  
-0.6595367963  
-0.451086508  
0.02288899734  
-0.1023407553  
-0.06258921787  
0.4711061485  
1.061952517  
-0.5734366565  
-0.5782115285  
1.639679472  
2.616020076  
-1.240844462  
0.2681874524  
0.2733163144  
2.547859988  
1.12419872  
2.162443233  
-4.282958092  
-1.151539995  
-2.42026686  
0.03981594214  
-2.535244555  
0.1946003917  
-1.487422692  
-0.5776885766  
-1.55395416  
0.3700416549  
-1.614946085  
1.484484191  
0.5137243376  
0.5205697132  
-1.440751308  
-0.02328984464  
0.5919161988  
1.282998566  
0.2837451908  
0.9636875608  
0.3432156692  
2.57502724  
1.060536399  
0.8231943892  
-0.09632508547  
1.082704382  
-0.08026597411  
0.3959248995  
-0.03601953187  
-0.2727902219  
0.1025916751  
0.7094128174  
-0.09881828954  
1.741539803  
-1.621951869  
0.8726675392  
-3.551100212  
-1.364581523  
-1.120606759  
0.3229742298  
2.095257975  
-0.9100588741  
1.006000705  
0.3032847395  
1.966093223  
-0.7269393311  
-0.3764128946  
0.5370434266  
1.359662743  
0.4781331374  
-1.937851838  
-1.104071659  
-2.538562461  
0.2445779949  
-0.1304076054  
-0.448523604  
-1.141196165  
0.3283005015  
-0.7181065952  
-0.6976330584  
0.09971325372  
0.158740757  
0.2448771063  
0.1154082249  
-0.9359826641  
0.7401421665  
2.110642215  
-0.2693574628  
-0.9696076667  
-0.1019688482  
2.500610911  
-0.1354960225  
0.1399637113  
0.9993009095  
-1.441405687  
-1.017088769  
1.165021018  
2.536889264  
1.515746858  
1.125135055  
-1.230120861  
-1.007900755  
-0.2058523343  
1.949827435  
-0.09736763353  
-1.111211169  
-2.615030751  
0.1709450948  
0.642531916  
0.6350232038  
1.11478495  
-0.2068908325  
0.1356042037  
-0.2238361883  
-0.2494204395  
-0.5838330159  
-0.3348282249  
0.376160866  
0.007620792188  
-1.229503731  
1.223763783  
2.69896073  
1.621314839  
-0.9816939276  
-0.9753962612  
0.2217772324  
0.6900095107  
0.02701157359  
0.0301131922  
0.3024115796  
-0.8015616827  
-0.6152583105  
0.7952432271  
-0.05923260213  
0.3217676755  
0.3494586931  
0.265433427  
2.582548273  
0.6489116147  
-0.6055060042  
0.8031078318  
-1.785219385  
-0.8257700708  
1.183366109  
-0.1190789891  
-0.5326923311  
-0.7407774183  
0.6433913656  
-3.465232971  
-1.124808823  
-0.0671893046  
-0.1850688952  
0.1101409919  
-1.84607039  
0.07221731918  
0.4724597672  
0.2920216106  
0.4780218919  
2.122592889  
1.170361193  
-1.515222407  
-0.2704068664  
1.411681187  
1.267936878  
1.493898829  
0.04174916487  
1.0032251  
-2.396097759  
-0.9715341964  
-1.003022039  
0.4609937265  
0.3716123947  
-0.5942251955  
-0.5323675443  
-0.9071653877  
0.1617235191  
-0.1057894265  
0.2823605797  
-0.9118231072  
-1.259396675  
-0.5398005012  
1.100143133  
1.272711032  
-0.328821103  
-0.002273765514  
-0.7601357141  
-0.5455559352  
-0.9136276687  
1.286773148  
1.233179935  
-1.239917247  
-0.8462341903  
-1.902723469  
0.01424594644  
0.3430525767  
1.396802189  
2.811600888  
1.594871067  
-0.9355648973  
-1.986140007  
-1.177060896  
-0.3008215509  
0.06832503203  
-0.7246028731  
-0.4943351716  
0.2425725982  
-0.3012926384  
1.240681714  
0.4947288477  
1.011589125  
