-2.747620603  
-1.401192773  
-0.464747346  
1.419505905  
-1.020288178  
-0.5987103407  
0.6632457519  
-0.7893123365  
1.511183116  
1.16205885  
-0.09697057022  
-2.259745618  
1.816592523  
1.257237359  
-1.221979791  
2.520527998  
-0.5675746748  
0.4498959525  
2.005692379  
-0.586851149  
-1.626905207  
2.081702462  
1.576689878  
-1.086361356  
1.500042597  
0.569440712  
-1.205036752  
-1.278312237  
1.703611121  
-0.9228827388  
-1.726474793  
1.116500473  
-0.3874453389  
-2.188292908  
1.264597309  
0.6780669414  
-1.747968791  
2.342873409  
0.4628593794  
-1.165455457  
1.800513229  
-1.505044559  
-0.6202824926  
-0.3940948299  
0.5963519561  
1.281202381  
-0.3847888783  
-1.170777471  
1.2565633  
0.6460053196  
0.5213787408  
-0.1949974144  
1.366627619  
-0.9980041623  
-1.821443956  
0.5403003872  
-1.096681482  
-2.257984847  
1.318633916  
0.2434976686  
-1.384823948  
0.8590877074  
1.663794841  
-0.1249550608  
1.961460536  
0.9782156826  
-1.987010466  
1.45578808  
0.6013740862  
-1.350243056  
0.8368658681  
0.5111263782  
-1.159997291  
0.8920969759  
0.7561255046  
-1.886686737  
1.289207125  
-0.7448898864  
-2.454754499  
1.542444124  
0.1430306  
-0.1735259881  
0.5863043317  
-1.220085674  
-0.4953117782  
0.7105892358  
-1.102638586  
0.3420071873  
1.18346242  
-1.100660547  
2.216540695  
-0.6700339827  
2.410711971  
-0.809887736  
-2.406140362  
0.4232087615  
-0.4533497115  
1.30199267  
-0.5680312129  
0.3256665783  
-0.8403070873  
-1.627255789  
1.299426774  
-1.147238776  
-0.816586066  
1.858752225  
0.7180483293  
0.09737060139  
0.736912365  
-1.976646234  
0.7465785927  
-0.5450394777  
-1.49198597  
1.629129889  
-0.4114448817  
0.4580094945  
0.4876515268  
-1.222562052  
0.9870777986  
-0.577016828  
1.364852998  
0.1170778395  
-1.011225267  
1.217604406  
1.18656749  
1.420574543  
-0.9400351328  
-1.05553358  
0.2740615573  
-1.90886297  
0.657134652  
-2.148374593  
1.045948912  
0.878046754  
-1.166606744  
-0.4283477567  
1.67263807  
-1.233189704  
1.45179596  
-1.532948783  
-2.154022679  
0.7294708177  
0.7104145184  
-1.411055391  
1.029567835  
-0.749350559  
1.616907532  
-0.2621554661  
2.54471913  
0.0465350537  
1.142138052  
-1.804356807  
1.26525488  
-0.0926413367  
1.33293559  
0.6330914136  
-1.169957675  
0.4811853881  
-1.598534822  
1.127583369  
-0.1700479266  
-1.538900027  
1.681697937  
-0.8362701461  
1.909159919  
0.086599316  
-2.255042169  
0.4773508333  
-0.02855111805  
-1.68835156  
2.059365391  
-0.0279069056  
1.725025393  
-0.9394498124  
1.771233342  
0.06154436054  
-1.463844514  
-0.5387319164  
-2.838157061  
1.127411158  
-0.1058504214  
-1.677967062  
1.169592511  
1.013593454  
-1.624213558  
-1.434259252  
0.141388431  
-2.451292091  
1.751765659  
0.6110919121  
-0.5551711266  
0.2076254511  
1.363733447  
0.7148669855  
1.360611634  
-0.8362220134  
1.809577555  
-1.746376227  
0.3165280388  
-0.03370255807  
-2.242247315  
0.4970874696  
-1.189799555  
-0.04054084248  
-0.6800028806  
-1.983820666  
2.006541652  
0.8672214435  
-0.4041399463  
0.3217497666  
-2.105142916  
2.093507085  
1.175656984  
-0.8634402519  
1.092649135  
0.5596933319  
-1.285316883  
1.675287035  
0.9796536783  
-1.273137788  
0.8399408176  
1.909246805  
-0.3546561332  
-1.945465577  
1.511943228  
-1.206726541  
1.522958044  
-1.270011351  
0.7543989881  
-2.669609762  
0.5383456325  
0.4413150355  
-1.404833311  
-0.07424444884  
0.7214230254  
1.022968745  
-0.005929613575  
-2.054042618  
1.307771737  
-1.149645363  
1.874985478  
0.8203561179  
-0.3659876225  
-0.1552907603  
-1.931878863  
0.8733035954  
-0.5169472262  
1.071613853  
-2.337083963  
-0.08081085314  
0.3382907564  
-1.289638351  
0.9202375529  
0.4267414948  
-1.34209707  
-0.2927068884  
-0.4920885432  
2.325123132  
-1.031417207  
1.029034493  
-0.9808936698  
1.432670933  
-0.8902131659  
0.4074742611  
-1.533886004  
1.128188907  
-0.3942950333  
-1.422951099  
1.617999892  
0.1963122466  
-0.7006057473  
1.162229838  
-1.693637136  
0.2168400849  
-2.597099881  
1.263463117  
1.12032803  
-0.2587206686  
1.241860901  
-0.3527910976  
-0.7018054507  
1.852188329  
-0.1771379189  
1.549137762  
-2.145161403  
-0.280560553  
1.309513955  
0.3509629478  
0.1934513793  
0.2487364838  
-0.378332249  
-0.415009033  
0.7187126116  
0.5039919859  
-2.319790169  
-1.295142754  
0.754505134  
-0.6102879584  
0.821278224  
-0.3549836112  
-1.741573396  
-0.1504319328  
-1.211688319  
0.7387649457  
-0.2149055312  
1.513970786  
-0.5500739337  
1.913201681  
-0.03945336191  
-1.606629849  
0.2225889797  
-2.048807567  
1.847761529  
0.2323902595  
-1.456353061  
2.020198272  
-0.5985306236  
0.02730837757  
1.77955583  
0.2052710568  
1.960650225  
-0.7003157224  
1.488914829  
-0.6463463275  
0.9279668108  
0.1358535684  
-0.3062371505  
0.8640849938  
-1.624696892  
0.2165888532  
-0.9869937567  
1.662583234  
-1.124534154  
0.4852016138  
-2.187260952  
1.594794592  
-0.9711809243  
0.007884532972  
0.1145582937  
-1.543219836  
0.7262336205  
-1.253624478  
0.9720339362  
-1.021137955  
1.550935688  
-1.676427292  
1.359088879  
0.2073801079  
-1.980946644  
0.5037034334  
-1.032242679  
1.055569939  
-0.55647285  
1.601141541  
0.2479335836  
1.391373493  
-0.9930729879  
1.004304944  
0.9981947512  
-0.1433474114  
-1.480437962  
0.3102632502  
-1.463914324  
0.5746849179  
0.5123569263  
-1.455916869  
-0.3196412402  
-2.176930172  
0.334708746  
-1.237036811  
-0.5046567147  
0.3854712134  
-1.729119365  
-0.1952922451  
-0.6490445627  
2.148696633  
0.846586551  
-1.325554029  
2.002386064  
0.4557931722  
0.4788078399  
0.1775272751  
-0.9738315997  
1.534051569  
0.7589080071  
2.000096102  
-1.61869744  
1.337188465  
2.410398274  
-0.9082566108  
0.5826363524  
0.09501076485  
-1.028931486  
1.609047545  
-0.657265098  
0.6636024689  
-0.8754634679  
0.4683803549  
-1.74734429  
1.704166029  
-0.5650821041  
-1.418858156  
-0.8200516831  
-1.225668715  
-0.05066574029  
-1.185240612  
0.4766789093  
-1.282070924  
0.6968969043  
1.707635203  
-0.3177961498  
-0.543347813  
1.730042293  
-0.5781882397  
0.7468012144  
0.1807495826  
-2.004888123  
1.528076967  
0.1660609194  
2.433077729  
-0.7801959639  
1.31034143  
-1.171702367  
0.5856929707  
1.693535566  
-0.5952983155  
-0.08066985519  
-2.42024471  
0.5731436405  
1.672683877  
-0.7213103624  
1.561047739  
0.1112281089  
1.366664833  
-0.5745072527  
1.081014915  
-0.89760168  
-3.187130026  
-0.1273108694  
-1.703190678  
1.235155107  
-1.061366059  
0.9139055935  
-1.083536539  
1.897391709  
0.3853627925  
1.334539909  
-1.669573708  
0.5364368959  
-0.4627693487  
0.0411395922  
-2.084013183  
0.01967694352  
2.037352423  
-1.364680552  
0.03479156096  
1.322684748  
-2.251319701  
0.5255061707  
-2.509661867  
-0.423830635  
1.866864522  
-0.9800343513  
0.9804266232  
1.464947334  
-0.879380245  
-2.099823966  
-0.3606664467  
1.536392115  
0.1955636821  
-1.689106901  
-0.313780128  
0.8951817817  
-1.353213559  
0.2180343046  
0.48725969  
-1.954079252  
0.2330601139  
0.6804031033  
-0.5053069105  
-0.7434890871  
0.08383144405  
0.7607254687  
-1.20161055  
-0.3636830341  
0.1852615572  
-0.02602226385  
1.211585605  
-1.04369989  
0.08479249001  
1.344123327  
-0.330440457  
-0.8041381131  
0.6876651105  
-2.717528855  
-0.5509892154  
1.719859672  
-0.6002931197  
1.032431032  
0.1840827554  
-0.7327120457  
0.09060714841  
-0.7277157062  
1.530551027  
2.061248401  
-0.9355895469  
-0.3156500199  
0.3184273953  
1.821499993  
-0.6569081739  
1.097645037  
1.393138799  
-1.577120427  
-0.758322924  
0.8750315124  
1.743347879  
-0.2017081056  
-0.9696711291  
0.6511110052  
0.634594508  
-1.570280793  
-0.2969688887  
0.06960514711  
-2.192146423  
-1.222125933  
-1.893782088  
-1.076268816  
1.280909221  
-0.08053512491  
2.382383619  
-0.02881028084  
0.2249903377  
-1.595922104  
-0.2375849789  
1.528209199  
0.7141746949  
2.070899059  
-0.6477908792  
1.314360429  
0.1569418208  
1.254492635  
1.051070125  
-1.89753805  
-0.3324100043  
-1.036385088  
-0.8159198748  
-0.2469832006  
1.152602466  
0.4817489223  
-0.4040764878  
0.6972763196  
0.726424425  
0.6636535741  
1.915296342  
-1.045310618  
-0.8491515955  
0.06701477196  
-1.326590622  
-0.4405978131  
0.7175917291  
-0.4157237542  
-2.012205064  
0.7937924763  
2.515760994  
-0.05025938307  
-0.315499607  
-1.202542622  
-0.5752309572  
1.401010472  
-0.4607878324  
-0.3084870507  
-1.952020941  
-0.36246892  
1.607113963  
1.71196851  
1.197952173  
0.1485134547  
-0.3803631627  
-0.7348912913  
0.2876297764  
0.8746130165  
-1.344011673  
0.9529628874  
0.3682698792  
-0.5132485443  
0.8210427517  
-1.404691216  
1.260486983  
-1.135863678  
-0.9961260048  
