-1.233681657  
-0.20237022  
1.124084538  
-0.3750852424  
-0.896390305  
-0.9494439067  
-0.3077442654  
-1.31098641  
-0.08980478221  
1.11871203  
0.9202729755  
0.1443480235  
0.04022190459  
0.1393625485  
1.146055177  
1.005992801  
-0.008604226193  
-0.6149571201  
0.5146162383  
1.105070175  
0.9349871727  
1.190918448  
1.608025326  
0.8866021107  
-0.1801417109  
-1.252799765  
-0.9886077446  
-1.28706772  
-1.046734598  
-1.524949225  
-0.2953954862  
0.5285557033  
-0.9506325958  
-2.585321271  
-1.541984571  
0.7808799894  
1.087840585  
0.4002233081  
0.7980143889  
1.32143037  
-0.8206595953  
-1.041347935  
-0.3633596221  
1.687589743  
2.123924645  
1.498315043  
1.648523781  
1.767797729  
0.509981055  
-1.143973768  
-1.375477999  
-1.401617342  
-1.167455439  
-1.433451909  
0.9661500273  
1.657281436  
-0.09064025931  
-2.429350046  
-3.42815492  
-2.294271929  
-1.4222616  
-1.430215381  
-2.602253398  
-1.539497987  
1.648333385  
1.229169578  
-0.3662307166  
0.2878446641  
1.673567008  
1.567485563  
1.565617171  
0.5817589224  
-0.1977536782  
1.193596119  
-0.2871272114  
-2.142432591  
-2.318980446  
-1.820437467  
-0.9078573313  
-1.524752779  
-2.404690617  
-0.5308960523  
1.789641267  
1.55154633  
0.8378935703  
-0.02348383922  
-0.1996941011  
0.3973907123  
-1.389396725  
-1.745072246  
-1.534117252  
-0.1119264229  
1.79241257  
1.437596224  
1.134601379  
1.293270983  
1.234065649  
2.017361566  
1.683288852  
1.7903541  
1.580532425  
2.231574548  
2.599356275  
1.821368355  
-0.2450737127  
-0.6570813706  
-0.8151001855  
-0.1551791119  
0.1274511742  
-0.197374814  
-1.19233934  
-0.9877837848  
-0.3145922033  
0.4314070517  
-0.03981713912  
0.04411255009  
0.6273308054  
2.37360286  
1.738281755  
1.109932602  
0.4944580122  
1.18664786  
0.007075806883  
-1.85206143  
-4.751367644  
-2.808273076  
-1.313373561  
-3.062690702  
-3.080634914  
-1.947555067  
-0.08936320338  
-0.02077721036  
0.9364545344  
0.4340096647  
0.04293897124  
-0.04532400607  
-0.06959483777  
-0.5130437304  
-0.1494678224  
0.5333547634  
0.2651405831  
-0.2349276941  
-1.457519965  
-2.939086058  
-1.078930363  
-0.5072929284  
0.1606814769  
0.6356147475  
-0.3570376613  
0.4857741364  
2.932477643  
3.752495916  
3.192769691  
1.411544969  
-0.1423587226  
1.140049007  
1.490879901  
0.3068169107  
-1.221717015  
-0.3353212344  
-0.6955201113  
-1.39683379  
-0.02848661757  
0.7426589155  
0.2893593343  
-0.2611250926  
-0.1660160342  
-0.5303104493  
-1.315289203  
-2.514911031  
0.04734658794  
1.150351772  
0.565185838  
0.4398414071  
1.209082669  
1.591474084  
2.065781784  
0.9905402927  
-0.1027167209  
-1.430135317  
-1.295846799  
-0.0139074163  
-1.476948331  
-3.525206478  
-3.311849053  
-0.9020085984  
-0.217579834  
1.120371985  
0.8755026776  
1.632068876  
0.2812937854  
-0.972409327  
-1.299234293  
-0.1469830425  
1.546765068  
1.977978468  
1.897677733  
1.554183547  
0.5665181062  
0.01292861067  
-1.400205939  
-1.523059952  
-1.733930235  
0.08833950024  
-1.138671401  
-1.609717303  
-1.899396504  
-0.6862561148  
0.6547238598  
0.8644316339  
-0.1098996403  
-0.947373824  
0.04671776645  
1.834147769  
1.542276249  
0.2119009777  
-1.361038651  
0.6394814367  
-0.5823330753  
-0.857160926  
-0.2148441888  
1.199497114  
2.778658703  
1.434140036  
1.207447163  
0.5933238857  
0.7197559982  
2.35451461  
1.69520873  
0.367942431  
-0.353077176  
-0.510888128  
-1.730597803  
-2.097597206  
-2.718598797  
-2.026013474  
0.7128855038  
1.224734624  
0.9647779746  
0.2054515111  
-1.366702659  
0.5826400347  
1.724099635  
0.6799662499  
-0.6996523552  
0.111236077  
1.168032305  
1.994158624  
2.510724099  
1.66900078  
0.1501133913  
-0.3926798262  
-1.046377447  
-1.805087722  
-1.456223581  
-0.5297197727  
-0.1246579319  
1.804641717  
1.107207684  
0.2156410977  
0.4240364654  
-0.749941297  
0.7391319462  
2.048611044  
1.637508777  
1.174703426  
1.383978798  
0.1054907321  
-2.462810675  
-3.161304278  
-1.246524022  
-0.9845408192  
-1.808771506  
-1.013705263  
-0.7280388338  
-0.446764185  
0.4177753856  
0.1427730627  
-0.3489413195  
-0.1916145934  
0.6176041749  
1.109602307  
0.4122629665  
0.3376252763  
0.0829775426  
0.9618728329  
1.359698579  
1.774196543  
1.554771664  
0.3445295402  
-0.8304237149  
-1.660943019  
-0.4284377553  
-0.8343912347  
-0.5647560386  
1.323044391  
0.4086747016  
-1.19233713  
-1.744705824  
0.9428370524  
1.306758435  
-0.04381946945  
0.5646108979  
0.5864279924  
1.660493862  
1.580970061  
0.6790360961  
0.3951627783  
-1.269237622  
-0.59824123  
-0.5844461671  
-2.658712623  
-3.210247292  
-0.7482375977  
0.4849378804  
-0.3268851491  
-1.710263719  
-3.017074927  
-2.10002412  
-0.1444719409  
0.6884193017  
0.2319541781  
-0.445242911  
0.1352149479  
2.093391054  
3.227714143  
2.630014288  
1.539950876  
1.070188207  
0.2835853366  
0.01136171555  
2.127204013  
2.619199514  
0.9193256962  
0.7223426678  
0.6060014484  
1.33272712  
1.447299058  
-0.552678231  
-2.181806495  
-3.553637222  
-3.104014707  
-0.06258364362  
1.830449087  
1.785871752  
0.8021743944  
-1.123839893  
-1.939397212  
-0.8692233954  
-1.360821004  
-1.977681637  
-0.7286465822  
0.380099698  
1.989982505  
2.656402171  
0.7784234569  
0.424923997  
-0.713511273  
-0.7206189764  
0.5952641233  
3.332384967  
3.131579992  
0.8531474788  
-0.001723494847  
-0.5854955172  
-1.861413171  
-2.838504326  
-1.943839147  
-2.923256622  
-2.574180756  
-0.3135802271  
-1.876671002  
-1.238684919  
-1.963547504  
-0.1833107199  
1.154764934  
0.4554548963  
-1.101737678  
-2.139130852  
-1.820129415  
-0.4504546054  
-1.230363229  
-0.04978905805  
-0.009144688517  
0.3678289753  
0.3627747168  
1.072972911  
0.9072931732  
1.915774948  
2.924403464  
4.229294082  
3.44184279  
0.7045994315  
-0.3976944145  
-0.9132127122  
-0.1871021938  
-0.8880766794  
-0.7459373007  
-1.323316308  
-0.2922806456  
0.4145496047  
0.3120710527  
-0.7086833419  
-1.150302406  
-1.172055226  
-1.340357651  
-1.279823747  
-0.2757106161  
-0.9856290491  
-0.2628267992  
-0.7574030203  
-1.009914284  
-0.4242216403  
0.6481271085  
0.9128245545  
2.062488073  
2.14318364  
0.5174135941  
0.01970559523  
1.465483859  
0.9929386446  
-0.3836584644  
1.08905888  
1.534579279  
2.078249798  
3.1960069  
3.126501234  
2.19107795  
-0.722451248  
-0.08886321656  
0.3311451634  
1.877190861  
1.250623602  
-0.1249740379  
-1.895976283  
-3.067840098  
-2.188792762  
-1.134354143  
-2.632374392  
-2.342659804  
-1.466026865  
-2.743006393  
-3.212947649  
-2.692980968  
-1.724235759  
0.6370459355  
0.9888675171  
0.310283836  
0.02558086462  
1.530102447  
1.94950028  
0.675579669  
0.2594884186  
-0.282808146  
-0.5307143295  
-1.658050358  
-0.9252757673  
-0.6209610627  
-0.1572538043  
-0.7156596748  
-2.810780374  
-1.494070113  
-0.145854753  
1.163189299  
1.320119888  
1.104267001  
0.4683576574  
1.085020093  
3.092490036  
3.408847151  
2.386460799  
1.493474736  
1.696663421  
1.121267515  
1.891544012  
1.357928082  
0.5970507714  
0.05833808255  
-0.4498420244  
0.8040986111  
0.3243415795  
-0.6676292632  
-1.405803273  
-1.097327381  
-0.5379070979  
0.8385118846  
0.05969092603  
-0.3460300804  
-0.6648304324  
-0.8638505597  
0.6173134134  
2.691365885  
1.049489839  
-0.3737653204  
-0.3928356631  
-1.022601681  
-0.2447417829  
-0.06140356559  
-0.2699230071  
-1.671088807  
-1.75716423  
-0.03495302502  
0.03235711379  
0.408777938  
1.367123182  
0.5066466151  
-0.280855918  
1.209809915  
2.230994128  
2.852592189  
2.656346404  
2.946945085  
2.449725933  
0.2633905805  
-0.4817256118  
-0.5606031258  
0.008779033799  
-1.698423456  
-2.421346347  
-1.838640127  
-0.6384595801  
-1.070007687  
-0.4322490914  
-0.3236638846  
-0.2109012963  
-0.3081138647  
-1.314163278  
-1.421028002  
-0.216607088  
0.8422876771  
0.9407917001  
0.1433548711  
-0.5748237448  
-2.762827053  
-2.945944948  
-1.582824231  
-1.556377828  
-2.351115923  
-2.776286015  
-2.272758157  
-0.1301657178  
1.491658105  
1.563330766  
0.6629638416  
0.5505215039  
0.7685827006  
1.563890696  
0.9193703552  
0.1844229719  
-0.2246190523  
0.6509642816  
1.522154034  
1.913451378  
3.039158724  
3.389788341  
1.398690297  
0.2845789916  
-1.863314049  
-2.349143693  
-2.492321907  
-1.972889913  
-1.592454919  
-1.803949196  
-0.8906826058  
-1.081750659  
-0.777646063  
-1.600316505  
-1.994358752  
0.2619949824  
1.528897069  
1.570209386  
-0.5668287369  
-2.656255507  
-1.055166439  
0.4752735163  
1.463010495  
2.385631863  
2.139048087  
1.684504425  
1.961237511  
1.560541805  
-0.1920496292  
-1.164289108  
0.02404061598  
-0.2131181541  
0.1071482091  
0.2312538155  
-0.8278708147  
-1.344774753  
-0.6824027858  
