-0.5694988071  
-0.6961882576  
-1.277485409  
-1.361346773  
-0.6346207604  
0.367341423  
0.5757323927  
0.8989522208  
0.2740897163  
-0.1030881019  
-0.2028704059  
1.037332011  
0.1735097685  
1.355668767  
1.145691673  
0.2079323554  
-0.9138554092  
-0.494743925  
-1.110088437  
0.7468277265  
0.861038329  
-0.980507708  
0.6165925789  
1.006282661  
0.8678880599  
-0.06340164635  
2.045948956  
0.259081502  
-0.4031563472  
-0.2925775419  
-0.2192257214  
-0.339572401  
-0.6280603823  
-0.6333082828  
-0.1605393209  
-0.3849887119  
-0.1325263914  
-0.4593057455  
-0.4366486812  
0.8759968967  
-0.2864847553  
-1.94747651  
-0.3505897809  
-0.7498459618  
-1.378136469  
-1.071141838  
1.807154863  
3.122326768  
2.252001551  
0.8183979949  
0.6233398803  
2.215223467  
0.3267873688  
-1.075302055  
-0.04925292369  
-0.4951761657  
-0.3598579805  
-0.6318183271  
-2.141417765  
-2.221895386  
-2.51603621  
-2.794808928  
-2.189411917  
0.707240102  
-0.8412358328  
-0.3608176535  
-0.4215602107  
-0.1963175722  
2.228207098  
2.030689467  
0.1094616542  
-1.647013265  
0.6282719485  
0.6745115129  
0.762438377  
-0.1570865733  
-1.794263449  
-0.9309164222  
0.8899028541  
0.394786698  
-2.066085547  
-1.934628498  
1.054051123  
1.925871158  
0.5815655414  
-0.05020858204  
1.05241901  
-1.509208588  
-1.779970586  
-1.185646698  
-1.736881729  
1.708332712  
0.8523347343  
2.537441404  
0.7148117488  
-0.9863833907  
1.290902334  
2.001341816  
1.538868752  
-0.7166438023  
-0.9969791954  
0.7396826198  
-2.243453855  
-0.7712923622  
-0.2705330692  
0.1611216347  
2.034095762  
1.996540188  
0.3175676229  
-0.8546190706  
-1.143050231  
0.5539212396  
0.5433022492  
0.0511455621  
-0.5835700079  
-0.4594977798  
0.9466571559  
1.778467464  
0.395556937  
0.4861369193  
1.372763824  
1.000788231  
1.22100064  
0.3181071255  
-0.5668642578  
0.1177742483  
-0.2165256259  
-0.9098604228  
0.8770822548  
0.8065428051  
-0.7106901943  
-0.9478935536  
-1.683346717  
-3.028316806  
-0.4510570245  
-1.237045572  
-1.792645067  
-3.099661801  
-3.088414312  
0.332276635  
-0.3095237351  
0.3257226919  
-1.026566638  
0.8076501251  
0.8452051201  
0.5000168734  
0.03746541209  
2.07886606  
1.952435993  
1.451309342  
2.102529112  
1.834989262  
-0.2385685548  
-0.4593534021  
-0.2309364485  
0.4845811245  
1.613450094  
0.7023705799  
-0.4153603114  
-1.842245235  
-1.334694526  
-0.4377492645  
-1.584581032  
-0.786891632  
0.02387213043  
1.736838791  
1.772106633  
0.8988660658  
-0.7351916312  
1.468176982  
-0.1512015576  
-0.2563220406  
-0.4991349646  
-2.00520558  
-1.558752965  
-0.2307351289  
1.344508498  
1.261002156  
1.027190764  
-0.1040816578  
0.2706759247  
-0.01748732246  
-0.5785026703  
-1.83314687  
-0.6695835193  
-1.249663109  
-1.990355783  
-3.051242245  
-2.185749925  
-0.6811081942  
-1.035011914  
-1.03932242  
0.5892645131  
-0.2461165843  
-0.1893211024  
0.7114570994  
0.6837589723  
1.638976506  
2.22815089  
2.451678415  
1.235939249  
-0.9076681393  
1.437121833  
0.5843088055  
-1.72529199  
-0.6088318581  
-0.7338764088  
0.6603339555  
0.6564311722  
-0.2090717205  
-1.013765625  
-1.89155458  
-1.315358875  
0.2875995686  
-1.058367607  
-0.8140145389  
3.023867015  
1.870243318  
-0.2653627877  
-0.570783614  
0.07597088309  
2.651465789  
1.960078906  
-0.803884642  
-0.7322603185  
1.231941255  
2.136629601  
2.126131115  
1.645314709  
0.944342147  
-0.4092635679  
-0.3072526309  
-0.3867294382  
-1.772771155  
-2.009868021  
-0.1196016757  
1.290280683  
-0.1681108631  
-2.234526749  
-0.7646352257  
-0.2520195583  
1.545818001  
0.9358548828  
-0.3916470695  
-0.7971817159  
-1.918361079  
0.5457770337  
0.2514482289  
0.06969986019  
0.4156617179  
-0.4351010795  
0.4238673152  
-0.06599870262  
-0.3787195446  
-0.003077634959  
-0.6549587028  
0.8073712535  
-0.4280949202  
-1.160852837  
-1.627140964  
-0.566465027  
2.148738419  
4.210068165  
4.147256286  
1.949777501  
-0.4544707526  
0.6335093855  
0.001506513814  
-0.6679855632  
-0.3381529705  
0.7976954492  
0.4917520241  
1.365524626  
0.3750610695  
-0.3714423045  
-0.398407656  
-0.4088467184  
-0.4734337041  
-2.146575208  
-2.091829224  
-0.8537166148  
-2.091655596  
-1.924844103  
-1.529956748  
0.7327541342  
1.936532251  
2.08822438  
1.809420302  
0.522053857  
0.1707894429  
0.937590858  
2.428403114  
0.6956762376  
-2.015674493  
-2.944454588  
0.2402294187  
-0.9219438352  
-0.5905029427  
1.761830204  
1.387265439  
0.6824831083  
1.932746219  
-0.7861711241  
-1.814474728  
-1.46294909  
-0.8585512146  
-1.027133714  
0.7020426119  
0.6153055566  
0.6054889255  
-0.4074178785  
-0.825894483  
-0.9143341528  
0.1594914734  
1.054123383  
-0.5697525445  
-1.651806382  
0.1928726062  
0.1283913628  
-0.7770227788  
-0.8047604403  
-1.130753322  
-0.5898733952  
2.399253003  
1.462576258  
1.237840944  
0.8507415148  
1.607785779  
1.652895651  
1.331060618  
1.965002986  
0.4060474282  
0.3061971577  
0.01612906689  
0.7885513917  
-0.9815632478  
0.2007213721  
-0.2402370658  
-2.241586716  
-2.360710275  
-3.133632962  
-0.5177610288  
-0.1659291344  
0.008038248215  
-0.3232857855  
-0.4324189142  
-0.468863184  
0.9802260854  
1.002782953  
0.5813577585  
0.019865209  
0.242087676  
0.4613755236  
-0.2661655025  
1.22479359  
0.5351286241  
0.1188971943  
1.796028124  
2.93331901  
2.694259103  
1.95263176  
-0.3653560516  
-1.015800224  
-1.673594651  
-1.26955094  
-1.560670042  
-0.2766866551  
-2.308137178  
-3.569269824  
-0.9650893103  
-2.06240651  
-3.456652859  
-2.448280399  
-0.3952435424  
1.289900431  
-0.4001085081  
-1.727337943  
-0.8015919577  
-1.256528913  
0.06849795065  
0.8069471747  
1.029298601  
0.246045929  
0.7308058008  
1.176682252  
0.7005373525  
-0.6643108552  
0.04016116836  
0.7944741172  
1.719527622  
1.120667352  
2.151894441  
2.182187058  
1.145885626  
1.525520984  
-0.4269628002  
-0.620233929  
-0.249112026  
-0.1750397601  
0.2642360747  
0.3189646445  
-1.310108235  
-1.937916539  
-2.931697226  
-1.755380232  
0.1380990086  
1.20168677  
1.084211234  
0.5050375954  
-0.3861505208  
-1.38247839  
0.1395826233  
0.9719712727  
0.8996732654  
0.8736623976  
0.3447194977  
0.1832610802  
1.797625209  
1.788523762  
-0.8357417819  
0.8807703368  
1.347478823  
0.4535110047  
-1.245739643  
0.4335614165  
0.267796197  
0.5376734121  
0.3011234945  
-0.4279074529  
-0.6956687826  
0.7832678984  
0.1889327316  
-1.563723247  
-0.3852397518  
0.3597812714  
2.683830874  
1.605607131  
0.2176437532  
-0.2751914619  
-1.072229543  
-0.8504161001  
-1.580937975  
-1.113432631  
-2.175632039  
-0.8507750581  
-0.2880922917  
-0.7460255068  
-1.702785355  
-0.7007314128  
0.6998694184  
-0.6168166436  
-2.207526032  
0.187928577  
2.700502229  
1.295115034  
1.463364237  
0.4557332397  
-0.2349227639  
-1.571364577  
-2.670016721  
-1.184845373  
-0.4522031812  
0.5829597758  
-0.568152912  
0.6831120142  
0.4944928657  
-1.307778362  
0.9883061321  
1.377449366  
0.004606580416  
-0.02712402463  
0.3567717956  
0.5819275068  
1.650604865  
-0.4102483181  
0.1946538079  
0.6221639997  
0.4131449943  
1.508979311  
1.896228533  
1.225964693  
1.051066425  
0.586635889  
0.8040430141  
1.656393554  
0.1501556001  
-0.8597754653  
-2.163707949  
-1.82995706  
-1.010613824  
1.362896082  
2.523856091  
2.110215398  
0.8632993325  
-0.6950829038  
-0.5762911686  
0.7039505529  
1.56883552  
-0.3174901621  
0.0644187966  
-0.3973256292  
-1.109955149  
-0.5077266337  
-0.6167603156  
-1.573313123  
-1.033638887  
0.2707469454  
0.9499902706  
1.108402762  
0.880150167  
0.2712863326  
-0.7899178536  
-1.782814805  
-0.3111694295  
1.550315342  
1.960719563  
1.240090415  
1.54191858  
0.4232047196  
-1.506358032  
-1.531533997  
0.4306976745  
-0.3943990687  
0.5186301713  
0.1074373448  
-0.2121870997  
0.5614971894  
-0.345996135  
-1.459475273  
-1.649314391  
-1.422598615  
-1.031894757  
-0.4254190288  
0.03630599561  
1.905957402  
0.7677602952  
-0.4488465277  
-2.182469776  
-2.614776592  
-0.9260409418  
-0.009217065119  
1.513754475  
1.632631387  
-0.05280617778  
-0.6375755127  
-0.5489531836  
-0.1726262316  
-0.77940629  
-0.887542273  
0.3253291111  
-0.08567583569  
1.278153127  
0.9929639155  
1.514198383  
0.6612587117  
0.530452244  
1.230207742  
3.224407791  
1.19755787  
0.4937582366  
-2.461521583  
-1.957870586  
-2.46455733  
-1.958220548  
-0.2350912814  
-2.111911509  
-4.261865041  
-3.152509313  
-1.125887503  
1.399461185  
2.120841176  
1.174806106  
0.2769656784  
-1.260705117  
-1.765020363  
-0.1347531457  
0.7507556977  
0.7547764666  
0.5585653729  
0.6902970593  
-0.2489324077  
-0.1265441841  
1.149002185  
1.336234074  
1.284305646  
1.577562768  
1.405312925  
-0.6971658777  
-1.588609672  
-0.09716728477  
