-1.261569851  
0.8147419086  
1.298852389  
-1.070081376  
-2.050999764  
0.6103422119  
0.4626515377  
-2.611234652  
-0.7248766407  
1.578990044  
2.074616806  
1.282592026  
-0.6196952004  
0.9023503215  
1.27834039  
-0.1015684337  
-1.059093524  
0.8001894108  
1.651885071  
1.64773654  
-0.2851795013  
-0.7838755403  
0.3342978533  
0.3922211208  
-1.47612714  
-0.7369823392  
-0.2914584178  
0.6993993548  
-0.3736295494  
-3.139210571  
-1.158717088  
0.3866847085  
-1.652428773  
-2.546850798  
1.19129329  
0.8369894154  
-0.5325972076  
-1.647225469  
0.01389108961  
1.965085156  
-0.3961313304  
-2.590358304  
1.571188297  
3.239494776  
0.7506216431  
0.7890015069  
1.642280981  
2.771850551  
0.7481368649  
-2.087038856  
-1.044436949  
-0.5274105793  
-0.7736391117  
-2.519749326  
0.4640431806  
2.908283041  
0.6174658578  
-0.6959952744  
-0.7302389526  
-0.5939637784  
-0.3595983822  
-1.47262138  
-2.866288879  
-1.736360027  
0.5433363217  
0.3195311969  
-1.095700899  
-0.2835651383  
-0.5870154261  
0.2095121992  
-0.6562007668  
0.3028434781  
2.126116977  
4.424444161  
1.565528064  
-1.412344828  
-1.496747717  
1.192800125  
1.055188203  
-3.184891131  
-4.367186905  
-1.847814215  
0.228663674  
0.9923705317  
0.04438611434  
-2.16478177  
1.11021399  
3.794752896  
0.3781062827  
-1.322044  
-0.173504813  
1.158060528  
3.731461841  
2.413510759  
0.8259878827  
0.1915527315  
0.4016550491  
0.9656425195  
-2.900351321  
-3.386063411  
-3.822265813  
-1.168204371  
0.9010913789  
0.8061254438  
-0.5272723689  
0.4060672827  
2.67882436  
3.696061786  
0.2419897658  
-1.391409128  
-1.251766298  
-0.7213437425  
1.173730733  
0.7397517628  
-0.9809116352  
0.1381001097  
1.748120438  
2.921402904  
0.6431522508  
-1.8980478  
0.6106526303  
1.642830043  
0.3620475082  
-1.303901435  
-3.835054842  
-1.704754817  
0.7420095194  
-1.129641367  
-1.524524016  
0.1473747049  
2.458102233  
-0.2197665765  
-0.5626732029  
-1.143284286  
0.6239178659  
1.850965276  
-0.1084004979  
-1.000357929  
0.8269295792  
1.151884575  
0.7845400773  
-2.997200472  
-2.508250164  
-0.7064749118  
-0.5244406838  
-2.883027017  
-3.381546014  
-3.737851213  
-3.438010231  
-0.1667984494  
3.728940672  
6.328635072  
3.191147105  
1.3690072  
1.327409395  
2.101280229  
3.723205755  
1.048373308  
-2.830162879  
-0.5394358457  
-0.1610458101  
-2.676448919  
-3.160143134  
-0.9802873319  
2.196627419  
2.036979229  
1.465380929  
-1.682925064  
-2.752692555  
0.6525541134  
0.9418018523  
0.2972638583  
-1.268769364  
-0.6211271972  
2.061731942  
2.216943534  
4.502951879  
1.518221682  
-0.1439685765  
0.3933350462  
-0.002407447656  
0.9398344264  
-1.872202703  
-3.387330851  
-1.617572141  
1.306506545  
-0.7200969983  
-0.5176848668  
2.050629107  
2.336838783  
0.3429607244  
-3.192718788  
-2.650607095  
-1.58160724  
1.160008473  
0.3343080909  
0.2492746777  
1.423351744  
1.365843885  
-0.1742891563  
-3.241308592  
-3.179441224  
-0.6928096069  
1.163364023  
-1.203554385  
-3.110252467  
-1.962192314  
-1.394080281  
0.5233281267  
-0.2963046956  
-1.574548957  
-0.3258427618  
1.774759245  
2.830609099  
1.787821111  
1.866866034  
3.380988052  
3.216970833  
0.2241445168  
-2.744069739  
-1.419854937  
-0.5843608131  
-0.3167228074  
-1.533569247  
-1.132113124  
0.9016106714  
3.408257569  
3.171629593  
1.127984667  
0.1137628583  
0.4378333273  
0.5380830124  
-0.6832692643  
-0.7008468415  
-0.6490729933  
-0.05509349835  
-0.08708254285  
0.2614892276  
-0.9597464703  
-1.597038418  
-1.646787742  
-0.01445318065  
2.524492703  
0.5845816467  
-1.993155665  
-1.713560293  
0.2464363014  
1.975223848  
1.973058287  
-0.2322130226  
-1.2654069  
1.117580149  
2.291553996  
-0.7164353262  
-2.436728183  
-3.162214635  
-0.5838503448  
3.291387234  
1.45739061  
-1.187700891  
-1.083641758  
1.870418055  
2.011127354  
3.33177504  
0.2166645211  
-0.1798078894  
1.782789469  
1.602598297  
-1.079055724  
-3.473264904  
0.3545947187  
0.3502236513  
-1.643525353  
-1.869028567  
-4.054802455  
-1.01110784  
0.788504813  
0.5592000809  
-1.166466092  
-1.943819014  
1.955244697  
3.103841799  
2.155639701  
2.247699262  
0.207508623  
1.614072109  
3.273674413  
3.102904276  
0.6510765068  
-1.378245439  
-1.881414684  
-0.9980678165  
-1.016636232  
-2.307312415  
-2.930939004  
2.112610225  
-0.3235010016  
-1.834240477  
0.745307391  
2.371804741  
3.295172153  
-0.02156386146  
-1.409600293  
-2.12113157  
0.3096575007  
1.462362225  
-2.312460559  
-1.35475486  
0.5122051704  
0.5133408992  
0.2268287956  
-0.7954112469  
-1.936046712  
-0.5006113684  
2.098599335  
0.9896615008  
-0.1726235341  
0.9601270591  
-1.462870932  
-2.702318631  
-3.853171527  
-3.831512896  
-1.562895424  
0.4961601168  
3.07135221  
3.18035604  
1.906106839  
1.703149964  
1.823541196  
1.549408235  
3.064562001  
4.299275194  
2.567411184  
0.3268345659  
-2.427665928  
-2.923277537  
-1.450065223  
-0.8502539644  
-5.359843695  
-5.653873962  
-4.889846077  
-1.580836849  
1.927360175  
2.857819499  
2.216731347  
0.1800186691  
1.228012554  
2.224935075  
2.525667211  
-0.2238744584  
-1.805938539  
-1.154649502  
-0.2069277783  
1.745131341  
3.779155537  
1.667841525  
0.8918268631  
0.1189912988  
0.1469629722  
1.795857355  
3.850538727  
0.2324692812  
-2.373797707  
-0.6793287696  
1.500743975  
1.723073886  
-1.101471703  
-3.75732613  
-2.78506914  
-1.645321715  
1.10125066  
1.099397845  
-0.3334660546  
-1.248025454  
-1.07124511  
0.08251314478  
-1.041095819  
-1.926776871  
-0.7798904077  
-0.3430486096  
0.4367952737  
-2.654569551  
-4.066173718  
-3.678289813  
-2.440437673  
-0.710418751  
-1.736620852  
-1.39698225  
1.458677157  
3.393972011  
3.920149543  
1.997659139  
-0.6254687096  
0.5478353905  
1.590775402  
4.062751682  
1.935472161  
-0.3949629514  
-2.144229448  
0.7160257915  
1.575230686  
2.032172024  
-0.412909645  
-0.4138149205  
-0.3370367811  
0.5187576115  
-0.615884503  
-0.3056421427  
-2.40430046  
-1.583153658  
-3.56073152  
-1.183025504  
1.034491751  
3.146548614  
2.357461515  
1.907666468  
1.005551736  
1.269553757  
0.1496267468  
1.19880638  
0.1363812187  
-2.072993829  
-3.468688124  
-1.458151324  
1.007422391  
2.033796698  
3.551691669  
0.7133523548  
-1.845898778  
-0.8655476789  
1.519611241  
4.039379927  
2.909437838  
1.148462654  
-0.6265294476  
2.357704647  
2.364668803  
2.194243829  
-1.163061761  
-2.216337842  
-0.2658494084  
-1.482433355  
-2.397565698  
-4.528477478  
-2.094557188  
-1.657965696  
-1.463976398  
-3.573405447  
-1.954369713  
1.020081609  
1.923516578  
0.7892466735  
-0.3020050805  
3.255496101  
1.094915915  
-2.72544893  
-4.077891613  
-1.402617027  
1.529889142  
0.05336096064  
-1.387301446  
-1.862241564  
-2.308752867  
0.5193115972  
1.172751154  
-0.5763392201  
-0.8121860366  
1.381067981  
2.715546043  
2.9761611  
0.1953483828  
-1.368173522  
-0.7587177338  
1.370746154  
3.308368437  
0.8431281713  
-1.717286917  
-1.787460549  
0.1827383745  
2.196124453  
1.019201544  
0.2092481492  
-1.362227934  
-1.383048263  
1.069475854  
2.910448371  
0.7664469034  
0.5165738744  
0.8295848243  
2.396908425  
5.324030043  
4.925402171  
1.890459368  
-0.3232017837  
-1.38846321  
-1.615498613  
-1.402351755  
-1.862562188  
-0.6400545833  
-1.371582666  
-3.324148574  
-1.40304407  
0.05289073473  
1.960588464  
2.869281763  
0.5716796409  
-1.439461348  
-1.457865038  
0.7953152725  
0.4939805925  
2.13937058  
1.73192076  
-0.4824007948  
-2.311618271  
-1.26983947  
0.9928049385  
1.515044549  
2.004002236  
0.9548108021  
-1.378689407  
-1.265562114  
0.8406476642  
2.690248586  
1.784736976  
2.038247499  
0.0704005335  
-1.108150548  
-0.5103735745  
0.155450024  
2.285457339  
1.35245718  
0.817522291  
-1.595617468  
-3.269952841  
-2.321575592  
-2.856901239  
-3.319882281  
-4.36278114  
-2.943947957  
-1.605026111  
0.772423238  
2.793991996  
1.546554448  
1.147775821  
1.024481921  
1.687147511  
2.734601859  
2.498465945  
2.053802021  
0.8513208896  
0.2339162273  
-0.545071275  
-1.830676076  
-0.1676021716  
0.2011858464  
-2.820035692  
-3.008643542  
-2.382029641  
-2.991474923  
-3.359164716  
-4.149995056  
-3.939270654  
-1.137779809  
0.5930140955  
0.8188224777  
0.3004379342  
-1.996834576  
-3.346223414  
-0.4086130791  
1.429233098  
3.500057276  
0.1080950913  
-3.021195959  
-0.8030414477  
1.226608654  
1.826976498  
1.645417278  
1.497092976  
0.2242323634  
0.005271295674  
-1.221121888  
-0.8734523415  
1.560219489  
2.560642446  
1.768422337  
2.253006772  
0.013101863  
-0.1852766613  
0.4446445118  
-2.079820376  
