-0.9136369612  
-1.302041357  
2.955521879  
1.840365857  
-0.2531405535  
-1.584639371  
1.364048549  
-1.117095281  
-2.440170405  
-1.428637366  
1.970501925  
0.4541707682  
-3.373192691  
-2.29486119  
1.542225129  
2.425385255  
0.5416121215  
-0.09135955936  
2.366994623  
3.720501103  
0.2087940415  
-1.694259963  
-0.9241720156  
2.587619565  
1.944090033  
0.04991964403  
-0.2292692192  
0.6322727631  
0.06708951967  
-2.9894061  
-2.030037962  
0.6210779241  
0.4676934969  
-3.009481768  
-3.550724382  
-1.910867154  
-1.23641698  
-1.961125395  
-0.97639106  
0.946452954  
0.5478744077  
-0.1810132771  
-0.4525795352  
2.829626692  
1.657736501  
2.61120112  
-0.7091029632  
2.217910134  
1.42765675  
-2.142685074  
-1.130890897  
0.3519242262  
0.8241617438  
-0.8780875907  
-0.746537806  
1.110266668  
0.1289345303  
-2.758358585  
-4.267764889  
-2.791544556  
1.582091288  
-0.2702042976  
-3.071259122  
-2.28516407  
0.1188102162  
0.3471125376  
-0.0009974582244  
0.269819165  
0.01395362502  
2.966460528  
2.088844638  
1.290101811  
2.139162537  
4.176816175  
3.523370816  
0.246158083  
-0.7086840226  
-0.7737813432  
0.8365341686  
-0.5654443426  
-4.376650431  
-2.945851109  
-1.573189511  
1.577243951  
-0.5991166587  
-3.214802134  
-1.588597484  
1.858222163  
0.798605938  
-0.270657537  
-0.9893186991  
-2.860633587  
1.489098409  
3.671516349  
2.250768547  
0.4740625224  
-1.111375766  
0.2621666763  
-0.1024540576  
0.2483809831  
-1.852061886  
-0.4822388942  
1.351890402  
2.404277668  
-0.3596475657  
-1.78299458  
0.6745309195  
2.731026077  
2.448622678  
0.8490294423  
-0.9593102628  
-0.9448414994  
1.500017156  
0.121460807  
-0.5207088815  
-1.028203907  
-1.54339802  
2.776951402  
1.809630742  
-1.063989356  
-1.259127477  
1.402653279  
2.247676939  
0.4049912014  
-3.239260489  
-2.024582179  
1.714638948  
-1.486601356  
-2.467620286  
-1.653342352  
1.182445008  
0.4643934482  
-0.7395234701  
-2.153935268  
-2.072539847  
-0.424843103  
0.6205039166  
-1.658331704  
-2.178038783  
-3.031315338  
-1.148480922  
-1.251725386  
-0.6718841878  
-0.7259055368  
0.8555363127  
2.066945647  
2.83055903  
0.2717991574  
-0.09388833086  
0.527635189  
1.85832462  
5.580127726  
3.676763271  
0.8872810004  
-0.6086133518  
0.1088526101  
4.021916981  
3.18700348  
-1.240519408  
-0.9218539434  
-1.423971485  
-1.925025397  
-0.8837797144  
-0.1881681473  
-0.6348414532  
-2.029740108  
1.506584228  
-0.2547404033  
-0.1836753902  
-0.8624934033  
-0.473741637  
1.156149763  
0.09459757708  
1.182940559  
0.2304023712  
0.7909177318  
4.324441967  
0.8418641589  
0.01309223897  
-1.023859622  
-1.52435058  
2.100957095  
-0.672695012  
-4.666052012  
-4.473247228  
-1.256282685  
-1.273387819  
0.4293601581  
-0.131138121  
-0.4066832364  
0.2561047801  
-0.8963519844  
-0.8218823567  
-0.008930448682  
2.45508086  
0.1929118629  
0.4559283267  
-0.8045072533  
-1.759505494  
0.7646630562  
0.5674912484  
0.1934120317  
-1.202391248  
2.433775728  
1.147782698  
-1.331705848  
-2.133304545  
-1.211474177  
1.66003842  
1.250606466  
0.3525421152  
-1.159369602  
-0.6676688514  
2.318301398  
1.167849653  
0.5774653051  
0.6971943283  
0.8656885142  
-0.569033991  
-1.832294213  
-2.975897621  
-2.301421353  
0.9666089373  
0.9193268441  
0.3798587826  
-0.8696977677  
0.05763669629  
3.517023386  
2.537960312  
1.179407623  
0.2673160268  
0.02797427137  
1.416376823  
0.3760781988  
-0.7200918515  
-1.832559711  
-1.751785905  
1.383884003  
1.078331802  
-1.195214032  
-2.37543945  
-1.370559633  
2.740229513  
2.053498843  
-0.3722164123  
0.5736863137  
-0.8199919873  
-0.3234849863  
1.98282684  
0.5550983603  
-0.3909391849  
0.1794180512  
0.929104091  
-0.2206015255  
-1.679085642  
-1.948485245  
-1.861325571  
0.05395667841  
1.307636352  
0.5485101797  
-0.4284575012  
-0.2846411332  
-0.4087425198  
3.023531807  
1.276605689  
-0.7470972313  
-0.1144728559  
3.391045554  
2.200719722  
-0.7438837997  
-0.1073381988  
0.4448001217  
0.8675170145  
1.202701473  
-0.966312554  
-1.512081601  
-1.421573228  
0.569180673  
0.5839327801  
-1.574480622  
-1.173357833  
0.4925715182  
0.03363452602  
-0.7011668189  
-0.5708559247  
-0.9766967608  
-1.745091048  
0.9492748689  
2.357646869  
1.16653822  
-1.20696371  
-3.216326342  
-0.731927202  
2.010983517  
1.742565304  
3.274279333  
0.3252860342  
-1.130991186  
-1.587472742  
-0.04423225936  
3.018100364  
-1.147687492  
-0.1123624904  
-0.05436572954  
1.157001395  
2.568938569  
-0.9971180899  
-2.651577107  
-1.598925764  
0.03590038423  
0.9504300646  
-0.5662205127  
-3.667289009  
-3.117126008  
1.018706503  
2.254002709  
0.5652586087  
-1.213772772  
-2.373653381  
0.5551922913  
0.4619740874  
-1.047961741  
0.6004753134  
-0.6602610678  
0.06879910561  
2.458591551  
2.42781797  
3.100780947  
2.023702045  
0.3382001697  
-0.4568232248  
1.102700623  
2.814072026  
-0.2974417083  
-3.413360963  
-3.525522789  
-1.986791365  
-0.3749342157  
-1.189594908  
-2.112312143  
-1.356612912  
-0.6374024121  
1.29365267  
3.095593377  
1.430708421  
0.4846593412  
-0.5408396427  
-1.545225026  
1.123347696  
1.117935913  
-1.315663123  
-0.7348184334  
0.2022218037  
1.580557166  
4.65779411  
1.859310018  
-0.380506305  
-1.009638606  
-0.4552870364  
0.9822499791  
3.95844422  
2.426309268  
0.861666497  
-1.386403358  
-2.182406288  
-1.338299163  
-3.348634459  
-2.011466614  
-2.423597307  
-4.105589248  
-2.351705051  
-2.539947217  
-1.502682687  
-1.604792487  
-0.6330658558  
1.472975405  
1.442602487  
0.5669817317  
0.1007212843  
-0.263782917  
0.9811399006  
-0.7111489932  
-1.78486646  
-3.800685867  
-1.457466647  
2.003775561  
2.068216916  
0.9885861895  
1.950673149  
1.560384222  
2.491665815  
1.483256291  
-0.1444712664  
-0.4304348874  
-0.086036143  
2.411750547  
3.797578063  
2.142521263  
-0.5322045338  
-1.319780663  
-2.287249896  
0.09404593745  
1.369093473  
1.097438367  
-1.818444767  
-3.176450296  
-2.46390018  
0.7205160102  
-1.172997835  
-0.1262596054  
-1.655696132  
-0.8090937998  
0.3747020084  
4.455254163  
2.67189323  
2.156215778  
0.06777619969  
-1.745012396  
-2.300514267  
1.529716197  
0.8433387331  
-0.7780483357  
0.161644916  
-0.2072399546  
-0.331017499  
1.789654844  
3.852044949  
1.029442007  
-1.837209946  
-1.069352112  
-1.394693421  
2.120531021  
3.760611764  
1.649398702  
-0.4393221502  
-2.009702392  
-0.5004771093  
1.51551513  
-1.922484572  
-3.615956913  
-2.610463636  
-1.354682809  
-2.229057238  
-2.032889252  
-1.912257167  
0.1397515672  
3.901837478  
1.433227839  
-1.157902936  
0.6366324947  
3.450972958  
1.481306206  
0.8433453341  
-0.4201834018  
0.08210129877  
-2.945195932  
-2.600730433  
-2.964673798  
-0.31191155  
0.8292923695  
-3.375975265  
-2.610718134  
-1.825718166  
1.192062911  
3.030101976  
1.352614085  
0.491178774  
-0.9265103545  
1.067977546  
3.937149735  
2.368361305  
1.424658436  
2.167249272  
0.765141484  
0.4033190065  
0.737472449  
-0.9171546145  
-0.1734296728  
-1.079923144  
-0.860106422  
1.531702204  
0.9267409905  
-0.7370027048  
-1.46612188  
-1.045103941  
2.276511247  
0.9902544558  
1.684573497  
1.522974831  
-0.333041873  
-0.4727138428  
1.191815808  
0.9499565744  
-0.5919771454  
0.1181058303  
-1.597029185  
-2.19492424  
-2.069537333  
1.072008986  
0.9144569015  
-0.8962185546  
0.6849889605  
-0.4695360473  
-0.6713437671  
2.303676517  
0.2400124069  
-2.761358243  
-1.717750086  
-1.088551364  
0.4959982006  
2.289826782  
3.062447993  
0.4874924309  
-2.36557334  
-2.360470151  
-0.6547770807  
1.87007368  
2.97308605  
0.5415994394  
-0.1799136671  
-1.569784552  
-3.873440575  
-0.28352666  
1.091970839  
0.2524467487  
-1.692413372  
-2.950848673  
-2.078945778  
-0.6280511176  
1.711896045  
3.58642573  
1.448378538  
0.4649778219  
-1.496825653  
-2.409680866  
-2.050135465  
0.2926570874  
0.05810608213  
-1.133049208  
-1.311028  
-1.431075523  
3.437342753  
1.19083614  
2.04635759  
1.170442191  
-0.3424823864  
1.078381104  
3.178424679  
2.013807776  
0.4784419478  
0.902868116  
-0.8851564832  
-1.001825587  
-0.904389827  
1.448760956  
-0.35091208  
0.7305128517  
-2.841625251  
-3.081531206  
-0.9600057339  
-0.6225863989  
-1.442015078  
-2.367958027  
-0.9401040566  
-0.01089484014  
0.762407458  
1.010663824  
0.5615543889  
-0.1555896122  
-0.5034046294  
0.6212430599  
-0.850031951  
-1.038892429  
1.239192375  
1.423527758  
0.2973387242  
0.6052136177  
2.25588514  
1.022164753  
1.250713395  
1.851897171  
-0.2794115108  
-0.9297640714  
1.743519142  
3.933641069  
2.412161941  
0.1728875837  
-1.584296652  
-3.919787206  
-5.699144848  
