-2.57634015  
-0.05587298496  
2.088056248  
-0.9398542758  
-2.306856201  
-0.5862919871  
1.910279841  
-1.419830831  
-2.569829925  
2.12562849  
2.373775359  
-1.444309101  
-2.621293097  
1.418727228  
2.076728967  
1.052199196  
-1.263390457  
-0.448080821  
2.395397012  
2.755817812  
-0.964329442  
-1.578575482  
2.851407033  
2.547183015  
-1.602361955  
0.2782260026  
0.8566750492  
1.506488921  
-0.4377649132  
-1.78479209  
-1.229979183  
1.745193467  
-0.364558502  
-2.980158002  
-1.76565542  
2.84948578  
-0.6300312723  
-0.3758888051  
0.373439906  
1.772119578  
0.3667334011  
-1.658405495  
1.598727673  
2.505933734  
0.9299470459  
-1.993764086  
1.46497338  
2.042676868  
-2.135240046  
-0.7352539387  
-0.4164324448  
2.010176701  
-1.57840094  
-1.805816242  
-1.280146984  
1.39851942  
1.628916357  
-3.06470155  
-2.793294088  
1.502250963  
1.049383617  
-2.494585604  
-1.038135645  
-0.8162459456  
0.06352268951  
-0.03708521994  
-4.018577704  
-4.545007192  
0.5834154027  
2.909705108  
-1.859556225  
-1.176680581  
0.5895187598  
2.605843802  
2.549596285  
-1.681382337  
-3.532163868  
-0.2483374596  
3.168628782  
-1.427567844  
-1.220543474  
-2.49982209  
1.668835319  
0.872375223  
-2.051829035  
-0.3512672279  
0.02579626209  
2.085089376  
2.182777738  
-1.212066238  
-1.640241545  
1.918557289  
2.907744107  
2.378250641  
-0.1544753531  
-0.2327238902  
0.8373897703  
2.273784611  
1.613906978  
-2.080028809  
-0.9639571737  
-0.6846074446  
0.2185042057  
0.9724415082  
-1.796856266  
-1.63102143  
1.670210054  
3.466854633  
1.998673289  
-3.465395883  
-1.088823608  
1.297535638  
1.15944252  
-1.210501951  
-2.781830059  
-1.91490399  
3.240985875  
2.141499789  
-0.5000136297  
-1.581923693  
0.2404472659  
2.509985447  
1.468655906  
-2.768540269  
0.2391543382  
1.530440914  
1.144381301  
-0.7304657305  
-1.141370535  
-0.7677419247  
1.506358488  
1.186708407  
-2.387642426  
-2.326100092  
-1.7643758  
0.2536985504  
1.855232393  
-2.467961852  
-1.500065319  
1.892949965  
1.679684858  
-0.4454268231  
-2.281877679  
-2.190755541  
1.711559128  
-0.1681747907  
-2.911188018  
-1.830141351  
-1.391040587  
-1.068562421  
2.248171307  
1.951374642  
0.02561388422  
-0.4979557845  
-0.5062471323  
2.14791517  
2.885267478  
0.8279546539  
-1.803914265  
-0.7680853624  
0.7189404145  
1.355440473  
-2.462279225  
-2.492506999  
-0.7135222999  
3.869160258  
3.002974931  
-1.526483354  
-1.61092266  
-0.3967713377  
2.971217745  
3.560526227  
-0.6856783839  
-1.850411503  
-1.501518178  
1.183820554  
0.8763077481  
0.6293684626  
-1.573337594  
-0.2431670495  
1.033354147  
1.911030307  
-1.232452094  
-0.2316090923  
0.3061275635  
1.625018982  
-0.227933667  
-2.672852971  
-2.29250581  
1.106158412  
-0.2614036809  
-1.709693892  
-1.259974592  
1.503757583  
2.0919899  
-0.3114336084  
-1.27514914  
-0.3783193348  
0.6729552479  
2.354125431  
-1.383756593  
-1.844682019  
0.2027267861  
1.162003893  
-1.369163464  
-3.315128171  
-1.348322204  
1.184261899  
2.112988322  
2.039487933  
-3.009020924  
-2.385686313  
2.273630798  
2.357678791  
-1.234865644  
-1.380798023  
-0.8152700422  
1.779818034  
1.642749425  
-1.956463089  
-1.305303388  
1.325977879  
2.651676167  
-1.284717831  
-1.482130621  
-0.6565790257  
2.485542483  
1.562048164  
1.477103922  
-1.129274949  
-1.2602574  
2.444119458  
1.319499788  
-1.144017507  
-2.597256757  
-0.7846018853  
3.021816136  
1.921524235  
-0.6901981325  
-1.058057846  
-1.69881927  
1.979785071  
1.70024627  
0.2015554815  
-1.512095715  
-2.538716263  
-0.3954107642  
2.320203908  
1.794019723  
-0.3942136028  
-0.9292536556  
0.1323623053  
1.847363504  
-0.3485017448  
-1.885324351  
-1.027574452  
1.023903367  
2.720072448  
1.569019458  
-1.350770929  
-2.701902648  
-1.411208406  
2.028660723  
3.198912011  
-1.445119273  
-1.452243435  
1.747577018  
1.522444455  
-1.167469616  
-1.0877488  
-1.68455616  
2.461992171  
2.208207665  
0.09480312782  
-1.251697362  
-0.8840417389  
3.406744551  
1.648127137  
-2.932647604  
-1.907474082  
-1.425714187  
0.3141655337  
1.180982204  
-0.7827861746  
-0.1238078057  
-0.6478431934  
1.014834685  
0.9114922654  
-0.4378254007  
-1.940488112  
-1.21055523  
0.6257632932  
1.722751238  
1.911135704  
-1.220980537  
1.389694794  
-1.652846772  
-2.047481357  
-0.8942485173  
3.775802266  
3.204130719  
1.53573295  
-1.932300695  
-1.49117344  
0.8179806598  
0.6353626798  
-1.489519483  
-0.3734970068  
0.6523282522  
0.8952148375  
1.072178402  
-2.022892242  
-3.002651177  
0.1562599405  
1.123438038  
-0.2346480125  
-1.701087058  
-1.113050276  
3.0593645  
2.069200868  
-2.709762816  
-3.31175316  
-1.879787344  
0.7366083833  
3.159889011  
1.195531334  
1.12433421  
-0.843208706  
-2.183137385  
-0.978079383  
-0.2846991961  
1.681473374  
3.05421555  
0.5591384463  
-0.6083419613  
-1.36625142  
-0.317156933  
1.690438288  
0.9152842804  
-1.780275052  
-2.159359677  
-0.7639854578  
2.486738235  
2.833814068  
0.3857903639  
-1.86089677  
-2.324612359  
2.737050995  
1.368322215  
0.4748450033  
-0.9598794177  
-2.199410336  
-1.197666346  
1.651857863  
2.153275089  
1.195329835  
-1.197824426  
-1.337798827  
-3.140449448  
0.7286935278  
2.973947625  
-0.2916043877  
-2.832573181  
-2.255323308  
1.640619769  
1.136701431  
-0.4386499831  
-1.89435395  
-2.377549167  
0.049897071  
2.401741498  
3.066903636  
-0.7835481183  
0.6062474499  
0.5501969786  
1.221502083  
2.021869842  
-2.311017574  
-1.575460814  
0.9700040263  
2.019417775  
0.1649955336  
-3.497243795  
-0.946450756  
2.202221439  
3.027702742  
-1.849297751  
-1.891726434  
-1.968554532  
0.2527457276  
2.202797071  
1.991713045  
-1.333198026  
-1.898793365  
0.9138914014  
1.198638824  
1.000931916  
-2.66673507  
-3.043816621  
-0.658803721  
0.7403170773  
1.979050777  
0.8967804115  
-3.385243627  
-1.824500604  
-0.6683524657  
2.570973621  
1.836454002  
-0.4406098362  
-1.497128524  
-1.677087435  
-1.796493209  
1.527660388  
1.90760151  
2.714511508  
-0.76594444  
-0.3768306348  
-1.02993013  
1.820414915  
1.318964704  
1.779283031  
-1.188538293  
-1.965542687  
-0.7402831032  
-0.09980216571  
2.327548168  
2.791652269  
1.673335428  
-0.9221026202  
-3.032762169  
-0.7188783919  
1.163149595  
1.480835377  
-1.413165095  
-1.24619473  
-1.911779501  
1.410882037  
0.8142585241  
-1.074024211  
-2.347890864  
0.218226079  
0.7121150324  
-0.5775447774  
-1.707780761  
-0.7566642394  
1.736796865  
1.606640177  
-2.80695024  
-1.85308366  
1.004896691  
3.044309827  
-0.3299937885  
-2.169816812  
-0.1873239844  
2.362813502  
0.4733602124  
-2.277453329  
-1.227915765  
1.059713547  
1.647826493  
-0.7096639084  
-2.566710749  
0.07004991784  
2.546354104  
2.750689755  
-0.4419940329  
-2.296654835  
0.8591413898  
1.870514918  
1.8463201  
0.5966234724  
-0.07708741483  
0.9041278466  
0.1336844187  
1.614293328  
1.983703232  
-0.6508545445  
-1.824337371  
-2.798587205  
1.793294964  
1.725068435  
0.6817954761  
-0.8887488072  
-1.803445887  
0.8233186072  
1.66578606  
1.579917958  
-1.518976892  
-1.833584506  
-0.8995723778  
-1.365942027  
-0.1815081247  
0.3012683714  
-0.4743157631  
-1.700272645  
-1.615203751  
-0.9545946094  
0.6657596377  
1.10732038  
2.435697143  
-0.05834176519  
-0.5367626744  
-1.568716825  
1.022328902  
0.1360782038  
0.500010376  
0.161662833  
-0.07270771144  
0.1107765307  
1.549102728  
1.295358273  
2.192473912  
-1.613123781  
-1.598711486  
0.2241251509  
0.05316348976  
1.199802593  
3.39934607  
1.769009243  
-0.6460507256  
-1.794222663  
0.9527174037  
1.661390973  
1.131899475  
-0.5401876874  
-2.361034233  
-1.655349944  
-1.720202951  
-1.248312833  
0.7979748143  
0.8691666798  
1.204195128  
-0.2654524967  
-2.54207936  
-1.330033704  
0.3341214237  
0.7542914299  
-1.581370149  
-2.18790542  
-1.920452776  
1.317701845  
1.599891744  
1.416303357  
-0.9288537369  
-1.734208487  
-0.9495471701  
0.6769030008  
0.6539713364  
-1.501754657  
0.6191020061  
-0.9353690522  
-1.292434564  
0.8955845236  
2.215733949  
3.090042681  
0.4525817888  
-0.9187596499  
-0.05921143111  
1.452761529  
1.859124925  
-3.126746897  
-1.432215575  
-0.8842490469  
0.132521829  
2.678000995  
1.717473855  
-1.464966177  
-1.778626998  
-2.255524596  
0.0122955893  
2.513582437  
1.23083991  
-0.2253172459  
-1.592216097  
-3.194325219  
-0.7553044694  
1.871488472  
2.098754137  
0.3385032506  
1.174401656  
-0.392661658  
-2.113517522  
0.3372012675  
1.071757005  
1.597892929  
-0.8573084546  
-0.7401472491  
-1.243281869  
-0.281153697  
1.340302461  
