-2.186419185  
-1.182776062  
-0.7764631324  
0.1002991133  
0.5356366104  
1.534323006  
0.8669719139  
1.446884568  
1.910621104  
1.23206054  
0.6323229184  
-0.6347900842  
-1.023439134  
-2.129269935  
-1.72396396  
0.3770402562  
0.3946522387  
-0.01377809263  
-1.332356317  
-1.13693011  
-1.097995649  
-0.4673938045  
-0.1081571209  
1.802216323  
3.722548192  
3.291531718  
0.7211327235  
-0.6324630699  
0.7287100133  
-0.38837077  
-0.7217636334  
0.2491018901  
0.6189792452  
-0.1276454081  
-1.453825906  
-0.783255785  
2.27245381  
2.377263861  
0.3267322543  
-0.3830060177  
0.1169764043  
-1.047821321  
-1.885311912  
-2.181204188  
-2.815072795  
-3.25981898  
-3.927025587  
-2.912060036  
-2.746710865  
-2.446330471  
-2.402346982  
-0.05176081747  
0.6314692079  
1.445926548  
1.517117444  
2.087287004  
2.354951967  
2.125282477  
1.357696905  
1.095474499  
0.5130151421  
0.8638470489  
1.464232907  
0.02721466633  
-1.270629386  
0.1996385724  
-0.5945037708  
-2.486430667  
-2.255896197  
-0.8341582765  
-0.5535707471  
-0.4343650037  
-1.33124302  
-2.197604198  
-0.6160406613  
1.189554896  
0.7763774023  
0.377358078  
0.6034588722  
1.876386459  
1.855097893  
0.7224980827  
0.4270638963  
1.65054447  
2.603725617  
2.045536105  
1.0805159  
0.4433999526  
0.5033709334  
-0.01093242727  
-1.554285928  
-0.634044848  
-1.56024225  
-0.8960732808  
-1.451470253  
-1.678834509  
-0.4945561007  
-0.8764946367  
1.452720859  
1.759315326  
1.513820928  
1.172166703  
1.478165802  
1.349845671  
2.365452623  
0.9830556651  
-0.8535618622  
-1.53743713  
-0.974991349  
-0.7505749961  
-0.7610480118  
-0.5207595507  
-1.525397091  
-0.2328835837  
0.3537027539  
0.7246301041  
1.364077282  
0.6414590143  
1.062621187  
1.039047368  
-0.4687774589  
-2.029210792  
-2.20195101  
-0.7305862113  
-0.3439329748  
-1.337966917  
-1.557695994  
0.474614249  
1.393165914  
1.22702422  
2.53239429  
3.967480585  
3.265096834  
1.361480402  
-0.1338474424  
-1.430026916  
-0.6245704331  
-1.032925956  
-0.1805900763  
0.07404748434  
-0.8369217658  
-1.163308662  
-2.241590613  
-1.293636485  
0.8435612771  
1.457532298  
1.024175764  
0.5401427769  
-1.927561653  
-1.51013044  
-1.926273953  
-1.536109717  
-0.5711295678  
-1.508869602  
-2.378020932  
-2.686545753  
-2.331867479  
-1.333876817  
0.1057058074  
0.3312556482  
1.780117534  
1.650513547  
1.973756305  
2.316149203  
1.203382485  
1.889564401  
2.035842059  
1.41983655  
0.1710890157  
-1.699209514  
-2.908134125  
-1.400105923  
1.049698895  
1.72675481  
-0.2026874748  
-1.02104575  
-1.556789747  
0.5992126813  
0.3909790379  
-0.5980963627  
0.2480875414  
0.4101040065  
1.62024092  
1.781425265  
0.7007874936  
0.6975916469  
1.955823031  
1.500981417  
1.099280767  
0.06875265463  
-0.8940500624  
0.1109254304  
0.4795200653  
0.3969603867  
-1.623663681  
-0.6299659847  
-0.5473711535  
-1.701408626  
-2.094161667  
-1.90876985  
-0.768506272  
0.03615152815  
0.06304000953  
-1.177239882  
-0.1505436903  
1.561831214  
1.552197531  
2.457957607  
2.160533373  
2.617643109  
1.887528313  
0.5690301049  
-1.37243892  
-1.883042654  
-0.2003319658  
-0.5231596969  
-2.580628148  
-3.517355643  
-1.250533501  
0.00461866134  
-0.1774017966  
-0.4339460726  
0.8305937492  
1.049342807  
1.697755842  
1.709265854  
0.3068809874  
0.3108789366  
-0.6660594929  
0.331910919  
-1.484653566  
-1.790315816  
-1.105456465  
-0.996310355  
0.6333614857  
1.112100825  
1.995424122  
1.672144507  
1.715333078  
2.252658636  
0.9494957242  
-0.2936090846  
-1.305503902  
-0.7130834678  
-0.8839910039  
-0.9030141162  
-0.5087193557  
-0.3824492458  
-0.05981397514  
0.482948324  
-0.1392903488  
-2.293918231  
-2.644588063  
-0.632515908  
0.3106812403  
-0.0009589059692  
0.03853412032  
0.04639206844  
-0.7242293314  
-0.7203963533  
1.118958142  
0.4075646231  
0.8517717216  
0.2337631396  
1.427207775  
0.8083052333  
0.4293581124  
-0.9570361017  
-0.1623200171  
0.3801993137  
-0.6848265539  
-1.083476409  
0.09242416756  
0.1386263627  
1.448560585  
1.245354249  
1.389841942  
1.897664933  
1.188714892  
1.892667199  
0.6755358268  
-0.09040711868  
0.1232491938  
-0.6908954041  
0.3673945035  
-0.002334781398  
-0.8356983528  
-2.33682021  
-1.10347588  
0.3951698638  
0.8104934444  
-0.3547658851  
-0.2471336327  
-0.5592361679  
-1.547323378  
-0.8786826462  
-1.093788588  
-0.8943112643  
-0.1916860074  
0.5339348782  
0.9546862578  
1.755406862  
0.9383020581  
0.4978554296  
-0.07746104219  
-0.5181472322  
0.2574431892  
-0.430801279  
-0.6996131063  
-0.8899294929  
-0.7107754371  
-0.4241953951  
0.1311717443  
0.6472128343  
0.3707537122  
0.8780516538  
2.569460498  
2.33980194  
0.8523754324  
-1.430609303  
-2.04305445  
-1.30600917  
-1.305459823  
0.1544799305  
-0.01677943362  
-2.050506202  
-1.365228053  
-1.863771527  
0.2300823103  
0.8372889713  
0.03565675675  
-1.504683362  
0.5439686542  
1.438237738  
2.480188408  
2.418422852  
2.510419953  
1.291916697  
0.6794572052  
1.138189308  
-1.019563198  
-1.151514568  
-1.714010307  
-1.038889796  
0.1658048699  
0.479038443  
-0.364296651  
-0.06296796158  
-0.6420627404  
0.09590539658  
0.3528166269  
-0.4795932081  
-0.7250711418  
-1.609879661  
-1.820170796  
-1.102788419  
0.3058175405  
0.7933625407  
1.389359358  
1.489337152  
0.4408103859  
-0.03931384561  
0.7413620885  
0.3314574687  
-0.2427488809  
-0.4204563189  
0.8752808636  
0.9914139106  
0.2701208627  
-0.2216634628  
-1.173167288  
-1.886254462  
-2.414521854  
-1.319049551  
-1.428755502  
-2.04839813  
-0.8460807381  
-0.2752027898  
-1.418978538  
-0.7021123437  
-0.3130405157  
1.795036972  
1.274791221  
0.9027296816  
0.2806529282  
0.3687578013  
1.124059907  
-0.5054738847  
-1.210944924  
-0.8306267674  
-1.338469079  
0.3468510973  
1.575977497  
0.7546615393  
0.846498349  
-1.490552922  
-0.9827933932  
0.8804043856  
0.996141207  
-0.2156313724  
0.5332300006  
-0.4536849236  
0.008289257595  
1.887108844  
2.752129304  
1.348548526  
0.3466616499  
0.2959217756  
2.469548431  
2.866799187  
2.164193065  
-1.266984128  
-1.929954818  
-1.938464421  
-2.00560075  
-1.364758818  
-0.1352610616  
-0.6888784287  
-0.4040136173  
-0.9093733015  
-0.6301640949  
0.9263453137  
1.492550439  
1.427305948  
0.2264912336  
-0.2774675685  
-0.6818796387  
-0.210461945  
0.4103932516  
0.1151238193  
-0.03368450295  
-2.2775298  
-1.399603817  
-1.63233529  
0.2069789655  
0.2335028996  
0.8737636095  
1.270988719  
1.288353211  
0.2907985203  
-0.5227182162  
2.230533526  
3.758742247  
2.759042118  
0.9303462061  
-0.2549397869  
-0.8017490276  
-0.1261734476  
-0.5773222211  
-1.931014757  
-2.312920519  
-2.327671242  
-2.817364846  
-2.015362134  
-1.392758927  
-0.6494784292  
0.2251104816  
1.5368255  
0.01422721968  
-0.7614060735  
-0.128286536  
1.306243164  
1.265293344  
0.8640984199  
0.284410404  
1.264155126  
0.7558343792  
0.6092969479  
-0.8856056216  
-1.22968006  
-0.5414410112  
-0.2679216918  
-0.1702639579  
0.5950915323  
-0.4326135964  
-0.3324237245  
-0.1575819686  
-1.214891634  
-0.4162161683  
-0.3930982716  
0.4721218797  
1.30772519  
2.54791635  
2.594877349  
1.591356227  
-0.2586318372  
-0.4983335296  
-0.5725520747  
0.4528029372  
-0.2716247575  
-0.47841255  
-0.157885943  
-0.4362008319  
0.5984400957  
1.066712218  
0.2691820442  
-0.6876816174  
-0.9297891339  
-0.9144564151  
0.2414484573  
1.353332011  
0.4578608854  
0.4970044212  
0.4618165367  
-0.371984586  
-0.0719931986  
1.433409411  
1.791052831  
0.7090349815  
0.2637839991  
-0.006255449805  
-2.641868831  
-1.150481522  
-0.04092413302  
-1.022952611  
-2.58525927  
-1.487774519  
-0.0123629657  
0.3278860594  
0.7209482648  
2.095981107  
1.316659594  
-0.2132460314  
-0.8399553769  
-1.183222757  
0.5596436904  
0.8716468137  
0.5416527915  
-0.1963702932  
-0.2040561583  
1.13393629  
0.8418092593  
0.8546216575  
0.3989521191  
-0.7472165655  
-0.7026082537  
0.2568410265  
1.954109866  
1.00620431  
-0.4604255442  
-1.389482606  
-2.49865404  
-0.4247193935  
0.3057303445  
0.8718108902  
-0.1684306124  
-0.7586603694  
-1.21771161  
-0.5757555244  
-0.07879583755  
-0.3932770422  
0.3587889134  
0.9594316166  
0.02347409432  
0.5596018049  
0.4263473886  
0.2678024575  
0.5166233256  
-1.573862616  
0.2301445799  
0.8511799493  
0.7858131427  
-0.8893555421  
-1.753487542  
-1.516157421  
-2.610695752  
-1.224813001  
-0.1463306328  
-1.523957736  
-0.5306595412  
0.5791237958  
0.9369817018  
1.396620057  
1.107796365  
1.501137062  
1.00017745  
0.4551965243  
1.193191976  
1.052418546  
0.7710393859  
-0.5184879922  
-0.7659350464  
-1.203472961  
-0.6237198943  
-0.05016195045  
0.1806419575  
0.2549723011  
-1.046149748  
-0.03384057739  
0.5483361025  
