-0.577696245  
-0.03837363759  
0.1992126505  
0.3920666027  
-0.576266044  
0.1978945221  
1.542785234  
0.08656967289  
-0.1607209594  
0.3330084187  
-1.376055675  
-0.1209678087  
-0.05952293445  
-0.5911645019  
-0.9936422157  
0.7634017576  
-0.4835812835  
-0.5930899869  
0.4533456828  
0.05626898486  
0.1184767128  
0.8867524744  
-0.8539288131  
-0.4063994184  
1.141976716  
-0.1320372276  
-0.2495025533  
0.254735862  
2.116932998  
-0.1696265426  
-0.5905757162  
0.9314699048  
0.386080727  
0.05499973834  
-0.02661570713  
-1.482268934  
-0.07120026493  
1.186857009  
-1.08051581  
-0.1371163486  
1.536994139  
-0.5189028434  
-0.8441838849  
0.5602449751  
-0.915147651  
0.4270249804  
-0.4025416436  
0.08170916365  
1.290731573  
-1.328247691  
-1.139612419  
0.002007630628  
0.8233440195  
-0.2012818125  
0.8155265555  
1.696181074  
0.8039602568  
0.326166337  
1.018035027  
1.052172119  
-0.1214538136  
-0.05373924048  
-0.8495089692  
-0.3072689394  
0.08313161424  
-0.42301783  
-0.4346641099  
-0.1169519989  
-2.008805917  
-0.6691495664  
-0.1614716954  
-1.78212514  
-0.9999187885  
-0.5316697164  
-0.1795227896  
0.6983223051  
1.059127678  
-1.084581242  
-0.5667051253  
0.6149613234  
-0.9432450233  
-0.5232933511  
-1.060149498  
0.6122028962  
0.8128701141  
-0.7149710605  
-0.2034460964  
-0.2619819514  
-1.009548461  
-0.8704563006  
1.260116058  
-1.127602728  
0.440614219  
0.03719916575  
0.5563857527  
1.581682663  
-0.004557867424  
0.2900170167  
0.1474688153  
1.185538056  
-0.2145317441  
0.005834475305  
1.337150228  
-0.3738046248  
0.4529693839  
1.173958912  
-2.155215039  
-0.7625742291  
-1.547004475  
0.09225351221  
0.4579323993  
-0.8399462465  
0.5808134476  
2.039232425  
0.03184599647  
-0.7131300931  
-0.7203054902  
0.02116725236  
2.070281504  
0.4207178303  
-0.4658765143  
0.4760396144  
0.3539178676  
-0.2420981318  
-1.462240881  
-0.5723320964  
-0.2592059399  
-0.1355077131  
-1.261884118  
0.06716245224  
1.898216326  
1.483618172  
1.423775326  
-1.017156554  
-0.87492079  
-0.2304390522  
1.497054156  
-0.273805602  
0.5484770429  
-0.2469058638  
-0.809799381  
0.2965262349  
-1.563374609  
-1.315058908  
0.8169279615  
0.0432141252  
0.7997357222  
-0.594216538  
1.107374768  
-1.062191895  
-3.142870919  
0.7620671283  
2.996180949  
0.5183400713  
-0.1207652924  
-1.243325975  
0.5378902747  
1.249681229  
1.104134475  
0.9608651265  
-1.171169218  
-0.5212594904  
0.7972102402  
-0.8623407086  
0.9548659976  
-1.286256378  
0.02365859302  
0.3259290636  
-1.218921687  
-0.2260275894  
1.8961072  
-0.5997477282  
0.4081682224  
0.09467294969  
-0.317102418  
-1.208321309  
1.115075912  
-0.09947187249  
0.6168606073  
1.805860848  
-1.88923601  
-0.3875080713  
1.546895677  
-0.0288832371  
-0.7259417683  
-1.211625881  
-1.268045559  
-0.6567354341  
1.28133961  
-1.491050547  
0.2414621279  
-0.5081765513  
-0.6805552237  
-1.935835714  
0.4802074771  
0.3831292334  
1.249821594  
-0.03420115226  
-0.5265683375  
-1.508895972  
0.3987702819  
1.996008344  
-0.862223262  
0.2630438901  
0.2478594826  
0.3100574693  
1.122812392  
-1.451743469  
0.4483277391  
-0.6628110308  
-0.6260808897  
0.4823994962  
0.473622077  
0.1558715678  
0.1026815296  
-1.259482517  
-0.1116148698  
-0.1761600765  
-1.207502338  
-0.9820555254  
-2.228003754  
0.4364631494  
2.28442799  
0.7365215435  
1.710102888  
-0.3640295597  
0.6396122867  
-0.1620710455  
1.444869728  
0.9415628667  
-0.09776093777  
0.1143353484  
-0.01101369869  
-0.422543653  
-1.393353128  
0.1111825337  
-0.629066343  
0.5352251962  
1.318433901  
-0.0266642964  
0.1970858483  
-2.622803786  
-0.4196161565  
0.120720345  
0.7242775159  
1.490334297  
-0.1923765117  
1.076469581  
0.894189776  
1.558566753  
-1.144494653  
-1.094682024  
-0.4671313065  
-1.136398089  
-0.1022510511  
-1.508158425  
-0.9187869684  
2.209327854  
0.01069355089  
-0.08886113212  
-0.6199246247  
1.53526481  
-0.6239857617  
-0.6518141285  
1.192563063  
1.669118407  
-1.402058283  
0.164135142  
1.67693385  
-0.7397120204  
-0.2727309643  
2.179988699  
1.067920065  
2.407859989  
0.544992053  
0.4956714076  
1.109818258  
-0.6823274602  
-0.7982904801  
-1.393496319  
-0.992054283  
1.169715471  
-0.5039934028  
0.4266445173  
0.07392119442  
-0.8800262777  
-1.970359511  
0.3603518334  
-0.8573039536  
0.7697159105  
-1.406951146  
-0.673573041  
-0.09077366053  
0.3748056814  
1.10560567  
0.08382738538  
-0.1384522605  
-1.138411216  
-0.2840318848  
-0.3725826421  
0.7837216132  
-0.7087115589  
0.8649880734  
1.642879286  
-0.6504040963  
0.3913574582  
-0.4714889659  
0.01144041068  
0.05127092266  
-0.2916189929  
-1.17247474  
-0.2939617404  
0.1570212741  
-1.872740722  
-0.4559251208  
2.139704849  
0.02615486637  
0.5396186471  
2.533715105  
-0.5709821792  
0.2182759379  
-1.403551895  
1.58783534  
0.3891498475  
-0.5011748299  
0.6700405637  
-1.661438509  
1.048055631  
0.3923179463  
-1.379898189  
-0.5284458201  
1.683337205  
0.559639645  
1.30064394  
0.5793917825  
0.8609122899  
-1.386496755  
-0.4450931743  
-1.201737042  
-1.275489898  
0.5858353282  
-0.5311813128  
1.683144113  
0.680006137  
1.19497136  
-0.3845651353  
0.569000759  
-1.095447133  
0.4801090026  
1.589260325  
-0.05734939219  
0.3310177657  
-0.5510205912  
0.9602897804  
1.197770746  
-1.102685647  
-0.09664739824  
-2.140441366  
-0.9445718798  
-1.868972992  
-0.07204369993  
0.8023377098  
0.5157679305  
0.1131880962  
1.601461285  
0.580588191  
2.414799083  
0.2214572311  
0.6031517071  
-0.6683619591  
0.303536044  
-1.972642196  
-0.4183007715  
-1.161636801  
-0.1583183118  
1.26246762  
-1.476330627  
-0.7701552451  
0.1825775451  
-1.981162057  
-0.6187855881  
-0.6369008645  
0.8446635755  
1.354530334  
-0.3856902146  
1.392131347  
-0.07087455881  
-1.761739004  
0.4425278592  
-0.2264675141  
1.168312387  
2.119346788  
-0.3329950822  
0.7425896545  
-1.169250782  
-0.454482854  
-0.996546929  
0.9357486595  
0.1452141933  
0.2820910273  
-1.296745562  
0.5617880876  
-1.282215549  
0.646571327  
0.1490285827  
-0.4513993473  
-0.1719067529  
0.1178654351  
-1.678859488  
-0.1298671088  
-1.414995542  
-1.233619401  
-1.505345641  
0.2700091241  
-1.66970633  
1.230908976  
0.1093585437  
0.5031288394  
-0.08858465843  
1.977261461  
0.565018449  
0.6929283388  
-0.4998903988  
-1.701586791  
-0.001574906238  
0.5956555947  
2.868250442  
1.652114854  
-1.362135176  
0.9579525703  
-0.6165908769  
-0.1827357721  
-0.5383456707  
0.7053041661  
-0.3825378634  
0.6020225271  
-1.049818754  
0.4326341247  
1.106628085  
-0.9782030115  
-0.1479934182  
-0.5719450384  
0.848691118  
-0.9960627806  
-1.089895821  
-0.9328522567  
2.465666094  
0.8201120559  
0.9111315283  
-0.2045264685  
-0.2645539203  
0.4671316919  
-1.746161503  
0.28587974  
-0.2879182971  
-2.080441698  
0.9292279276  
0.3598105941  
1.803959065  
0.8070045736  
-1.175545322  
0.5940925207  
-1.1081237  
-0.1449748168  
1.74257899  
1.099879047  
-0.002928225765  
-1.954998148  
-0.2100984437  
1.343353913  
0.3476610335  
-1.700046204  
1.272286949  
-0.05195158157  
-1.837482736  
1.353945857  
0.2428772167  
0.6658964514  
0.3484064617  
-0.820199731  
-2.146846922  
1.227675871  
0.7456269467  
0.06000315813  
-2.024239869  
0.05332808585  
-1.074446997  
1.272409082  
0.1145780167  
-1.739931434  
1.782403786  
1.348758988  
0.2171187288  
2.203623114  
0.5581751667  
-1.991790545  
1.076150932  
-0.7873558547  
-0.4938314498  
0.8842295461  
0.09738834794  
1.237415187  
-0.1190349726  
-2.829158347  
1.056234885  
0.7868036081  
-1.275587427  
-0.03158997147  
1.054836115  
0.1741422415  
-0.2494676142  
1.126262567  
0.1838768896  
-1.411730715  
-0.6201571724  
1.478392851  
0.7274164401  
-0.4941917991  
0.4002525761  
0.8053212209  
0.2816152093  
-1.896921522  
0.460559531  
0.2458567569  
-0.4413273241  
0.5673581553  
-0.2878804859  
0.02640336063  
-1.905126758  
0.159121991  
0.1815000411  
-0.4337337259  
0.1776279643  
-0.7762711089  
-0.3835269995  
-0.8313373978  
1.551862606  
0.005485459395  
0.4831436291  
-0.8998048839  
-2.664265901  
0.5386111268  
0.1911789756  
1.383134578  
1.07342307  
-1.230408068  
-0.8645154936  
-1.663567686  
0.2214175197  
-0.9934038065  
0.3307962703  
-0.3240821306  
-1.458846819  
1.11996362  
1.004213898  
-0.06684638372  
2.918780286  
-0.01314055784  
-1.737871253  
0.4954521731  
0.99702482  
-0.0647166484  
-0.2053235018  
0.1352103427  
-0.2382487989  
0.1574607407  
0.2732086917  
-0.9210871202  
1.095438338  
-0.8547007425  
-1.875188703  
0.7358096429  
-1.055060544  
1.415575512  
-0.3239615465  
-1.073678269  
-0.8160722903  
-0.4785993682  
-0.2141522128  
-0.1167737746  
2.09390338  
0.8060967602  
0.1131657011  
0.2121904526  
-0.7910731  
1.879315947  
0.5342292822  
1.561174422  
-0.9602716122  
-2.341758087  
