1.177520487  
2.16849856  
-0.2850355019  
0.2892303144  
2.232879958  
2.782600653  
0.8081490281  
-0.5158526044  
-0.2636323874  
-0.2420311589  
-1.086314088  
-1.868810577  
-2.4423489  
-2.135787094  
-3.315248477  
-3.567507305  
-0.1563572274  
2.309560214  
1.844158963  
2.048673073  
-0.4191434599  
1.423163362  
1.456598866  
-1.783202404  
-3.889625861  
0.958674384  
3.60164149  
-0.001065901727  
-1.161604412  
-0.3044681095  
-0.08410998891  
-0.5589882817  
-0.1136978449  
-0.6655533966  
-0.6270459332  
-2.293692135  
-1.765703329  
-1.484370562  
2.129355163  
0.4169651425  
-1.373142897  
1.334298173  
3.112050996  
0.7621136743  
-0.4796684322  
1.583733985  
2.748053191  
-1.934211825  
-3.943871768  
-2.85241389  
-0.004622681381  
-1.171339213  
-1.435030397  
1.915555654  
3.196957433  
1.657072718  
1.573298076  
1.610357055  
1.478141685  
-0.336633387  
-1.282702191  
-2.697387468  
0.5042835669  
1.454751997  
-1.208536092  
-1.579414853  
-1.359883011  
1.090094334  
-0.3510492685  
-2.327465607  
-3.955729719  
-1.104402365  
0.1483580471  
-1.985755833  
-1.527692517  
-0.7839597482  
1.935998893  
4.741170117  
2.627075639  
0.488709319  
2.133320339  
2.133703998  
0.8568572359  
0.5906749898  
-1.117591022  
-0.1033033704  
1.473763513  
-1.561945876  
-2.068154464  
-2.544263812  
-0.9831371901  
-1.193763976  
-2.721984218  
-0.7335006744  
-3.243053226  
-0.4852508441  
3.206749152  
0.7472715575  
0.2657919568  
-0.5779766593  
1.833413582  
3.652992576  
0.4457126591  
-0.5197483493  
-2.649141112  
-0.6872651254  
1.729981286  
-0.6078026932  
-1.415852067  
-0.7009097567  
1.51866818  
3.898269166  
0.8175910818  
-0.8226254902  
0.7781723262  
3.855439443  
3.699962023  
1.582951187  
0.9337058538  
1.598862776  
1.623201701  
0.6182186827  
-2.579864566  
-5.010725672  
-3.111890963  
-1.257394452  
-1.201825776  
-2.562303611  
0.2382000522  
3.009568505  
0.09532009273  
-0.3253100964  
-2.11387201  
1.560351659  
1.860288686  
-0.8515756037  
-2.628724967  
-4.16702499  
-0.779833372  
3.353991902  
1.035274301  
-1.121494014  
1.725589196  
3.359840778  
-1.754485087  
-2.237344926  
-3.522491933  
-1.78548448  
-1.458818948  
1.044482172  
0.8740727253  
-0.3750942357  
-0.9502102055  
0.8886101656  
3.550159246  
4.620170953  
2.028606302  
0.2522789036  
-0.2850328558  
0.8398681043  
2.191257039  
-2.201684943  
-4.986395103  
-0.8548968724  
2.734698544  
3.585001645  
-0.8570820761  
-3.985525469  
-0.8096116647  
2.462082351  
-1.774032995  
-2.405560717  
-4.330251079  
-1.167787943  
1.503878326  
2.16031898  
0.7784125844  
-0.1210773056  
-0.6475665256  
0.7082801526  
1.148319585  
0.2547298728  
-1.010316877  
1.404340344  
0.9574166181  
-2.662753782  
-3.26673512  
-1.26430788  
1.389246173  
0.8256176057  
0.1077685273  
1.466948177  
3.92306942  
2.039072991  
0.3576000038  
-0.02599079806  
0.1668447062  
3.630253889  
2.355637412  
-1.738085728  
-4.612444598  
-2.70615806  
-0.3925869983  
-1.803418338  
-0.8493779838  
-1.0525312  
1.858215849  
3.910527216  
1.493164992  
0.6034228183  
0.1091076794  
1.501533903  
2.368718383  
-0.411068488  
-1.695468609  
2.009291919  
3.296571516  
-0.9215716096  
-3.407022948  
-4.091794098  
-0.379265278  
0.1511794072  
0.4481106566  
-0.9854334952  
-2.100054361  
0.7684073158  
0.6208286041  
0.1096602929  
-2.002431014  
-1.914096631  
0.17732271  
0.6885596663  
-0.4666473583  
-1.530742328  
2.115403696  
4.993610881  
3.876041761  
0.2136094363  
-3.948004737  
-2.277318641  
-0.6420263398  
-0.7683522332  
-1.591645305  
-1.897004094  
-1.561198775  
0.4841780695  
2.831127493  
1.449423975  
0.6400571242  
-1.224836713  
0.9652025749  
3.611997298  
1.128596711  
0.6165133848  
-0.141176366  
2.548417079  
3.329991406  
-0.3034344865  
-1.336593297  
-4.00239845  
-3.238213528  
-1.784338125  
-1.376674793  
-1.854205153  
-0.9851731383  
1.272242917  
2.129281857  
-1.540682799  
-1.700049707  
0.6654011924  
2.552988654  
2.298277098  
1.549111596  
0.297130399  
1.170831853  
2.573410107  
1.98309847  
-0.2663905603  
-1.306110278  
0.2369999777  
1.743862786  
-0.351204129  
-0.5973010197  
-0.2680283052  
1.159317712  
1.978706193  
2.728079935  
0.2408763058  
-0.3790928606  
-1.37557789  
-0.9060320014  
-0.8123705252  
-2.272094613  
-2.29133645  
-1.616074665  
-1.851876989  
-3.661559342  
-1.398732724  
1.470188597  
2.558756076  
2.005111116  
1.64169859  
1.156777997  
2.506874326  
3.298055027  
0.04222839768  
-0.1009693808  
-0.3777328116  
0.5151161563  
-1.05375868  
-2.750992873  
-1.409315413  
-0.08120852034  
-0.2102175762  
-1.906272082  
-2.86909131  
-0.8660058909  
2.02797052  
0.4961117642  
-2.82482161  
-4.088488314  
-1.179145635  
1.886120654  
3.897212504  
2.299426909  
0.8643143696  
-1.062351348  
-1.408116507  
-0.2004167437  
1.312413067  
3.113433851  
0.4089524845  
1.142266903  
0.2281024594  
1.154215647  
1.344613108  
0.6719661707  
-2.272267774  
-3.437136565  
-3.975161597  
-0.5256693677  
1.517862714  
1.24961934  
0.2991884261  
-1.185684706  
0.3117782894  
2.341624702  
3.113545948  
-0.6116252149  
-0.7574536067  
0.5782922783  
0.3801033351  
0.1480692032  
-1.74013422  
-0.8611326962  
-1.471960189  
-0.8743934699  
0.4970849441  
3.614913731  
3.139471425  
0.09924531796  
-1.977303331  
-2.134394104  
-0.05145729925  
1.04827961  
0.0841180709  
-1.333172468  
0.7103925808  
1.539387704  
-0.747869336  
-3.494769656  
-2.689664624  
-2.282725027  
0.6698969813  
0.9363600969  
-1.357742929  
-0.7787242974  
-0.4864634225  
0.6500458895  
2.15688583  
-0.0894498778  
0.1876152771  
0.1307582777  
-0.04470542121  
-1.897352316  
-4.181145178  
-3.262510733  
-1.208305955  
1.488572881  
2.35078504  
-0.5958944233  
-0.7532469302  
0.03960844662  
1.597543583  
3.180525368  
1.074887474  
-0.7942948503  
-2.542261591  
-0.6740012446  
1.077170372  
3.602959075  
0.9698215232  
0.7509032182  
1.057036013  
3.055675734  
4.201777684  
1.331376283  
0.3799970638  
-1.111733104  
-2.08793212  
-1.92967533  
-0.8594939238  
-1.54555466  
-1.958439848  
-2.568902183  
-2.503406205  
-1.043227642  
0.9673778534  
1.17701592  
-0.6736881324  
-0.2961437493  
-2.007038463  
-0.5674737835  
1.608082546  
3.271129515  
3.516654441  
2.274648901  
1.508524637  
-0.8308617506  
0.7613191376  
2.062367961  
0.2120273419  
-0.6859258715  
-1.896248505  
-0.6615067114  
1.361840893  
1.559338204  
-0.7255580616  
-1.613140984  
0.9007976447  
-1.272978135  
-2.77182743  
-4.083443841  
-1.824939312  
-0.2426175791  
-0.7045970163  
-1.779521305  
-0.7732196888  
1.179695814  
2.472743691  
0.9709188636  
-0.16011343  
1.624550104  
2.281562206  
-0.1410208261  
-0.8997577196  
-1.280621977  
1.003235526  
0.5381780303  
0.7536742011  
0.2887191275  
2.111985124  
1.40075269  
-0.7758899601  
-0.4022914314  
-0.2077189732  
2.173014717  
1.185927164  
-0.2031408729  
-0.4613377314  
-1.19170243  
-1.565596274  
0.8703395644  
3.016017937  
1.554173347  
0.5975297807  
-0.2337311223  
1.510406635  
4.242835793  
2.903930274  
-0.09292333883  
-1.471393379  
-0.645967374  
1.665512663  
1.816126021  
0.1661896706  
0.6731768685  
0.6428892776  
1.912696116  
3.006164018  
2.818694084  
0.1163026979  
-0.8090513485  
-2.876335753  
-1.685953401  
-1.631360142  
-0.9832714188  
-0.3568432332  
-2.495001131  
-2.94420921  
-3.928782307  
-1.129192574  
2.899672251  
2.857383162  
0.1376154219  
-0.03352389967  
-2.54540363  
-1.628305336  
2.025055319  
2.512289124  
-0.979455955  
-1.523620472  
-1.984801782  
-2.316456993  
-1.376356948  
-0.0282536121  
0.248544911  
-0.429510762  
-0.8015823276  
1.052195503  
2.632245543  
3.968325247  
2.792755329  
1.009170414  
-1.089151734  
-0.1954521766  
-0.03041804032  
-0.9992337182  
-1.356595931  
-3.351064122  
-2.439533446  
-2.577304274  
-2.315891042  
-1.661883851  
0.1451953022  
-0.4629311699  
-2.25657213  
-0.7596955008  
1.912198691  
4.428573918  
3.142351913  
1.374746632  
1.505063112  
0.6329934086  
2.000383007  
1.458952026  
0.7143668737  
-1.252901407  
-1.305974076  
-2.433051849  
-3.703395809  
-1.352687115  
-0.5078312067  
-1.480629791  
-1.154120899  
-0.6059664609  
1.000321766  
3.653529597  
0.9912957336  
-1.802808509  
-1.779733194  
0.3132032743  
1.188020139  
1.333766074  
-0.04206934921  
-1.740071564  
-2.209931423  
-2.067392093  
-0.5435536119  
1.092888047  
-0.3253792241  
-0.936607556  
-2.338572656  
-1.826637339  
1.152074269  
0.7205543894  
-0.5212308478  
-1.37394873  
-0.8745120779  
-0.1230090512  
1.656451472  
2.907289253  
1.17118281  
0.01726423966  
0.2440186675  
0.3736073904  
0.9235536769  
0.1361543137  
1.344296198  
-0.525256288  
