2.078344549  
0.8253404124  
1.13256462  
3.369987377  
1.087602949  
0.293600841  
1.255865136  
1.032949286  
-1.444538854  
-2.807262162  
0.4984830991  
-0.7248426561  
-4.286078924  
-4.399110583  
-2.677199243  
-0.1772114836  
-0.07713147625  
-0.2090337135  
0.8531790049  
2.844500933  
1.868819428  
0.09016647929  
-0.5810419542  
1.08180663  
0.4431533114  
-1.396070278  
-0.692444738  
1.47627841  
1.584944006  
-0.4606867321  
-2.092662415  
-0.6996769163  
2.37808758  
-0.5731396057  
-3.26159184  
-4.136186671  
-1.311679426  
-0.9884363398  
-1.140887877  
-1.643267699  
1.322444133  
0.9202107243  
0.4732600502  
1.542306523  
2.067922058  
1.983315886  
-0.4133010246  
-0.7209019284  
0.585139102  
-1.153235403  
-2.224069691  
0.3855484422  
3.318405863  
2.277359912  
1.161838347  
1.382395791  
2.607051996  
0.9809851783  
-2.568217491  
-3.485793804  
-0.2895228122  
1.348878674  
0.03653924953  
-1.273261412  
-0.9720872446  
0.8043146822  
-1.240968032  
-2.252374754  
-2.532158806  
-2.240365997  
-0.2742016749  
-0.7008620159  
-0.8383250458  
0.4538589501  
2.798659836  
2.597435649  
1.653557629  
1.461025915  
2.433837323  
3.180085004  
0.8758080799  
-0.7540746262  
-1.179933865  
-0.2287106759  
1.764121595  
-1.53883207  
-4.019037672  
-1.925800455  
-1.007007636  
-3.228128242  
-4.601425185  
-4.731639518  
-2.464882114  
0.5544571114  
2.331134451  
1.547066453  
1.95857483  
2.549927784  
4.443753028  
3.899309732  
0.0264992339  
-1.552547706  
-1.849235757  
-0.09249435326  
-0.3544842153  
-1.70240493  
-0.7686445328  
1.307647307  
2.958917229  
1.435188365  
-0.2616544006  
-0.3599238725  
0.8636317234  
1.976555751  
0.2683735941  
0.4420269393  
0.6125389152  
1.565689884  
3.831198244  
0.4452775797  
-1.798630038  
-1.771344167  
-2.021806491  
-2.029142487  
-4.769400063  
-3.958311809  
-0.4011114817  
1.944631217  
1.631961868  
-0.5666771712  
-0.6060261563  
0.911857274  
0.7715963224  
-1.982401766  
-4.310364015  
-1.97596248  
1.103593794  
1.064862008  
-0.5500551992  
-1.374992946  
-0.3508226892  
2.341055476  
1.881361354  
1.153751061  
0.7569955518  
0.06535012992  
-0.5087120602  
-0.806133662  
-0.3356151428  
0.1671800529  
1.479239588  
4.115437792  
3.222216069  
2.228251241  
0.6328257263  
-0.06500849242  
1.040628369  
1.99711024  
-0.6786322939  
-2.68553998  
-2.100720997  
-1.265564279  
0.5117085815  
0.3176906363  
-0.4422350064  
-1.545280929  
-0.7752784116  
-0.5453894638  
-1.118110469  
-1.013800719  
-1.453610069  
1.230856689  
0.457183758  
-0.9338903061  
-0.6352976315  
0.7324949971  
2.977835934  
3.199375367  
0.1457800368  
-1.922262059  
-2.902410619  
-0.1991947273  
2.265168094  
-0.3648043379  
-3.245794391  
-2.922700866  
-0.427882634  
-0.09472610191  
-0.4023307359  
-0.8852723987  
1.425018977  
1.476747025  
-0.03461787235  
-0.2298168893  
1.397419311  
2.397807801  
2.473182691  
1.52120087  
0.5903115779  
0.2645692614  
-0.5612639614  
-1.707757056  
-1.819831436  
0.5724035691  
2.920496991  
2.06886625  
0.9134091186  
0.3375995938  
0.1972062701  
1.130719669  
-0.7500512537  
-2.87428262  
-2.096375311  
-2.167576371  
-0.7107297907  
-0.7218002108  
-1.355980171  
-1.834919181  
0.4553423466  
1.070907988  
0.3917642992  
0.1360324243  
1.101694795  
1.198654373  
0.8850333068  
-1.948938124  
-2.448833278  
-0.4309910658  
1.338730336  
0.7441751163  
0.08994490151  
-0.6442803784  
-0.3734703931  
1.64905463  
1.9620969  
1.569201424  
1.415422586  
-0.9114299882  
-1.033059673  
-2.522920506  
-3.094648725  
-1.584523433  
1.244794777  
2.60789508  
0.7601044908  
-0.2269142488  
0.9172036954  
0.9867181343  
1.254253459  
0.8060100462  
-0.5657189323  
-1.045623514  
-1.244326575  
0.9294293042  
0.1192153779  
-0.3501598472  
0.05688729822  
0.327888191  
0.002718199306  
-0.03871843346  
-0.4950648162  
-0.9285348292  
-1.470551676  
1.623080976  
1.793078511  
0.8467751555  
0.2610315778  
0.2180299934  
2.80479739  
1.998380716  
1.429885883  
1.394032139  
0.9713791952  
2.657704778  
1.24920478  
-0.3846877283  
-1.464214249  
-2.568696954  
-0.9801979679  
-1.570207553  
-2.020123207  
-2.107262784  
-1.037477773  
0.8130814592  
0.0525958638  
0.129267943  
0.9366490865  
-0.4674292627  
1.087289793  
0.2570799902  
-1.924230955  
-2.518995682  
-2.117693965  
2.188324028  
3.311317197  
-2.593483788  
-1.11189746  
-0.307856557  
-0.2864686855  
1.508336401  
3.408852505  
4.033193422  
0.5929547009  
-1.584495083  
-0.8479513237  
1.899332429  
1.054835196  
-0.6276164108  
-2.670046371  
-2.511310231  
0.3414595702  
0.3339049149  
-1.433879836  
-1.811351253  
-1.940142612  
-0.02615523751  
0.7070671793  
-1.016226097  
-1.82355478  
0.73039793  
1.874021122  
2.053095261  
2.005458966  
2.318709886  
1.34878955  
0.8289785177  
1.488052956  
0.9313879877  
-0.0214534203  
-0.6966912895  
-1.454266632  
-2.009206248  
-0.05334621652  
1.314398942  
-0.1798510848  
-2.667386913  
-2.829328123  
-2.485766721  
-1.642885286  
-1.129347133  
0.03171907053  
0.9455836442  
1.114061218  
1.117143098  
1.883303982  
0.006135912159  
-0.1754525726  
-1.417707968  
-1.051582614  
1.445747461  
0.7367395491  
-1.191339649  
-1.096670946  
-0.3693393165  
1.706901  
3.68770088  
2.214756882  
1.261040681  
-1.662160769  
-2.112791995  
-2.566789871  
-1.764528523  
-2.948987297  
-3.518868448  
-0.894243081  
1.456665661  
2.759118265  
2.104723055  
0.6979102379  
-1.273040939  
-2.196742192  
0.3407244575  
0.6003594129  
-0.5330003322  
-0.1857204793  
-0.2408352183  
1.636463476  
0.1801235948  
-0.8654741722  
-0.05710096283  
1.492401403  
3.027265562  
0.7805359985  
-2.786807709  
-3.902478078  
-0.8397819405  
0.5731334195  
0.3422665478  
0.7332981901  
1.467170521  
1.102463527  
1.870165423  
1.357628957  
-0.7533344809  
-1.452075147  
-1.882664437  
-1.620133586  
-0.9572434431  
-1.481719512  
-1.138801123  
0.6517913294  
1.523065669  
3.176250745  
3.275391925  
1.996730202  
0.1741553472  
-2.505062642  
-1.42888065  
-0.5692178732  
-0.8041032713  
-2.999285011  
-2.649493175  
-2.179773988  
-0.3067382892  
1.676236526  
0.6356886691  
-0.1073964166  
0.5590556944  
1.006444721  
1.977951788  
3.058257113  
2.687122503  
1.338147124  
0.08859893379  
0.30402117  
-0.4787082903  
0.9189619614  
0.3461567472  
-0.9070291641  
-1.031089249  
-0.1122893133  
0.4775107061  
1.668544751  
1.848858153  
-0.9490755509  
-2.870721589  
-3.936100609  
-2.024347586  
-2.354326445  
-4.610825336  
-3.729746021  
0.1563520601  
1.432675668  
0.8907203458  
0.06613916207  
0.2674046297  
3.120504908  
1.823683143  
-0.01856383108  
0.8250181155  
1.550620959  
0.3991441578  
-1.107816835  
-1.870792356  
-1.026586158  
0.3913309102  
0.7717959756  
0.2860855317  
1.513071001  
2.717631477  
2.357604517  
0.3455898432  
-0.1489104557  
0.8106088378  
2.859514369  
2.852419365  
1.300112451  
0.136465475  
-1.362117193  
-0.3860123628  
0.8040980027  
2.039071558  
1.628636117  
1.622942619  
1.359203479  
2.932436057  
1.280549204  
-0.1724704036  
-0.9408147517  
-1.16279615  
-0.1242508683  
-0.1106800514  
-1.027980718  
-1.980401037  
-0.5915570967  
0.6065779078  
2.056534874  
1.674011368  
0.2828613204  
-0.08485499209  
-0.4798771577  
-1.723800877  
0.8026839452  
-0.5190150972  
-1.542850959  
-1.633149363  
-2.841214965  
-2.827077787  
-0.8627200012  
1.755393482  
1.219548673  
1.48202933  
0.1404344669  
0.1963345666  
0.9773385521  
1.567372899  
-0.6605881272  
-2.139955191  
-1.028413191  
-1.82107639  
-1.487721211  
-1.178420872  
-1.241765229  
-1.149153116  
0.1969456956  
0.2633723908  
0.04700147858  
1.487783297  
1.619623411  
0.2642203821  
-0.5485816563  
-0.1956369583  
0.2636291739  
-0.2202879037  
-0.3912348078  
-0.2775321284  
-2.172234337  
-3.239474371  
-2.3405322  
-0.9484118334  
0.3474117732  
2.189409249  
1.273335234  
-0.709758208  
-0.6093169548  
-0.1737229911  
2.274915903  
3.133173649  
2.431953297  
2.36181569  
-0.1651412782  
-0.1390214849  
0.09353559022  
0.4862429314  
-1.92347842  
-2.701510232  
-3.958080097  
-2.072110626  
-1.111396959  
-2.450327993  
-3.13320802  
-1.447977823  
-0.05825059667  
1.403522901  
3.020312217  
4.190971334  
4.09731225  
2.022373391  
0.4184903815  
0.7048884119  
0.1967960589  
-0.934991591  
-2.23508119  
-1.259108416  
-0.2823746123  
2.12778053  
1.094731543  
-0.5151575484  
-0.6043183454  
0.180550472  
2.012683515  
2.635543654  
0.8516712488  
-1.459244479  
-1.145092642  
-0.03939536638  
-0.6284088887  
0.8124063808  
1.742022805  
2.101055544  
1.924101797  
-0.2061156283  
-1.299716798  
-2.2948364  
0.2073152767  
1.076552734  
-0.2563167757  
-1.580786518  
-1.008406244  
-2.449847035  
