-0.04383758477  
1.486161881  
0.9938867844  
-1.137816868  
-2.189070786  
0.5979476209  
1.202599297  
-3.418669016  
1.865217955  
3.591394976  
-2.949472166  
-1.104643788  
4.72437516  
-0.1544733118  
-1.355998602  
1.382753412  
-1.747722106  
1.892371071  
-0.9679228042  
-1.720316598  
-0.2273362942  
3.339027128  
-2.579725806  
-4.103300521  
0.7477206045  
1.170691017  
-0.1561074562  
-0.906240258  
0.8741499173  
-2.987228813  
0.5173919366  
2.241636797  
-0.06413071563  
-0.1998090863  
3.320551247  
-1.666452947  
-4.093029165  
2.148090994  
-1.378076904  
-1.492400305  
0.6251511872  
-1.74707255  
2.769965929  
3.553617469  
-4.142201545  
1.518614802  
-1.414672656  
-0.9835265948  
1.946820414  
7.096198887  
1.039804288  
-4.08583031  
-2.47444006  
-3.339041451  
0.850336157  
2.461178791  
-0.1405604415  
-1.669365931  
2.799125832  
-0.1539521885  
-3.218184944  
-1.461603499  
0.7485313979  
-1.452999685  
-0.9393506481  
0.4458973647  
-0.8962960289  
3.845214545  
-0.7341104772  
-3.102123426  
-1.439482452  
1.675398414  
-0.1738096683  
1.408310759  
2.646351002  
-2.775941691  
2.008947681  
-0.3771343018  
-0.2034532723  
1.919906991  
-3.191344711  
0.9727900671  
0.2592270603  
-1.351728501  
-0.7378530228  
-1.678515929  
-0.3071316565  
1.085031636  
0.1742101214  
-4.933665503  
0.7098346917  
-0.7337479198  
-0.2242732167  
-0.0456933221  
1.005017896  
4.035913734  
1.14209277  
2.252050132  
-1.792586471  
-0.1585721926  
-1.406358729  
1.745493104  
2.380819166  
-1.822740102  
-1.613288053  
3.257881132  
-0.7191829479  
-0.6531295945  
-1.376599057  
0.5593015017  
4.074339232  
0.03807611587  
-1.688942195  
-0.5745741934  
-4.262047015  
2.299199224  
0.6397340876  
-1.376199033  
1.51315129  
-0.9980289846  
3.539031365  
2.71148019  
-1.847450221  
0.3982841951  
7.457917266  
1.098789732  
-3.143031449  
-1.463807442  
-1.613249219  
0.5173780293  
1.89350114  
-2.48158843  
0.1894040724  
0.9350558835  
0.7399869409  
0.396461942  
0.01452956525  
-3.761836013  
3.026137658  
0.5960157523  
-0.08571365591  
-1.650073356  
-3.152610449  
-1.761331302  
-1.649102335  
-4.331403865  
0.2155994873  
-1.928263614  
0.4092947533  
1.343359291  
-1.595670378  
0.8045819524  
1.410584445  
-0.7617723806  
4.225425635  
-0.2849257006  
0.9095635746  
3.348632264  
-0.8521543911  
3.983903152  
2.894698567  
-2.14163944  
-4.184953742  
-5.01790593  
3.376547068  
0.1085854577  
-2.703345262  
-0.3074345255  
1.695509292  
2.013627882  
0.3079104705  
-4.260233071  
-0.9506819844  
-2.091833471  
4.042490111  
-0.3459493692  
0.1786725343  
0.7524654119  
0.07895536604  
4.980976221  
0.5260500836  
-2.004377321  
0.9772635048  
0.669335093  
-1.349073461  
-0.674582023  
-1.162250582  
-2.048231845  
1.64356643  
-2.004757537  
-3.83600481  
-3.834086833  
2.728655646  
-0.06510336437  
-0.9416567907  
-3.423065224  
-1.143139885  
2.609530517  
5.548760532  
-0.6922681944  
-0.6801883529  
4.668069577  
1.262828584  
1.032215066  
-0.4943151249  
-2.144412534  
3.317902274  
-0.5164368677  
-0.5074804625  
0.3858331539  
-0.7111285175  
4.456603752  
0.7696584402  
-3.034546626  
-1.106028614  
-0.5417804191  
1.235466746  
2.512083647  
0.2599723852  
-2.299969893  
-2.428772144  
3.27564209  
0.8730148905  
-4.935349914  
-0.4769877952  
0.7825335567  
0.6157650349  
-0.5698466105  
0.7818520998  
0.5011255114  
6.023553008  
3.464779819  
-2.923897387  
-3.043380449  
-2.997106975  
2.28184543  
-1.174641501  
-3.762662127  
-2.224236244  
-1.045773462  
4.099224736  
-0.03827982559  
0.2714571498  
0.7823434773  
-1.860427245  
0.2587884136  
2.146924164  
1.340269986  
0.07040888872  
2.168172425  
0.6381589954  
0.8861768818  
0.9338737074  
-2.640006548  
-2.087092861  
-0.5362460997  
0.2983456984  
-1.639358176  
-3.569402224  
-0.8614329815  
-1.861447538  
1.572280302  
1.547733822  
-0.7952186681  
1.136317124  
7.607868751  
2.635907966  
-0.8036934599  
1.695931099  
-1.20963417  
0.9119053827  
1.441450063  
-2.461785431  
-0.3080675453  
-0.7452923219  
2.441155208  
0.4209336228  
-3.942885811  
-2.513778456  
-2.293795854  
0.1475435307  
1.230450266  
-3.769896698  
-1.116024803  
-2.212260044  
2.543859732  
0.1139814355  
0.824565842  
-2.108118994  
0.7287040424  
1.346630623  
3.7289861  
6.017857503  
0.2630077365  
-5.895196172  
-1.520604766  
0.2774211811  
-0.9528134778  
4.747095708  
1.602166292  
-0.1487342888  
-1.050888105  
-0.1920453666  
2.826442913  
-0.102482357  
0.6126421624  
-2.236649729  
2.176103084  
1.728050642  
0.2352051345  
-0.4596897727  
-1.564295265  
1.990472802  
-2.470644249  
-2.750268121  
-0.7698054807  
-3.445987787  
1.829135021  
0.9099431716  
-4.895673643  
-2.88464773  
-3.260735422  
0.3194863412  
1.935012595  
-1.217066414  
0.9996189978  
-1.678202495  
-0.2421319279  
2.036985007  
1.775546158  
4.292192335  
3.625129925  
-0.4118405887  
-1.484363156  
0.4536399589  
3.296458828  
2.425519974  
3.467798294  
-0.1807331751  
-1.393622542  
-0.9427674761  
-0.7153803339  
-0.2050713025  
-2.267354123  
-1.720409972  
-3.563957928  
2.86306435  
0.4770280783  
-0.8703405156  
0.1213522063  
-1.796709213  
-1.535198654  
1.454753102  
-0.3073119106  
-0.06610495941  
-0.204044912  
-1.024949717  
-1.974080394  
3.884266409  
2.501213851  
3.034774465  
2.750030268  
-1.126297444  
2.063781298  
2.288196631  
-2.166673408  
-2.356679444  
-1.687338076  
3.872744021  
0.5974729158  
-0.6056435705  
-3.792667162  
-2.780972435  
-0.378055353  
0.3475252311  
0.3847442352  
-3.35288057  
-4.657688626  
1.384359935  
-0.7282832642  
-0.6936601114  
-1.904990129  
-0.4782780495  
1.262268529  
0.7943632443  
-0.7750993786  
-2.110595262  
-2.167556492  
3.161868927  
3.285128628  
-0.1224862645  
1.352285517  
0.3666580323  
5.875141519  
2.254240502  
2.806611928  
-0.7439929364  
1.335905395  
-0.3830462923  
3.330353692  
3.338893065  
2.127395796  
-3.198439897  
-2.151181278  
-1.537788189  
1.813944946  
-0.4662028494  
-1.280688133  
-4.173371661  
-1.407844457  
-1.246538024  
1.256056424  
-1.596069118  
-0.6398155469  
-2.40732951  
-0.509601835  
-0.3965220988  
5.869338662  
2.178364493  
-0.5628798917  
-1.279752101  
-0.262069263  
-1.989343644  
-1.2573574  
3.148968996  
1.864300597  
0.2655937096  
0.3831509383  
-2.444082332  
3.202333135  
2.504972272  
3.550914507  
-0.8859710387  
1.6864407  
1.069385721  
5.241490451  
2.588049507  
-0.5189913705  
1.605370137  
-0.5093914494  
-2.374015786  
-6.137309629  
-3.386242299  
-2.802720577  
2.335577689  
-0.6558965463  
-1.649801565  
-1.395883011  
-0.5511150998  
1.471374267  
-0.7873204265  
-1.322430093  
-1.538124909  
1.800637972  
1.868040605  
0.1581970552  
2.068334776  
1.267915042  
1.49958599  
-1.208484258  
-5.620838613  
-1.54381034  
-0.5846159415  
-2.852526956  
-2.108275419  
-1.036576304  
0.3965511039  
-0.5493833375  
-1.280594168  
1.289785109  
-1.6692609  
-3.171608162  
2.243501477  
3.339382731  
-0.2784366729  
-0.4311798638  
-3.207771654  
-1.893807607  
1.787193098  
2.018136899  
-0.9243581987  
-1.007751116  
2.620664986  
4.266682055  
1.603300623  
2.402682803  
-1.60691721  
-0.6514876528  
-0.8246344543  
-0.6878266174  
2.061252994  
4.177396123  
1.316945402  
1.898445884  
0.6958324805  
0.0620597986  
4.390618613  
3.657440219  
-0.4176777406  
0.607198301  
-2.07691562  
-1.345515717  
2.446069982  
-0.4521943074  
-1.646535818  
-2.736820607  
-3.583723346  
-2.003361889  
1.629821807  
2.091665482  
-0.3287499968  
-1.562321221  
-1.125682637  
-0.5336100535  
1.193122547  
2.401648382  
3.507092769  
-0.04892970327  
-1.31029276  
1.640693576  
1.891530731  
-0.04149984444  
1.804570186  
-1.811531682  
-1.687670549  
1.995729111  
0.2968937447  
4.071920442  
1.188675579  
0.2285817033  
-0.8629852226  
-1.265549391  
0.5136434812  
-1.099239738  
3.079293109  
-0.7757703999  
-4.445895594  
-5.720327085  
-4.426190923  
-2.238634324  
-3.480279612  
-1.702476899  
-3.379480008  
-2.795762353  
0.2209538145  
0.4144116843  
3.799657337  
0.534037712  
0.4302843428  
-0.1415417723  
0.8324386844  
5.452433073  
3.409002508  
1.254853851  
1.64541373  
-0.6223133402  
0.6519922425  
2.751226055  
-0.4745839604  
-4.427934914  
-3.015013776  
-3.650711358  
-4.6118861  
-1.309976416  
-1.155264551  
-2.930262511  
-3.347661687  
-3.963680052  
-0.7841800508  
2.231518984  
0.5798613982  
-1.416174972  
-3.949638742  
-2.651413986  
1.696319189  
2.770127049  
1.512252077  
0.8696421667  
0.190340828  
-0.6429855073  
1.796946093  
4.490787971  
1.670041299  
1.586572326  
-1.284254073  
1.13139025  
-0.02803568191  
0.8071955172  
2.03710307  
-1.863786967  
