0.3575414518  
-0.9261413852  
-2.373161855  
1.189621498  
-0.3540450597  
-2.42937722  
-1.062372664  
2.413663008  
-0.6936093696  
-2.306757838  
0.9773819139  
2.797170168  
-0.4183087797  
-1.124943819  
0.03308197936  
3.080239768  
0.04991168849  
-2.425264196  
-1.312248938  
2.923102929  
3.394821273  
-0.8730016338  
-0.3056201358  
2.100407683  
2.001077187  
-2.192602469  
-2.564348485  
-0.4849606897  
2.325625876  
1.546582526  
-1.201974583  
-0.8339402621  
2.506101916  
0.7675596388  
-3.057998831  
-3.233875882  
1.385113367  
0.3975781936  
-1.063104696  
-2.104442097  
1.115854573  
0.6498514658  
-0.1383779981  
-0.4340035665  
3.869150568  
1.179048701  
0.1770392272  
1.84415316  
5.142226254  
2.889302587  
-2.627395502  
-2.799257209  
1.651776035  
0.9601478877  
-1.33748522  
-0.3390354045  
3.398083591  
2.115026424  
-3.661906381  
-4.614794251  
-2.030546264  
-0.2034344131  
-2.197972198  
-3.562298395  
-1.906819657  
1.610618372  
-1.666332397  
-4.832920142  
-1.35862961  
1.264053303  
3.997588876  
1.442349859  
0.6848705375  
1.263081701  
0.3662050127  
0.8681062687  
-0.2584000282  
0.9953033376  
1.71352774  
0.485796685  
-2.262008042  
-1.697032207  
-0.1444437145  
-1.448470369  
-0.2569281794  
-0.3045127479  
-0.4263738659  
-2.941312163  
-1.742925945  
-2.167957175  
-2.081363539  
0.8612742745  
1.922022874  
3.938676756  
5.039289116  
2.953434407  
0.4266301552  
-0.01411699776  
1.145790108  
1.977568694  
0.04003006041  
-1.728444097  
-2.568962921  
-1.705962714  
-1.287311875  
-2.071114014  
-0.06406505881  
0.3717230795  
3.356014171  
0.928697486  
-3.633594709  
-3.146097226  
-0.4564236352  
1.709653263  
-0.9172335761  
-1.972500952  
-0.5635208004  
1.889162606  
5.450669058  
3.444030169  
1.934581199  
0.5458815243  
1.741353231  
0.6216299613  
-2.70059289  
-2.014914769  
0.6202178447  
2.59441333  
-0.3948502808  
-1.711973528  
-2.035229562  
0.6079382277  
2.95882907  
0.3030631243  
-1.558532775  
-2.171387878  
0.300629604  
1.215384827  
-1.360728548  
-2.649573734  
-3.943411165  
-0.4739066337  
-2.109676316  
-3.090947568  
-2.66748525  
1.156100568  
2.610278871  
1.053873192  
0.06275916564  
0.9373733786  
3.38427252  
2.776576151  
3.794768964  
3.303412222  
2.186000228  
2.093266322  
2.876454014  
2.6606623  
-0.8070194897  
-2.51732093  
-3.879876936  
-4.005757858  
-0.2436376167  
0.5458444975  
-2.385630331  
-2.137846911  
-1.044546404  
1.239042721  
-0.2509787545  
-2.105316458  
-0.2336332807  
1.223965663  
4.186186185  
0.9065252508  
-0.3180441566  
-0.006695692714  
1.805923545  
4.215804279  
0.3920498858  
-0.7421690382  
-1.422445364  
-0.7280234477  
-0.8108817757  
-3.764197892  
-2.745305523  
-2.170686454  
-0.4034083515  
-4.017725971  
-4.389045907  
-3.756491115  
0.1287976822  
0.4194230424  
-1.182149823  
0.2306046118  
1.876955927  
4.288190412  
3.287762435  
1.020612631  
2.287405826  
2.435236958  
3.988243954  
0.007394713185  
-2.85212702  
-3.909835405  
-1.575794458  
-0.615295536  
-1.026396697  
-0.5107293775  
-0.1500992522  
1.935059388  
1.203513227  
-0.9560555265  
-1.363457982  
-0.5035901884  
3.042633862  
0.7919076794  
-1.297020033  
-1.438099359  
1.30912297  
0.06810794379  
-1.185128714  
-2.790450406  
-2.736669721  
1.149024353  
0.8836918131  
0.2301880941  
2.107335961  
2.910171823  
5.365533379  
3.351997012  
-1.594845663  
-4.279646489  
-1.765249261  
3.731363627  
1.593981596  
-1.574798674  
-2.974913647  
-0.5411035518  
1.664159803  
1.256790213  
-2.005167542  
-1.557362491  
-2.062518889  
0.6176772951  
-0.4744519243  
-1.47658445  
-0.498852553  
1.372686379  
1.0815751  
1.937094134  
-1.8857497  
-3.495423231  
-3.003964266  
1.435561403  
0.7350565648  
-1.463893032  
-3.182985997  
-1.078306011  
0.9632641819  
4.040897519  
2.447016402  
1.554661432  
1.655179135  
4.130701699  
3.475685941  
0.4856962604  
1.207224384  
1.864938794  
4.557466798  
0.5843261766  
-0.6193358884  
-0.4659847984  
-0.107250802  
0.6832449787  
-4.199257506  
-5.206154527  
-2.063511118  
-1.259621369  
-0.5781676096  
-2.795340303  
-4.269223138  
-2.739557774  
0.2315154381  
4.002342942  
1.696739731  
-0.7353986764  
0.6786062201  
1.682228033  
3.558299089  
4.102424863  
2.926754099  
1.659489645  
-1.283889335  
-5.28208657  
-2.875259059  
2.204723051  
4.084731464  
0.8654591708  
-0.4369840044  
-1.356171994  
-0.3141541716  
3.00559941  
-2.102128427  
-3.291996913  
-2.348972966  
0.623796081  
2.738783552  
1.06686084  
-1.42495984  
-0.5920273991  
0.5257028859  
0.2007949104  
-3.229416573  
-1.715044436  
0.1190316681  
0.9748303707  
-1.632058827  
-6.375399243  
-5.042366941  
0.1926223214  
3.465300716  
1.105804179  
-1.03129917  
0.6676534504  
0.5397777311  
0.9134942129  
2.6666715  
5.515205994  
3.778926986  
3.350323382  
1.129648944  
0.05637608934  
2.21061169  
4.571170175  
2.780669798  
0.5251874083  
-0.7727292002  
-2.746769526  
-2.529380468  
-3.757495691  
-3.921251213  
-2.9662938  
-2.608749121  
-2.433458109  
0.1405124557  
0.09250730068  
-1.339973286  
0.1916660889  
0.6994712808  
2.768482876  
1.086361949  
-0.7623239474  
-1.16845303  
1.584075344  
2.244091542  
2.223193784  
4.815207256  
3.360973856  
0.04107394168  
1.282355106  
3.782813267  
3.418596967  
0.690747746  
-2.764782133  
-4.452011808  
-4.391910919  
-2.475672368  
-3.178699751  
-5.299543515  
-4.283238268  
-0.2349962561  
2.611548775  
1.321193196  
0.05424915265  
-2.086137324  
-1.870876014  
-0.1655911282  
0.3755206681  
-0.4185160625  
-0.9594996333  
-0.7630182175  
1.511686746  
-0.5987600917  
-0.6784318999  
0.6564989535  
0.9490095665  
1.38586634  
-0.4388631388  
-2.483133879  
-0.9276054681  
2.167348071  
4.793651309  
3.34343308  
1.265637914  
1.200024799  
1.39858016  
2.449849921  
3.699680788  
0.1987495433  
-0.04194632211  
0.06274831263  
-1.99110259  
-0.1298503357  
2.342331904  
0.2814379984  
-0.456526161  
-1.305053308  
-1.840859552  
0.8235240785  
-0.2189964065  
-3.17344357  
-2.823340306  
-0.02967558696  
1.084062673  
3.459813765  
4.921487511  
2.392149512  
-0.9097939308  
-1.469295578  
-1.485440473  
2.062921156  
2.613616811  
-0.2238152641  
-1.636145996  
-0.5842681589  
-0.2873063686  
0.7074106709  
2.671371237  
1.989467746  
-0.4932003799  
0.1108433956  
1.696086374  
1.630807306  
5.227905375  
2.929806608  
0.1384245368  
-3.226491517  
-4.586025221  
-6.42530932  
-8.636975737  
-6.177289606  
-2.362462288  
0.2651590772  
-2.113408554  
-2.754909756  
-1.917471474  
-0.8292642867  
-1.566474892  
-2.053017472  
-0.1602780885  
1.3492036  
3.419283679  
0.3926030817  
0.6148344275  
1.916396582  
3.948285154  
-0.4801944418  
-2.391068604  
-1.336032038  
-0.6521739842  
-0.4127761271  
-2.785147932  
-1.522768035  
0.7869262409  
1.50665171  
2.834560553  
-1.366282828  
-0.3370671655  
1.3954281  
-0.05919783425  
-0.3466230817  
0.8808474471  
-1.722139315  
-3.378378886  
-3.698272296  
-2.124913959  
-0.5616819747  
-0.9016374589  
-1.292370225  
0.6744195741  
0.9346767218  
3.184400744  
0.7330458824  
-0.2823551206  
2.78989427  
3.69192327  
4.43499272  
4.749790207  
1.170418125  
0.6634794149  
0.8348589079  
3.651935903  
4.667582167  
4.701254334  
0.571850725  
-0.9235009928  
-1.278420824  
0.708711428  
1.072656904  
1.237273977  
1.665298526  
-1.103969191  
-2.295775652  
-2.300721771  
-2.157516321  
0.6992572473  
1.14839336  
-0.3152992509  
-1.357799711  
-1.554161357  
-0.8900144222  
0.8864498112  
3.545667308  
1.945193648  
0.5878751743  
0.4284501576  
0.5166497986  
2.594219554  
6.027009201  
2.5060278  
-0.8552219115  
0.2454288665  
-2.919251264  
-1.799991485  
2.14017157  
3.226439838  
0.1769298945  
-1.972942618  
-1.735001581  
-0.8205999106  
0.7246845349  
2.814081088  
3.833708891  
-0.9540202276  
-3.562754337  
-5.614988766  
-4.330114878  
-4.614606195  
-6.356755551  
-6.008768554  
-3.285309851  
-2.001191965  
-0.7349266564  
-0.7862245335  
-1.646505689  
-1.141607283  
1.315169141  
2.252591907  
4.489597783  
3.283133284  
1.363080104  
1.269838261  
1.416563448  
2.063818321  
2.2061098  
1.878796963  
-3.960675344  
-3.412973929  
-4.059808019  
-1.892082854  
-0.825031484  
-2.703231051  
-3.575487787  
-1.671217716  
0.2386704129  
0.09177291188  
0.4932002322  
-1.592085137  
-1.5860125  
0.3081054528  
0.7129276042  
-0.0946154674  
-0.1993636944  
-1.63266526  
-2.260016279  
-0.2129797244  
1.818333931  
2.780399966  
4.176091688  
4.801858364  
1.611815103  
0.1260115431  
1.109587235  
2.065217854  
3.740016833  
5.837041511  
2.033850887  
-3.115470102  
-6.711742923  
-7.054428428  
