0.807097895  
0.6097956937  
0.7623171529  
2.446607692  
-0.005185508339  
-2.523999564  
-1.774532322  
-0.275589795  
-2.064955624  
-0.8577004864  
0.3417472718  
1.251177337  
-1.208198968  
0.9322610173  
1.085467556  
1.788964495  
-0.9086994547  
-0.4715725705  
1.587726675  
1.110316882  
-0.3486401152  
-3.435594307  
-1.074843816  
0.3686763443  
0.7163494239  
-0.02057255509  
0.3529791074  
-0.332153396  
2.436017107  
2.213521554  
0.3506103035  
-0.4758230675  
-0.7874897539  
-1.748009484  
-1.044093469  
-1.657143035  
-2.333862441  
-2.436802539  
-1.151878472  
-1.095380377  
2.56143607  
2.450963677  
1.381945752  
0.7228818178  
2.010088801  
0.6449334725  
0.01133548636  
0.315774321  
2.149319586  
0.2836436679  
-0.1405630037  
-0.6021307652  
1.516429924  
-0.5754802007  
-0.4236341275  
1.279580641  
2.681994005  
-0.09238152428  
-1.358240596  
-0.7633127853  
-0.07981587078  
1.940338327  
0.263521869  
-1.714371041  
-0.3645649308  
1.007863398  
-2.021529608  
-3.112728715  
-2.436548762  
-2.478759679  
1.387968439  
-0.03237445915  
1.23219192  
1.084155205  
0.5314047996  
0.4347954211  
-1.00412141  
0.8097610075  
0.9455175154  
0.8729425321  
-0.8464982594  
-0.4047004048  
1.091812599  
-0.3582233076  
-1.077665837  
-3.802103144  
-2.710920127  
-2.509231619  
-1.600046511  
-0.7113899264  
0.1012650212  
2.278444066  
0.4625787394  
1.100502895  
2.419511718  
0.1933634185  
0.4231670299  
-0.4309218028  
0.3962926322  
0.9374330344  
-0.6569736978  
-0.3590992046  
0.6421424446  
1.044789199  
-0.5409115276  
-1.046496242  
1.756195004  
0.1158949329  
-0.5176256231  
-0.5346457821  
-0.8723268704  
-0.004411869057  
-0.3207630208  
1.491360428  
0.05225884009  
-0.1333064427  
0.2429875932  
0.2481093729  
2.162883998  
0.7555369751  
0.8115663975  
0.3800903376  
-1.761969821  
0.6148412791  
-0.285012876  
1.25635094  
0.9496210331  
1.522354329  
-0.3260645764  
-1.687315301  
-2.82909595  
-2.142097828  
0.3077656759  
-0.5462992513  
-1.415881047  
-1.463673752  
0.6030864733  
0.792948784  
-0.6873114722  
-0.1216796737  
-2.058857879  
0.6968012484  
-0.6748905578  
-0.9554140813  
-1.774222378  
-0.522194253  
-0.1396396847  
-0.3627848582  
-0.1422049486  
1.852192844  
4.427444393  
3.371821282  
3.159841636  
2.703667724  
-0.2099794575  
1.027027243  
1.214741368  
2.168550493  
-0.5725919219  
-1.837110948  
-1.983344307  
-3.810674666  
-1.89650478  
0.5396068964  
-0.3323476756  
-0.3816971289  
-1.57562193  
0.2197059242  
-1.191286568  
-0.5267520265  
0.1710869239  
-0.2491622303  
-0.2584523786  
-0.02548370698  
0.1140889441  
0.8500848611  
1.441376098  
2.622614276  
1.411539808  
0.4008609439  
-0.3765243296  
0.03274187515  
0.1040414957  
-3.374242566  
-2.726073384  
-1.523880814  
0.1953923245  
0.7245103152  
0.9227865568  
0.6415016278  
0.3642779933  
-0.6218538676  
-1.152074575  
-0.887202396  
-0.5206508084  
1.127331468  
1.687058152  
0.3342288751  
-0.1478909851  
-0.06480409175  
0.6137569391  
-0.1581852817  
1.603562954  
1.378216167  
1.540372471  
-0.4169446813  
-1.716843767  
-0.7091113107  
-1.989767578  
-0.1773905736  
-0.6272808297  
-1.664323122  
-0.3756294275  
-0.3280640189  
1.012146002  
-0.2134719394  
0.3489476772  
0.4863362305  
1.227648585  
0.5440408608  
0.1109334258  
-0.9127415927  
-0.7600365701  
1.148376799  
1.379094018  
1.502983943  
2.238852473  
1.042630575  
1.958982585  
0.03758757771  
-0.3744349072  
-0.6018887677  
-1.450230535  
2.120704896  
0.3855057892  
-0.7864005577  
-1.686436474  
-2.949518152  
-0.8534662584  
-1.741905286  
-2.568261685  
-0.7542528385  
-0.6668001385  
1.590087045  
1.223697397  
1.489605231  
1.286494404  
0.6827256076  
-1.180784166  
0.135573611  
-1.18872718  
-1.303524216  
-2.888347143  
-1.233445663  
-1.859934741  
-0.7798552285  
0.7951647169  
0.2263100472  
0.394800455  
0.9801839852  
1.254108989  
2.139326551  
1.499895698  
1.751429499  
2.042363725  
1.905414677  
1.571293654  
1.195505077  
3.148775004  
0.3090933339  
0.393276961  
-0.5969525542  
-1.980816888  
0.9543913842  
-1.607757514  
-0.840812553  
-0.06054660299  
-2.079681528  
-0.3084663267  
-1.451658584  
-0.1442869062  
0.8190408696  
1.22393178  
1.890162718  
-0.7456536122  
-1.729763986  
-1.739597102  
-2.798238379  
-0.1702683357  
0.9296815809  
-1.033882292  
0.1946912782  
0.8145528124  
1.203396192  
0.9305911563  
0.4661423565  
2.271838637  
1.14527983  
-0.1289719387  
0.1460622324  
-0.8272216708  
-0.5916625871  
-2.634344853  
-1.861773043  
-0.1839637768  
0.5228340335  
0.07199602006  
-0.2759238396  
-1.883382825  
-2.525190965  
-0.8506112604  
-1.289720631  
-1.66574221  
0.5796133926  
-0.04720173548  
1.930946309  
1.564862514  
1.066226077  
1.151211706  
0.9395438872  
2.066012764  
0.463667343  
0.8147588888  
2.333331395  
2.177300003  
1.270729122  
1.738817993  
2.594936865  
1.229701644  
0.5581427013  
0.1567304286  
0.4275643021  
-0.8094782664  
-0.9717652031  
-2.406394885  
-2.876950123  
-0.6931070539  
-0.3556509936  
-2.049728851  
-3.557970694  
-1.408692095  
1.334100763  
2.587477743  
-0.2049950105  
0.0216844902  
-1.812831797  
-2.277851589  
-0.9474969803  
-0.6039443295  
1.750796317  
1.686806868  
1.846815623  
1.834017308  
2.309933679  
1.003692857  
1.657254634  
0.2597434608  
0.3881058413  
-0.6992897446  
0.7839458386  
0.9354588677  
2.13683214  
-0.2999876907  
-0.8323665177  
-0.3715551098  
-3.366119855  
-4.257925623  
-5.077554144  
-4.451256841  
-4.480386244  
-2.718777479  
-0.6838299814  
-0.077708903  
-1.733060037  
-1.307836074  
1.134815805  
1.710988111  
1.735964601  
2.163805727  
2.178071346  
0.292993584  
-0.6073759612  
-1.477813404  
-1.537620678  
-1.745354637  
-0.3472790549  
0.3815940631  
0.8379322684  
1.602975688  
1.594888206  
0.690559118  
0.3776349769  
-0.933261552  
-0.0190519607  
1.719693976  
1.86077489  
1.404909902  
1.977865589  
0.7045095742  
1.384795644  
0.8032099533  
-1.83451015  
-0.0236216691  
0.6613012092  
-0.6059970887  
0.7321407099  
-0.5686298112  
-2.116946118  
-1.425491313  
-1.05433886  
-1.740277644  
-0.1604283634  
1.789693046  
0.7896963832  
2.170446946  
2.814340681  
2.607371899  
0.1153899998  
-2.850871857  
-3.15598042  
0.2390885058  
-0.061529856  
-0.5070530499  
0.1229234928  
1.678478384  
1.443693906  
1.589315014  
1.959210812  
0.4883322879  
-0.7466899364  
0.4029065158  
0.6834695444  
-0.2256729871  
1.179614522  
-0.4577813198  
-0.1073093351  
-1.424399644  
-1.5805983  
-0.8486086885  
-2.131455574  
-1.346198069  
-0.4079186113  
1.1442228  
0.2908947226  
1.793486119  
1.158405208  
-0.1933796927  
-1.107566412  
-0.8141616368  
0.1244084562  
-0.5204198173  
-0.4695208479  
-0.769158461  
-0.03520341134  
-1.59426846  
-0.9971454872  
-1.257003249  
-0.5166870059  
0.1985665955  
-0.9299878724  
0.0360716428  
-0.8438993189  
-0.003651486136  
0.6407508326  
1.151742874  
1.064836602  
0.4678162326  
1.906651894  
1.761799546  
-0.1211767801  
0.9164544698  
1.904205329  
1.40274574  
2.077543472  
1.0445001  
-0.2282278296  
0.0798728895  
0.7437853199  
1.830806747  
3.057161864  
0.8681905713  
0.6282841704  
-2.286367441  
-2.691373845  
-1.436183985  
-1.806384893  
0.8941488871  
2.180764811  
1.44168278  
1.659078723  
2.195467372  
0.4882737384  
-0.2632836295  
-2.290869758  
-3.235953399  
-2.392185915  
-2.155729801  
-1.490648869  
-0.2168343839  
-0.1545554621  
0.1811341866  
0.2117823203  
0.8022946366  
1.451924837  
0.9929585973  
2.326276029  
1.695306918  
-0.3672953119  
0.2931046336  
-0.2631368634  
-1.5865597  
-0.5306106305  
-0.8660838099  
-1.149819842  
-1.773913991  
-0.1016696994  
0.1916810581  
1.654813482  
3.356268983  
1.402946212  
-0.1082376741  
0.8062997201  
-1.203307285  
-2.645047325  
-0.6859979501  
-1.527480502  
-1.927849675  
-1.106221033  
0.3815202843  
0.2803460698  
-0.270508478  
2.105497137  
1.64930208  
0.2414116526  
-1.152042076  
-3.821554153  
-1.478532628  
0.1386529767  
-1.366610621  
-0.01733641538  
0.8087285866  
0.0820839191  
1.17986294  
1.378600359  
1.244357399  
2.415145136  
1.438424564  
0.8905847139  
0.6626886485  
-0.7362941764  
-3.004702599  
-3.32635008  
-1.96094607  
-0.712651079  
-0.3327691493  
0.9371975014  
0.4901950621  
1.410617027  
1.346687182  
-0.683227776  
-0.9897821285  
0.2136928249  
0.6513075213  
0.4506150406  
-1.511755658  
-1.560800251  
-1.091391318  
-0.333910859  
0.4428904991  
0.8294718339  
0.7068834118  
0.4451339079  
-0.6364163829  
-0.07324730908  
0.4315031319  
0.3687143936  
-0.2060874638  
-1.023205828  
0.6192116295  
1.107351562  
1.20312906  
0.4797774854  
1.590788699  
1.297097817  
2.429423131  
3.87897485  
0.8908654018  
-2.673534392  
-4.430385169  
-3.679069454  
