1.669964057  
0.04381022317  
-0.3683678325  
-0.1704770564  
1.334734459  
0.4398492248  
-0.7703580009  
-1.501115671  
0.08299930814  
-0.1699313666  
-0.5308355048  
0.9092233839  
1.271942856  
0.1304203966  
-1.144996919  
-1.374515753  
-0.2363441278  
0.7388324962  
0.473173964  
0.6978218403  
-1.008365961  
-0.2551431397  
-0.7160814468  
-0.4507025394  
-0.5324334884  
2.190134668  
1.315567791  
0.1253053153  
-0.363065918  
-0.6968563202  
-1.903568811  
-2.31776671  
-1.683319449  
-1.257613945  
0.07202737541  
-0.111135382  
-0.8648507817  
1.374122856  
1.524309707  
1.231017846  
1.017095377  
0.3333449727  
-0.2958200637  
-1.026867135  
-2.021230236  
2.094115452  
1.754531233  
0.1948930731  
0.2768710318  
3.041713771  
1.204200706  
-0.3353497539  
0.6568551654  
2.319454286  
0.4668355374  
-1.469891853  
-2.378912979  
-2.76943812  
-3.139918321  
-3.294358289  
-3.435114072  
-2.16761907  
1.848953205  
0.5255006625  
-0.0005164057348  
1.163932718  
0.1286679349  
1.158825982  
0.4148013488  
-0.4519041016  
-0.8460959872  
2.893395701  
1.01317317  
-0.1560802659  
-0.6259425722  
-2.341174883  
-0.03094639649  
1.040371364  
0.5335676203  
-1.290953797  
-0.9713579737  
-0.802137796  
-1.043153908  
-2.488279089  
-1.682273184  
1.204074208  
0.6151301766  
0.6175397386  
0.3282245852  
-0.2233500593  
2.021252759  
1.770409642  
1.836997638  
0.7264571297  
-0.466032493  
1.917636865  
1.779703216  
0.2734503676  
-1.882115552  
-1.516938778  
0.8797174439  
0.6425903701  
0.08118528097  
-0.8995251826  
-1.018767838  
0.5569093947  
0.7438076593  
0.4392018048  
2.199279378  
3.30097536  
5.000694986  
1.959855987  
-1.799181447  
-2.857856768  
-0.9726770076  
1.941971934  
0.1344803531  
-3.005504856  
-2.258506516  
-0.42568891  
-0.2015724661  
-0.592162023  
-1.586745237  
-0.5950956133  
1.180376798  
-1.20518701  
-2.383465587  
-3.091091863  
-0.2805151496  
-0.2840167189  
0.6659956663  
-0.05283515595  
0.8529604191  
3.136459623  
2.110844082  
0.1242162871  
-1.694932977  
-2.924289873  
-0.09313072902  
-0.1480692852  
-1.41508243  
-4.639635527  
-0.4267364576  
-0.3724775659  
-0.435394488  
-0.4720880498  
0.1484299159  
1.679961286  
4.066365829  
3.462832706  
3.306086949  
1.671525032  
1.284621046  
2.351585667  
2.539711705  
1.641536389  
2.219084574  
2.745909202  
-0.3339359953  
-0.6430579698  
-1.340973709  
-5.723185914  
-6.227392503  
-3.275327101  
-0.1227868549  
-0.9929786692  
-3.618897233  
-3.462828226  
0.7556698632  
1.230108632  
2.154180807  
0.4894411656  
1.193938598  
2.400660437  
3.354581719  
1.651882426  
-0.06550471044  
0.314363646  
0.5227515598  
1.932995216  
-0.3425633769  
-2.83024149  
-3.08263416  
-1.858570629  
-2.701340584  
-2.862432363  
-1.551608166  
-0.702626061  
1.413639362  
0.4309538079  
-0.9378685  
0.2213815648  
2.230335526  
0.8802380851  
-0.3194697164  
-1.412202885  
2.095988581  
3.138591781  
1.593156812  
-0.3645647704  
-2.470779901  
0.4185903895  
-0.7247986487  
-1.671177091  
-0.3285802357  
-0.9972561555  
-0.1177280092  
0.1272793371  
-0.3981387991  
0.03235407176  
0.4069038592  
2.372832616  
2.447370804  
0.3923937531  
0.4941202738  
5.151206772  
3.827771075  
0.6755897194  
-0.8625034158  
-3.796262749  
-0.6000263642  
-0.1113863859  
-0.7599767044  
-1.06993947  
1.053559137  
2.143254416  
1.788690099  
-0.4065952951  
1.008615155  
1.870665859  
2.931917041  
0.7446168379  
-4.58448068  
-4.603917771  
-1.100203599  
-0.9964213201  
-2.497969013  
-3.34190168  
-1.897965909  
0.416480281  
0.7556022361  
-0.01156164191  
-0.05393741603  
0.5090495915  
-0.11206211  
2.0917657  
0.6297480475  
-0.5100034244  
-1.918049866  
-2.686918243  
0.4341300601  
0.1821675001  
-0.432846285  
0.5994854294  
1.25409653  
4.6989789  
2.287667813  
0.7981700324  
-0.7099123576  
0.3372238807  
3.052643574  
4.549397434  
1.366486417  
0.5811977115  
-0.2322863139  
1.410296889  
-0.3921772118  
-2.511329132  
-2.415008119  
-0.6882523075  
-0.4587856081  
0.6003840169  
-1.639805925  
-0.4664297989  
0.8630760385  
0.7495267423  
0.5740946972  
-2.546445249  
-2.658962177  
0.4975013785  
0.2132390581  
-1.015786751  
-2.388838597  
-0.7593800131  
-0.2651719693  
1.458134017  
1.71350984  
0.3993114585  
0.7448080774  
1.536609047  
3.998073344  
2.559187792  
-0.09431326836  
-2.67024573  
-4.157679578  
-0.1491191008  
-1.487013014  
0.4342397535  
0.2535909736  
-1.124508742  
-2.188809244  
-2.425735237  
-2.182803404  
0.1920381352  
-0.5183720538  
-0.33522851  
-0.5847182272  
2.232724478  
3.292374013  
1.401084514  
2.124339462  
2.994834714  
3.717192306  
2.887801311  
0.5670974715  
-0.855146207  
0.8343286771  
1.502977741  
-0.7647159488  
-3.368586126  
-2.721715636  
-2.12380081  
0.828768047  
-0.03349169651  
-0.2733387808  
-0.1261494074  
-0.452206895  
0.7168268301  
1.70852728  
3.827428039  
1.304764118  
-0.6531859698  
-2.471976369  
-2.437700467  
-2.158323759  
-0.7321822129  
-1.056831802  
-1.671909741  
-2.858204017  
-3.160818444  
0.1945522483  
-0.314962914  
0.4097735444  
-0.3607838307  
0.05476411205  
1.67092043  
3.616622602  
3.064098824  
0.5059409517  
0.6035424284  
-0.2947319552  
2.226471269  
2.0715429  
1.592825523  
1.3485163  
0.8457255953  
-1.156185069  
0.2079504987  
2.7677979  
2.13060052  
-0.03557474649  
0.9058398886  
0.1785349058  
0.6705238497  
-0.3849334773  
-3.95650704  
-5.349577059  
-4.007970486  
-1.00094716  
-2.123860269  
-3.491752449  
-3.983893567  
-2.522435002  
0.5296827863  
-0.183619349  
-0.4507563304  
0.2312314229  
0.2819523876  
1.799837356  
0.8433207312  
-0.5331131468  
0.2109151829  
1.040119028  
3.063548489  
1.218727245  
-0.245944366  
-0.9286812048  
0.5654323911  
2.489442967  
0.9971815  
-0.03528229699  
-0.2117583152  
-0.01110031538  
1.826101824  
1.356634536  
0.8368586421  
0.7103831372  
1.296466745  
2.534252376  
3.02607749  
2.941531853  
-2.073219754  
-4.11747078  
-3.974077287  
-1.476191472  
-1.571291447  
-3.181074028  
-4.004574665  
-2.991787901  
-0.9383989819  
1.917516856  
0.9780749328  
0.1064253121  
-0.1908132442  
-0.9430272479  
0.08470120886  
2.568178953  
3.13661999  
-0.1794448496  
-0.821682444  
0.1067672512  
-0.7240285626  
0.2106128688  
3.473955497  
3.693005517  
2.318471006  
2.56832444  
1.237699665  
-1.535171323  
1.16915666  
1.075022543  
0.1437920702  
-0.7902172945  
-0.4384185881  
2.651894193  
2.933698211  
1.272081259  
-1.04576385  
-0.6336155322  
-1.689057828  
-2.525230988  
-4.824950144  
-4.741411384  
-2.046581401  
-1.431609041  
-1.774673154  
-1.503784855  
-0.002565495623  
1.602317738  
1.164380898  
1.17872884  
-0.3121583254  
3.458399685  
5.585295858  
3.806680927  
1.443381017  
0.1602025459  
-0.4707767122  
-0.5697768104  
-3.988618534  
-4.911145393  
-1.00507891  
-0.3991595475  
-1.40055579  
-1.706297645  
-1.229060763  
1.491499424  
2.632168643  
2.445585108  
1.534791104  
0.267037793  
0.7344611984  
4.12611075  
3.056439363  
-0.1717286438  
-2.898398326  
-4.194037212  
0.6359666042  
2.46205663  
1.025541136  
-0.7799199197  
-0.9979233604  
-0.1096022537  
0.7174012989  
1.266424998  
-1.296828955  
-1.727616891  
-0.4172760954  
-0.1778926357  
2.477343257  
4.691072604  
2.403703225  
1.081092255  
-0.3336473381  
-1.136588319  
1.342905471  
2.372260702  
0.5431352059  
-0.3175925894  
-1.226414317  
-2.798807525  
-0.006171093087  
1.287047822  
-0.07230049985  
-1.818616965  
-2.627392851  
-3.941119529  
-1.558410283  
0.2674624505  
0.380515875  
0.3437160814  
0.6753924449  
1.238370721  
3.586372442  
4.817650127  
3.80908836  
0.9464684235  
-1.576535381  
-1.227099968  
-0.01621048886  
-0.01097923555  
-0.4696707816  
-1.443997299  
-2.359009369  
-0.3675029928  
0.9527938343  
2.298513174  
2.366688744  
1.491512919  
0.4032478306  
-1.603973029  
-1.307189021  
-2.21962826  
-2.333929886  
-1.514266997  
-3.178731119  
-5.595449995  
-4.936615991  
-1.908632081  
-0.5336703005  
-0.5742642922  
-0.5208423367  
-1.199508187  
-0.500325393  
1.313659512  
2.697919416  
0.824592563  
-0.2296152053  
0.9383272874  
1.589695157  
4.154130373  
3.581586087  
2.096061617  
0.7436396627  
-0.8831225797  
-2.131490285  
-0.0519147533  
-0.742457014  
-2.985387751  
-5.177656192  
-4.166133945  
-1.27880778  
1.098521713  
2.024024735  
0.5666234392  
-0.09710323446  
-1.022408498  
0.1276605474  
1.417055857  
1.232609078  
-0.1881547897  
-2.720233331  
-3.190356532  
0.2287131574  
2.543647764  
2.771750053  
1.255214416  
-0.4111540899  
-1.253910451  
-1.540706565  
0.9189997344  
0.7805176828  
0.9483603813  
-0.2257015382  
-0.9629573935  
0.1783960805  
1.565897331  
3.787010006  
1.183470347  
-4.543174127  
