-1.512861088  
-1.220111431  
-0.1026636644  
1.010302484  
1.561012969  
-0.08504135571  
-0.05072544205  
0.6960271056  
0.009211256056  
-1.415985479  
0.502047249  
1.264128626  
-1.83897082  
-1.345581859  
-0.4473534276  
0.07737418569  
-0.8446773816  
-1.056971793  
-0.3173662801  
0.9683036244  
0.7608160576  
0.4186011938  
0.9044442846  
2.505101756  
3.068624535  
2.85220664  
0.4205917994  
-0.7811050979  
0.3805612431  
-1.185321777  
-1.524120724  
-1.005196528  
0.678128612  
-0.5518919176  
-0.7288951025  
-0.7547616216  
-0.4962012381  
-1.503791962  
-1.091501055  
-0.4270209954  
-0.8782344933  
-1.037847435  
-0.6314555553  
-0.5562147088  
0.4753926232  
1.689972276  
0.2737424162  
1.294214179  
1.494037113  
0.1554365275  
0.1231975003  
0.9553732716  
1.840416277  
1.360459364  
0.1683902167  
-0.6886119891  
-1.204631299  
-2.891147447  
-4.280506066  
-2.680414638  
-0.1523235626  
0.09319870288  
-0.9629748982  
-1.554383922  
0.3403131533  
2.56684437  
0.2659833642  
-1.081060725  
-1.339247699  
1.089399952  
1.403588187  
1.025277929  
0.28907617  
0.7580486737  
-0.1415649358  
-0.6232710233  
-0.439319096  
1.469932515  
1.423812846  
-0.5104921321  
-1.309299679  
-0.6493245714  
0.190328589  
0.5994792679  
0.4320681764  
-1.581017174  
-1.513222106  
0.3081990808  
-1.253115994  
-0.1860131188  
-0.513625155  
-0.564103658  
0.7132846927  
0.3657686612  
-0.7935645006  
-0.6974247578  
-0.9777586381  
-1.059595625  
0.03819627249  
1.039557329  
0.8729576467  
0.2228751647  
1.210176499  
2.798061305  
1.587627811  
0.5030231938  
1.280894911  
1.880341673  
2.797809418  
1.727522185  
-0.6764840824  
-2.190520535  
-1.652140869  
-0.372201988  
-0.009900010318  
-0.1333673502  
-0.7382967564  
1.619034162  
1.534114482  
0.05609815138  
-0.9792251922  
-0.7641433211  
-0.688872119  
0.347304806  
-0.7426874741  
-0.9607495589  
1.874588793  
-0.03199731034  
-1.644232485  
-2.468518872  
-0.5326412854  
-0.2955908357  
0.7822297639  
-0.06910524423  
-0.6098183782  
-0.3214333624  
-0.1302745275  
1.390348374  
0.6995173037  
-1.302317243  
-2.261346023  
-2.217922982  
-2.024120997  
-2.743901533  
-0.6044480756  
1.034506494  
1.343923133  
1.539558737  
0.08509107747  
0.04838387649  
2.253477661  
2.811018524  
1.899169959  
2.015250081  
1.313339023  
2.502278909  
3.927015063  
3.135841976  
1.197583164  
0.7109922868  
-1.912190053  
-4.420001557  
-2.849846178  
-0.3290018614  
-0.2090636098  
-1.635254174  
-0.8064450972  
-0.297683521  
-1.207679847  
-0.7271109731  
0.4844377127  
0.8850866857  
0.6407913694  
1.085194384  
0.7041715919  
0.596519348  
1.199390039  
0.881004172  
-1.265197732  
-1.412083102  
-1.706263329  
0.3574947801  
-0.7984009709  
-3.328679446  
-3.281861084  
-1.186116873  
0.458709182  
1.085933477  
0.8436119043  
-0.4860452746  
-1.179656626  
-2.195140165  
-3.013138254  
-3.348911488  
-1.28724054  
0.8113650669  
0.3440160437  
0.3706682153  
0.512246382  
2.03786401  
1.705544187  
1.498643496  
1.277967304  
2.517473508  
0.6777519105  
-2.215140771  
-1.518721832  
0.08903618951  
1.054854491  
2.167890799  
1.713141749  
0.2090513959  
1.249107468  
4.135753318  
3.166489895  
1.855365866  
-0.6242925602  
-0.7096270302  
-0.3412717047  
-1.470778653  
-1.306168072  
-2.541530987  
-0.8561751003  
0.9813427858  
0.9636671616  
0.9073500641  
0.8896239987  
2.522635535  
2.719603419  
1.345765925  
-0.2348060062  
-2.992118709  
-3.769450436  
-2.828764923  
-1.772923274  
-2.341145267  
-1.970551456  
0.7083755091  
1.981211686  
1.11306189  
-1.286098318  
-1.21383734  
0.2511163785  
0.1220059194  
-0.480176868  
0.5642272643  
-0.02387580179  
0.8213912349  
2.091555015  
1.93286868  
0.8326512209  
-0.003210148999  
0.7803602728  
1.249809611  
0.388074373  
-0.4088574223  
-1.69445289  
-0.3772195219  
-0.04012261295  
-0.1291303712  
0.4063325625  
-0.453925687  
-0.3382477636  
1.905872156  
0.8516863293  
-0.04000300528  
-0.04090987121  
0.9361287958  
0.6391754243  
-0.7200672889  
-0.06203028619  
1.365676962  
1.693629798  
3.045610045  
1.168892319  
-1.126029471  
-2.038170995  
-1.425000368  
-1.066867852  
-1.851153475  
-1.411893255  
-0.5775929129  
-0.1466641414  
-1.082764179  
-2.063833835  
-2.388085904  
-2.190911624  
-0.4358268086  
2.22373256  
2.333485056  
1.349132715  
0.7058853321  
0.968106081  
0.2211210292  
0.7794116335  
2.553381093  
1.378756492  
1.317989368  
-0.2236078733  
-0.8597905591  
-0.2798596045  
-1.652371478  
-1.642937264  
-1.250057351  
-0.4392857379  
-0.02375230956  
-0.4186488266  
-0.8364100314  
-1.888589748  
-0.5338378477  
0.1447159067  
0.8182462504  
-1.311794135  
-0.3875834714  
1.259197928  
1.579324699  
1.941231952  
0.6315204858  
-1.862023059  
-0.9395169767  
-1.011770533  
-0.4840211087  
-0.0442093635  
-0.4836114267  
0.5648176229  
2.061693172  
2.855234151  
2.487292737  
1.256373406  
0.5773952761  
-0.5584625536  
0.7176201173  
3.334229567  
2.686229815  
0.8761242897  
-0.08244931987  
-1.057989043  
-1.785000146  
-1.106935014  
-0.5407936161  
-1.249988042  
-1.3185454  
0.02971358033  
0.6693286019  
-0.6974634652  
-1.524815939  
-1.922628513  
-2.207537708  
0.8256949581  
1.082738197  
-1.765785587  
-0.6964235242  
-0.4356365711  
0.6239337996  
1.835634309  
0.544265379  
1.024797776  
0.9161956183  
0.7201109577  
1.640952583  
3.355901948  
3.225045414  
2.578593025  
1.552875227  
-0.441424683  
0.1853823069  
-2.548778494  
-2.84298177  
-3.015205117  
-4.333831372  
-0.9092074151  
0.1708636749  
-0.9445909185  
-3.603242268  
-3.420864027  
-0.919760131  
-0.1559150158  
-0.7441393835  
-0.610393464  
-1.081885619  
-0.9777513293  
0.1716042393  
0.7959896221  
0.9860038314  
0.8655296545  
0.8466499424  
1.119091633  
0.8378083669  
0.7944616857  
0.6577818579  
1.104735062  
0.6298447283  
-0.4836267249  
-1.0148207  
-0.5122055977  
1.765090609  
2.542067899  
3.084917896  
1.742006521  
0.3217053877  
-1.480026607  
-2.99661207  
-2.045009775  
-0.9936370299  
-1.21706088  
-1.41570483  
-1.945028163  
0.5817992323  
0.203176227  
0.285618634  
-0.6296847125  
-1.416672457  
-0.1815424097  
2.252984452  
3.319490283  
3.659536065  
1.582066193  
-2.522362776  
-4.421125529  
-1.967957365  
0.2329771533  
-0.8850218296  
0.2470738109  
1.297546266  
1.184759017  
2.184125079  
2.755219708  
2.421486765  
-0.09693818955  
-1.171170549  
-2.442062505  
-0.6132816799  
0.3231802521  
-0.3078284656  
-0.2057921673  
-0.7624391404  
0.1813374132  
1.671288393  
-0.03498906141  
-1.913524488  
-1.709468087  
-0.1430625285  
0.2336237892  
-0.5769734415  
-1.095444863  
0.08164296043  
0.8416967366  
-0.3742500193  
0.2371063595  
1.267269878  
2.172702312  
2.30802484  
2.276414247  
1.375152648  
2.251125256  
0.6749953243  
-0.7169885948  
-1.251894592  
-1.214723755  
-1.626118143  
-3.899434491  
-1.680498045  
-0.9642626413  
0.7759768112  
0.7605211725  
-0.1751353359  
-0.01495364629  
-0.6906675623  
1.110877083  
2.17082214  
2.554490188  
2.145687674  
1.064070527  
-0.1205994456  
0.5380408356  
-0.5034597259  
-0.1341628325  
0.6964265734  
-0.1987593656  
-0.4727401763  
1.364723783  
1.229905629  
0.01363802533  
-0.569337297  
-1.891996591  
-1.167800944  
-0.4199834119  
-0.244044143  
0.2776434373  
0.5897396961  
-0.5776168398  
0.7358921953  
0.2216261536  
-0.5894528236  
1.641690053  
2.168687888  
0.4090538851  
0.1519539032  
1.304045148  
1.304804096  
-0.08057220088  
0.0003167663548  
-1.180576042  
-1.482525453  
-0.2255506607  
-0.7584381983  
-1.860117542  
-1.983522185  
-1.430108159  
0.3481465708  
1.940778511  
2.503030026  
2.204886917  
0.6404210049  
-1.358859898  
-1.727833881  
-0.5252221385  
-0.2475952035  
-1.076658364  
-1.734978556  
-3.188003348  
-2.494401671  
-0.3643548471  
1.212995923  
2.301420821  
0.9162133596  
-0.5335909511  
-0.7728418236  
0.4243048322  
1.498443159  
2.713716649  
2.775857578  
0.01314390481  
-2.616292604  
-3.627003033  
-4.421226001  
-2.39607198  
-1.129937155  
-1.327473534  
-0.4550494159  
0.6497290359  
2.383693539  
3.80699383  
2.744538514  
1.9048895  
1.733298685  
0.65107921  
0.6498352814  
0.710457886  
-0.2634542356  
-1.188345452  
-2.925005482  
-2.779681989  
-1.113290089  
1.611566149  
1.857467266  
1.700432546  
-1.067563477  
-1.268584962  
-1.558739088  
-1.556080122  
-0.676034424  
-0.5034441402  
0.7571496479  
0.4683715414  
0.3160061621  
0.2706412661  
-0.5112784829  
-0.8031620177  
-1.00675082  
-0.2790310667  
-1.456900609  
-1.459022644  
-0.02122521977  
0.1717221086  
-0.645671179  
0.2614251217  
0.6417420616  
0.2138746463  
0.3819006884  
0.02157543086  
-0.1094564396  
-0.009850627696  
2.116454442  
3.548460048  
4.079614012  
2.557242211  
0.1577292321  
-3.230466916  
-5.278089368  
