-1.379939881  
-0.8785170995  
0.4835538512  
1.051595824  
0.3127948849  
1.11530624  
1.308854252  
-1.0744504  
-1.482830168  
-1.332747914  
0.3083544539  
-1.460951623  
-0.565961571  
1.892825738  
0.774335233  
-0.3321611365  
0.1534984758  
-1.094084248  
1.212723223  
1.091055357  
-1.305552661  
-0.8901341731  
1.810403045  
1.142346339  
0.8190414803  
2.333343199  
1.526186802  
1.047624437  
-0.8615621856  
-0.5705376745  
-0.2108709641  
0.6877075155  
1.327948739  
-2.440232166  
-2.757748889  
-0.7758033729  
-2.177873348  
-1.145162032  
1.471952904  
0.5305791197  
0.357799581  
-0.5956467883  
-1.199504714  
0.2985056586  
-0.4604693055  
-0.1566016987  
2.90713954  
1.585941898  
0.2123125969  
-0.3959765512  
1.172472622  
-0.4793431271  
-1.563780338  
-0.7416515325  
-0.2913671558  
-0.02221038912  
-0.3356616742  
-1.282227722  
-2.696804528  
-0.4887288929  
0.6422031621  
-1.111742025  
-0.8937760886  
0.7393331763  
0.2014334687  
0.3790539124  
-0.07299727442  
-0.7892749741  
2.652755179  
1.874562834  
-1.935438968  
-0.1878277146  
-0.144657351  
-1.649330123  
3.294995918  
-0.643062154  
-2.370534338  
1.145411703  
0.6555256699  
0.8376291445  
1.216841853  
-2.035071225  
-0.9034510895  
1.425090964  
-0.3016140687  
-0.3854816968  
-1.083540468  
0.7257170093  
1.249874488  
-0.8691899513  
-1.403989912  
-0.3399898863  
0.1555433812  
1.40978154  
0.7371765344  
1.222452682  
0.7406021058  
-0.4237461595  
1.191173965  
-1.529038839  
-0.6848866626  
-2.156121405  
0.660012656  
1.906212994  
-0.2015339236  
-1.802817108  
-0.03820230982  
0.3983876562  
1.918394234  
-1.192659873  
0.7868854902  
3.129050052  
1.73948751  
0.9033790248  
-1.551243983  
-3.06587459  
0.7290723439  
0.6497689385  
1.430342764  
-0.367363575  
-2.919591944  
0.7786607536  
1.657122821  
-0.3828066406  
-0.5942297215  
-0.8948342769  
0.2314175725  
-1.20486982  
-1.493986573  
-0.825307694  
0.2761619405  
-0.6777190396  
-0.3392219864  
-0.4631827271  
-0.5697265213  
-0.387410867  
0.4459493953  
-0.3729392959  
-0.4723780841  
-0.2432457879  
-0.7254543421  
-0.4464374388  
-0.9373615744  
-1.894857136  
-0.369430254  
-0.498253248  
0.9251460268  
0.4796239165  
0.524665373  
0.7327561957  
1.293083855  
2.866210107  
1.387032534  
-1.595626749  
-2.511575905  
0.3415856237  
0.8062192855  
1.839993069  
-0.5820466879  
-2.134516092  
-1.060783705  
-0.3866584881  
-0.6871072184  
-1.783755227  
-1.119694671  
1.609764962  
2.163976588  
-0.2288804579  
0.1471670792  
-1.358187521  
0.2151502811  
1.747479234  
0.3847378386  
0.7618601452  
-1.010011106  
3.444116577  
3.681510784  
1.834358459  
-0.06887738133  
-0.7421267069  
2.045470818  
0.6590835546  
-1.111551129  
-0.9022293479  
-0.8714205506  
-1.129199868  
-0.7474345811  
-0.8986006364  
-1.929257176  
0.2307349647  
-0.4875488972  
0.6978595844  
-0.9017919028  
1.326183949  
1.315355568  
0.05774486834  
-1.000367389  
-1.276492498  
-0.5792294646  
2.301496  
-0.04497689652  
-0.4376216189  
-1.740263414  
-0.177839978  
0.9316071115  
-1.494956287  
-2.149783476  
-0.05305791032  
0.9951615238  
2.383273152  
0.02979859927  
-0.07979620388  
0.2011868204  
-1.177018176  
-1.290514653  
0.6410172763  
-0.4938031064  
1.198639553  
2.932579076  
0.4971055306  
-0.1332682066  
-0.9012757725  
1.548793942  
-1.746987696  
-0.3105659608  
-1.800146249  
-1.030481834  
1.845118347  
2.076681902  
1.244394824  
0.198963072  
1.147790598  
-0.04576636414  
-3.04958776  
-0.3128430114  
-0.5431018623  
1.012269555  
0.1106434354  
-0.09772402612  
-1.671028342  
-1.766269513  
-0.29110335  
0.9207131856  
1.584179615  
-0.2484791626  
0.04607727472  
-0.549086348  
-0.3045224729  
2.102185005  
1.082300642  
0.1414762637  
-1.610482566  
0.1151206601  
0.5522760322  
-0.5254353895  
0.2264942997  
-0.9284437071  
0.09211540216  
0.9055967723  
-0.4543484755  
-0.4122736459  
-0.4524152364  
0.6920962198  
3.030480605  
1.5064722  
0.3512989369  
0.8611236407  
0.9056374282  
-0.3592051017  
0.5442502238  
-2.957616651  
-1.411111931  
0.4214433128  
0.07855322667  
0.6725078123  
-1.162179235  
-0.9995833611  
0.5485475742  
-0.9304431607  
0.7381612889  
-0.6028856315  
1.203355147  
1.823144082  
-0.3202556375  
0.5802912692  
-1.752756361  
-0.3150219123  
1.069536774  
1.5222931  
1.352957405  
1.555093293  
-1.201792297  
-0.6659351596  
0.6104379687  
-3.321450969  
-0.0175697138  
-0.8917794939  
0.1741726151  
-1.366484089  
0.2146241565  
1.433488178  
0.5998673194  
0.3714980098  
-0.3144671092  
0.4514078988  
-0.4102146704  
-0.7610184767  
-1.745446411  
-1.024050534  
0.1680884321  
1.958246003  
0.1953414983  
-1.138899624  
1.33045812  
0.3338344016  
0.2143646666  
-0.280013169  
-0.8860180015  
1.724449252  
1.880932788  
-0.5536933131  
0.08294375363  
0.01711937333  
-2.061913845  
0.9420730239  
1.508867234  
2.580177041  
0.378723725  
0.4898264409  
0.8470539518  
-0.5620426349  
1.201615633  
1.202645047  
0.03425270616  
-1.149061481  
-1.662512377  
-2.105470931  
-1.203325409  
0.6653075556  
-1.842091247  
-2.461419032  
-2.45495793  
-0.2934958608  
0.3708431792  
-0.3390767621  
1.074449503  
-0.181691706  
0.3148742097  
0.2194037938  
-0.2796677447  
-1.480445948  
-0.4150180968  
-0.2749060458  
0.7558557804  
3.021590468  
2.625923654  
1.662260062  
0.5867805955  
-0.474276214  
1.72129189  
2.122173659  
2.151833752  
-1.495749917  
-2.958108046  
-1.119634488  
0.5372969769  
0.02283603822  
1.119573848  
-0.5880356104  
-0.5281307436  
-0.9349388713  
-1.376150592  
-1.502103668  
0.2086851807  
1.171650991  
2.046933924  
1.457806422  
-1.042646878  
-3.967316609  
-1.553676114  
-1.480213599  
0.624500953  
-0.9397982265  
-2.998238552  
-2.474096196  
0.1981829984  
-0.3452454887  
0.2690555005  
-0.3229506782  
0.8807620969  
2.112030843  
0.2778930517  
-0.596956123  
-0.8718273407  
0.06292869057  
-0.8132946521  
1.509555443  
0.02560543746  
0.6082107564  
-0.05924942519  
1.335198544  
1.081050111  
0.8885013812  
-1.326381616  
-2.354561355  
-3.173033633  
0.7925900445  
2.053935432  
0.3418925963  
-0.8086801371  
0.803525746  
-0.3382770804  
0.2617045419  
1.037771776  
0.7566365902  
1.096877615  
1.836683992  
0.1792541478  
1.718813742  
2.4001907  
-0.6236104834  
-0.9478350499  
-1.487837105  
-0.5400974579  
-0.09464893649  
1.381030871  
2.471503153  
1.460599902  
2.003907736  
-0.9067134116  
-0.9613702968  
-0.3683764841  
1.715655044  
0.4302678114  
0.3379800034  
-1.864838035  
0.4572224949  
0.6533558985  
-0.3394134757  
-1.648961183  
-2.2249119  
-0.2232108917  
-0.3916200478  
0.1712627165  
-2.570089949  
0.1129355347  
1.859890098  
0.6104335382  
-1.454802557  
-0.7217997766  
1.482405753  
-1.02140854  
-0.5446836915  
-2.996395266  
1.021462797  
1.880953752  
-0.832717782  
-2.631933537  
-1.850498534  
0.1838206884  
0.6031794488  
-1.039621359  
-0.5878774888  
0.7694925855  
0.6311062305  
-0.8787005831  
0.9564024398  
0.4464151806  
-0.3946219361  
1.550794184  
1.027146654  
0.1258856127  
-2.23081864  
-0.2052604749  
2.415160096  
1.765611628  
-1.346859608  
-1.796466371  
-3.44366267  
-2.066467184  
2.700548276  
1.203887267  
0.9766492628  
0.7465408902  
1.8120391  
1.977583743  
1.375115772  
0.2054416498  
0.8286364699  
0.3378434138  
0.09132059099  
1.647023729  
3.359090931  
0.4739464162  
0.5465016053  
0.09651729896  
-1.774525358  
-0.7573040409  
2.467798486  
0.2508566224  
-0.3150129583  
-0.6016499406  
-1.901669413  
0.2583644106  
-0.4503265467  
-0.4298237059  
-0.2309172783  
-0.3500458227  
-1.553728486  
0.1437361282  
2.635546649  
2.09988878  
0.262514367  
-0.3311085036  
-1.427114855  
-0.3932153055  
1.93277735  
2.874452118  
0.3430106607  
-0.3952227087  
-0.7708770893  
-1.002661564  
0.01731113629  
1.015996353  
0.84171399  
-0.4104859155  
0.2959672986  
-1.655581496  
-0.3539326248  
-2.110764938  
-0.363061197  
0.8648680305  
0.06734710166  
1.421410829  
-0.8428014679  
1.330235613  
-0.1125669908  
-2.251652635  
-2.751108124  
-2.019560461  
-0.6209805315  
1.020295426  
-0.1276974787  
0.3992682834  
-1.15952139  
-0.1346481971  
0.473875527  
1.903870469  
0.896511226  
2.430489203  
0.976716926  
-0.9051950922  
1.398440226  
0.688437115  
1.4422612  
0.2427244435  
-0.5573506146  
-2.035971817  
-1.357626741  
-1.292529846  
-1.648965389  
-2.121572402  
-2.295080057  
-1.495596825  
-1.378231685  
-0.4731460546  
-0.4248454022  
-0.2165597056  
-3.064861496  
-1.494747577  
0.5600600986  
-0.1053498216  
0.5268790624  
-0.06573120946  
-0.1466731207  
-0.8891055886  
0.6941445602  
3.201027178  
2.595282658  
1.912985734  
0.5954445491  
-1.473473859  
0.003642899476  
-1.291705261  
2.310912283  
-0.2763215611  
0.03157664519  
1.11706391  
0.5139289679  
-0.8623359041  
