-0.184571644  
3.001896694  
-2.238560096  
-3.401012993  
-0.7024939698  
2.447800803  
-2.750106646  
-2.641998862  
1.018144256  
3.358206177  
-1.295523538  
-0.8939843427  
0.3333991825  
1.746259209  
-1.127997095  
-1.724777218  
-0.3663800849  
3.818784497  
1.348952972  
-0.1085910684  
-0.2562853826  
2.946188033  
2.564552441  
-0.2554784287  
-0.2903776663  
1.407686894  
2.874122378  
-1.169240843  
-2.886760925  
-2.679249058  
0.8890839697  
-0.9240233967  
-1.637632429  
-0.7863765047  
2.20343263  
-2.851197064  
-1.56624209  
1.098130897  
1.456892891  
-1.052834784  
-1.770727711  
-0.4759026706  
3.354624424  
-0.8095925438  
-1.139719391  
1.163554646  
4.200986577  
0.6985582028  
-0.0651770044  
0.2831470151  
0.6903716108  
-2.777205863  
-2.210489612  
-0.6863416527  
2.033932134  
-1.713922049  
-3.417130281  
-3.544945109  
-0.17328603  
0.5328667835  
-1.504065025  
-1.386548517  
1.399584854  
2.924957849  
-0.6618313584  
-2.903139851  
-1.622852038  
2.744957544  
1.601333616  
-0.07051628717  
-0.8320847184  
0.4418993941  
2.747407251  
-0.08339404635  
-1.972453319  
-2.456939813  
0.240492688  
1.218508133  
-1.417178014  
-1.989558332  
-0.5517412362  
1.951726545  
1.899167409  
-0.9709288464  
-2.123799699  
0.4145997754  
2.870852062  
-1.031361481  
-2.253948201  
-0.7243582773  
2.03649888  
3.852489456  
1.451213931  
0.4363617516  
0.5228372064  
1.527416864  
2.115164692  
-1.014350806  
-1.408184202  
-1.921336888  
-0.3377374699  
2.933962004  
-0.5441358076  
-1.533786454  
-0.7438866543  
2.297256632  
1.983912173  
-1.783648774  
-1.339443299  
0.7653773547  
4.804886805  
4.181009408  
-1.790348144  
-2.85751255  
-2.579069299  
1.372385525  
2.20640582  
-0.5386871366  
-1.468166832  
0.2616069036  
3.127224003  
-0.5996059085  
-1.977888886  
-0.8392427926  
0.6042226595  
0.7424155528  
-4.756726338  
-5.147341884  
-2.334619262  
2.084624142  
-1.58663002  
-2.545700176  
0.02025029557  
0.1131581614  
1.83438999  
-1.500844314  
-2.611745519  
-1.426115622  
2.704167188  
3.245512104  
-0.4858550086  
-3.295711107  
-2.109008634  
1.343626072  
-2.00901175  
-1.939586453  
-0.1003679417  
1.888459611  
4.900294755  
3.925549707  
2.446827362  
0.8109107796  
-0.2871902274  
0.1861583608  
2.784570338  
1.969031902  
-0.8594961879  
-2.454796191  
-0.565728006  
2.491423304  
1.093831708  
-1.630380071  
-2.189353331  
-1.770102765  
2.353691487  
1.997696319  
-2.064989656  
-2.123580079  
-2.43883091  
2.349690128  
-0.6427010468  
-2.740883825  
-1.17613156  
-0.3728691911  
4.11395627  
1.189350344  
-0.4723850834  
-2.199184835  
0.2119849488  
3.618692993  
1.951460695  
-1.825612227  
-2.428287436  
-2.238919155  
0.2808098512  
-2.784934508  
-2.905646943  
0.2003112045  
3.886744678  
-0.8712181702  
-2.632269629  
-2.066341201  
1.762139847  
2.15537075  
-0.2115212259  
-0.9389789835  
2.351320495  
4.216695196  
3.572741938  
-0.9182664013  
-0.9640101824  
0.9468040957  
2.462103632  
-1.276000772  
-3.919655114  
-2.277085107  
2.46302879  
1.037105886  
-2.520815756  
-2.434303093  
0.04197317662  
2.658282191  
2.598326018  
-0.4089208881  
-1.558262702  
0.1423925638  
3.214147038  
0.1255333495  
-2.323548749  
-3.035369439  
1.642073972  
3.892498792  
-1.371833333  
-2.810613685  
-0.7615983108  
0.9173342029  
2.488948309  
-1.043503153  
-1.570129247  
-1.059130596  
2.096917514  
1.576537236  
-0.8926071392  
-2.334794645  
-2.948077442  
0.2507510995  
0.06330933757  
-1.237838897  
-0.9759355467  
0.3712235973  
3.65097973  
3.124032418  
-0.4789129199  
-3.08871085  
-0.7155617111  
2.273469288  
3.058083449  
3.43006935  
0.02219433167  
-1.150391525  
-0.2197223793  
1.903743705  
-1.604645021  
-2.603424477  
-1.276732694  
1.029178096  
2.932673448  
-0.5786028302  
-1.424131557  
-1.152780837  
0.6281943302  
4.671810233  
2.124875481  
-0.06258186435  
-0.1994997717  
3.84396167  
1.807467371  
-1.727029527  
-3.078883097  
-1.893479675  
1.007624207  
-0.6889042215  
-1.946225696  
-1.466643336  
-1.191782977  
2.826459739  
0.9790399806  
-1.825217013  
-2.794210033  
0.5581279779  
3.672839365  
-0.5262203757  
-1.999951031  
-1.906727272  
-0.6606232491  
2.857376158  
3.417425216  
1.014567139  
-0.2105262625  
0.08644410651  
1.530981012  
3.082807506  
-0.8341018408  
-3.417776156  
-3.211105209  
-0.848859284  
-1.563008617  
-0.5695303048  
2.811473321  
1.695760532  
-0.5108514356  
-2.387445471  
-1.569467778  
3.946690473  
1.864241412  
-1.243221216  
-2.283552303  
1.02830867  
3.282792483  
-0.7293301256  
-1.414574878  
-0.3692148608  
2.692433307  
1.868740241  
-2.340036789  
-3.859793446  
-3.293667843  
1.514035881  
0.5040325518  
-2.394230266  
-1.597558136  
-0.725617155  
1.423649932  
3.469280792  
1.39651782  
-0.5309190435  
-1.676944392  
0.4420131264  
1.234171461  
2.237117029  
2.779794086  
-0.02895855852  
-1.417458608  
-2.007116043  
-1.353255765  
2.457403215  
3.129778968  
-0.8473563085  
-2.784578201  
-2.087117725  
1.499535527  
2.925818843  
1.036805754  
-0.7736491836  
-0.9670203418  
-0.6907677676  
3.108387122  
2.398471179  
-2.277695201  
-3.477178253  
-1.868623886  
2.554922829  
3.574439214  
2.031673136  
0.5782162582  
-1.166917641  
-2.151930401  
0.7951683908  
2.229590337  
3.822215585  
0.5798685742  
-2.06303146  
-1.542691777  
0.9374785252  
-0.4271977243  
-3.884328679  
-3.061989526  
-0.5426981953  
3.40715885  
4.027412551  
-0.344889796  
-2.92824334  
-1.311457719  
1.599849247  
2.42454615  
-2.650273182  
-4.490287825  
-3.651838609  
0.7077287522  
-0.1094723659  
-3.114058411  
-3.64745075  
-1.045286914  
3.736073152  
-0.3819401813  
-2.671146175  
-2.956597473  
0.9783856119  
3.156653607  
3.033287857  
-0.2931977181  
-0.05449898761  
-0.1074414711  
3.991176936  
3.698987197  
-0.3951863985  
-1.678347241  
-1.953011574  
-0.3830111114  
3.200799905  
2.2357392  
-2.170109187  
-3.809618918  
-2.904954361  
0.02700343504  
1.057372989  
-0.6800749021  
-1.61554317  
-3.173083147  
-1.686020971  
0.1899281643  
3.72256371  
2.216216666  
-1.307594094  
-2.334033774  
-1.551104044  
0.9468359379  
6.072517696  
4.336883127  
0.375599921  
-1.031086024  
-2.14063241  
-0.8451920538  
2.534395833  
4.321416855  
2.22497197  
-0.1801453475  
-1.303878094  
-1.687008408  
0.8350780697  
2.936013741  
0.352339544  
-1.208176785  
-1.489694543  
-1.294527549  
1.746644275  
-0.9977437382  
-3.408584941  
-3.211802419  
-0.3725807023  
0.7635058613  
-1.933123794  
-1.925204751  
-1.575213168  
1.269335197  
-1.460898407  
-0.7918546159  
-1.291449933  
3.137345621  
1.607566243  
-1.050913156  
-2.563375815  
-0.6908265299  
2.885405756  
1.047409214  
0.3961846508  
1.74417469  
3.291879892  
3.08391429  
-1.070500469  
-1.414665803  
2.254907028  
2.49224671  
-1.79566991  
-0.7650519992  
-0.1686660232  
1.114115338  
4.703913151  
3.929041401  
-0.6131374965  
-2.20757544  
-1.098257335  
1.290051589  
2.037245914  
-1.910372857  
-1.169713047  
-0.7629386415  
2.205672959  
3.145491297  
-0.3979106239  
-1.88202309  
-0.8185214717  
0.2285852782  
0.9492781126  
2.721612336  
-0.01972157384  
-1.959278404  
-2.550225225  
-1.331772635  
2.727350982  
4.311393927  
-0.1325935702  
-0.8630245592  
-2.411044743  
-1.78320967  
-0.07653009174  
2.253588593  
1.78838898  
-2.484097452  
-2.882039682  
-2.56502391  
0.03637710334  
0.998002155  
0.8152357138  
-1.317162575  
-2.416585378  
-2.322098005  
2.159088544  
4.115281581  
2.295886336  
-0.1441027138  
0.6945877003  
0.04121558035  
1.333381716  
4.854094248  
4.655849432  
0.01686303283  
-1.117325785  
-1.741333088  
-1.262635152  
0.7194225139  
2.524121614  
-1.193134521  
-1.876536036  
-1.338012668  
-1.218119002  
-0.3228297642  
3.24360775  
1.763156205  
-2.45087034  
-2.757545066  
-2.266148167  
-1.814974005  
-0.2020321336  
0.4596948499  
-3.05034249  
-2.566942333  
-2.537066562  
0.06761232072  
0.03977339732  
-2.809785319  
-1.965407209  
-3.731091134  
-3.12989147  
-1.4525506  
0.5378859932  
0.4304547721  
-0.8241538279  
-1.431036628  
0.4460170949  
2.717781898  
4.516234038  
4.179156648  
1.950102175  
-0.07542755809  
-0.8622473044  
1.823029168  
2.744211468  
-2.17284755  
-1.039216454  
-1.526843995  
-0.4731505134  
2.292809319  
1.523594618  
-2.313450106  
-1.885108788  
-3.585750065  
-1.599410178  
1.45552066  
1.136100628  
-3.352168185  
-2.984062518  
-1.913825083  
1.035678384  
3.183555498  
4.225316312  
0.9098931776  
0.4203314714  
0.5690570574  
1.33064935  
1.568463776  
2.338867051  
2.485497711  
-2.503034401  
-3.056289753  
-3.417676038  
-2.160654485  
1.244256751  
2.180242937  
-0.9044600359  
