-1.330248953  
-1.476918244  
-1.348602149  
-1.002637075  
-1.217857494  
-0.04577185432  
0.808967686  
1.065735061  
0.8798293009  
1.956937161  
3.504943952  
2.85399246  
-1.012901639  
-0.569177203  
-1.483152656  
-1.598803159  
-2.257494799  
-2.031143724  
-0.3006461483  
0.8220100029  
0.2356996382  
-0.04860075532  
1.853280513  
2.903775569  
2.914150885  
1.580088169  
0.3112098499  
-0.3841518215  
-0.7797534689  
-3.105850601  
-3.196454312  
-1.610217608  
-0.3860092769  
-0.5839046186  
-0.05448639194  
1.360023329  
2.191537287  
0.3683384044  
0.4127321443  
1.842467333  
3.135027869  
1.396652185  
0.1163374708  
-0.3218175198  
-0.9853172897  
-0.8033059645  
-0.5086102775  
-0.2046323093  
0.4744079236  
-2.104689409  
-1.670443608  
-0.6835706023  
-0.01983531624  
-0.9261284886  
-1.766530252  
-0.7649317884  
-0.1539977174  
0.109991636  
0.2606742598  
2.688186924  
2.745331635  
0.3388829114  
-1.425234324  
-1.074693465  
-0.223514466  
0.9497217497  
-1.120746899  
-1.254211613  
-1.037899095  
0.04664621188  
-0.3439687739  
-0.3717637751  
-0.01780691682  
0.271439576  
0.1691303915  
0.6083318472  
-0.2392550055  
0.2858170872  
-0.4416754895  
-0.7118411471  
-1.853991449  
-1.289962154  
-0.41552262  
0.05634719951  
0.4050680472  
-0.7184234842  
0.39017188  
1.202423061  
1.681400507  
1.990619054  
0.8557907277  
1.392600726  
2.121424077  
2.131851987  
2.35763278  
0.3211377317  
-0.5584552003  
-1.388601361  
-2.347676447  
-2.620272892  
-2.607819945  
-1.953659675  
-0.3816492146  
1.539756255  
0.8139140128  
0.414770304  
1.340129856  
1.972641054  
2.425498777  
0.05147621507  
-1.064967068  
-1.46453271  
-1.228122213  
-0.06539225235  
-0.8249144187  
-1.176311219  
-0.5890192518  
0.1902018424  
0.1286585297  
-0.7795639488  
-0.3290335505  
0.9793973139  
1.605013286  
0.8349055658  
-2.02161778  
-1.814289769  
-0.7049726734  
-1.071073392  
-0.4757889103  
-0.4555805684  
1.023847138  
1.573726135  
0.949983251  
-0.3937404649  
0.009851737984  
0.1255005266  
2.007607627  
1.804872663  
1.550706196  
0.6807942033  
0.1203688129  
-2.223447103  
-4.347382375  
-3.058491449  
-1.859365242  
-0.5111019833  
-0.909277153  
-0.3879270904  
0.3410743313  
1.156192308  
1.011296083  
0.8707527581  
1.777171604  
1.428444248  
0.1079650405  
0.4214364892  
0.218134629  
1.330297455  
-0.2508306762  
-0.1531339838  
-0.196102896  
-1.677336075  
-0.3761902948  
0.4246769227  
0.9092584916  
0.4070808502  
0.6274699122  
0.5909422752  
0.6429666891  
0.5246367248  
-0.6385132573  
-0.2322675873  
-0.07441995474  
0.3421479901  
0.1178438991  
0.362005147  
1.007801627  
0.601609604  
-0.8953063215  
-1.310704844  
-0.6348076166  
0.3511256911  
-0.1724742052  
-1.442869822  
1.18072251  
1.552204826  
1.945170461  
1.078480643  
-0.3199218629  
-0.4083251764  
-0.8751646283  
-1.469047672  
-2.070782621  
-0.8054577966  
0.5139924977  
1.900463835  
0.8365667559  
1.555644796  
0.2229849811  
1.139742639  
0.5656041443  
-1.622036502  
-1.673305508  
-1.590788067  
-2.236883551  
-2.538127027  
-2.933633876  
-2.380430332  
-0.2279523649  
2.105761968  
2.071430351  
1.337357758  
1.847760172  
2.881218437  
2.196754324  
0.8744241684  
-0.5913011339  
-1.66655884  
-1.17235412  
-2.047380017  
-0.8061708638  
-0.5061832323  
0.3275312841  
0.5214613838  
0.7566959736  
1.492683851  
2.324592001  
2.920332601  
2.69779889  
1.611910364  
-0.5326320164  
-0.140295505  
-1.952472662  
-3.484836173  
-3.299120404  
-3.078737305  
-1.714711557  
-0.07066438533  
1.345781436  
1.212851022  
-0.2839001138  
0.612297231  
1.076390376  
0.8968737021  
-1.150423906  
-0.1644527293  
-0.04881423063  
0.02380721202  
1.013063442  
0.6832374669  
-0.4688182394  
1.361325306  
1.315965032  
1.043845338  
-0.4752599715  
-0.885066745  
-1.447102372  
-0.8254610457  
1.288419167  
1.560264547  
1.689107076  
1.637763068  
1.455305919  
1.135900567  
0.5330780355  
-1.538756175  
-1.245288266  
-0.2644426904  
-0.8575738588  
-3.540781243  
-3.627566151  
-1.901036409  
0.3776488848  
1.73501964  
1.899328557  
0.2470519939  
0.08851248607  
0.305201676  
1.280142847  
0.7901174724  
-0.2364750768  
-0.4556610091  
-0.5307472327  
-0.6121703084  
-0.4047059479  
-0.9143036352  
0.2167481979  
0.2726646691  
1.233507694  
0.5880112712  
-0.2219701003  
-0.1815441931  
-0.3868311042  
-0.09539010488  
0.4646868639  
2.799688561  
1.861813015  
1.426462232  
1.028524354  
0.05692528352  
-0.9428212064  
-1.418775084  
-1.850358859  
-1.590529518  
-0.9122847539  
-0.5492833241  
0.7519713289  
0.0271677499  
0.215665822  
0.5957477265  
2.181297767  
1.13373143  
-0.2656854206  
-0.2351103984  
-0.0287001137  
0.5389491455  
0.1412648512  
-0.04269970099  
-1.991919915  
-3.416956305  
-4.058394687  
-3.390331885  
-1.992840474  
-0.8229583222  
1.108342808  
1.043433592  
1.787782728  
2.163822363  
1.327582542  
0.365495717  
1.016742915  
1.523745599  
2.220482542  
2.32230182  
0.3183756199  
-1.328919816  
-0.5980574239  
-1.574008189  
-0.8784162976  
-0.4082565198  
-1.15350248  
-0.4410429187  
0.7107279125  
1.741644386  
0.9097622812  
0.4464943675  
0.6697782857  
-0.1110913091  
-0.00271249591  
-0.01596420682  
-1.803465114  
-1.993849738  
-1.313569135  
-0.8428038542  
1.126050925  
1.793765793  
1.8888768  
0.814859263  
0.4912379246  
0.791634924  
0.1908129886  
0.03264202646  
-1.069472805  
-2.019934583  
-1.867966133  
1.235155524  
2.635407715  
2.338259905  
0.8600872226  
0.7038468819  
1.477023041  
1.569679073  
1.094067868  
-0.4771643075  
-1.645476294  
-2.136389545  
-2.607916804  
-3.599598488  
-3.311306435  
-3.686569727  
-3.647091713  
-1.946542216  
-2.555234833  
-1.307875352  
0.6814941766  
1.726017168  
2.234406005  
1.40900477  
1.204597678  
1.544767491  
1.861719447  
1.491145005  
0.854401388  
0.3911330926  
0.5365506918  
0.64611598  
0.8630069655  
0.9149479645  
-0.4594711645  
-0.7152674899  
-1.621993073  
-2.080958913  
-2.466236921  
-1.460899587  
-2.247106995  
-1.252319958  
-0.6752332475  
0.2982077771  
1.864337478  
1.514811612  
1.1439669  
0.8533954038  
1.295449856  
2.048544086  
2.355662617  
2.545955846  
1.325173128  
-0.2054530898  
-0.7886035879  
-0.8102451569  
-1.061237941  
-1.461525606  
-1.09215964  
-0.6125178875  
-0.2400914902  
1.210498889  
1.374117224  
0.2564687283  
-0.3528254514  
0.1945136404  
0.5700637003  
0.9163084273  
1.045365987  
0.8152787674  
-0.06388177034  
0.2589944863  
-0.02052894342  
0.07688984634  
-1.490766805  
-1.045349939  
-0.5242648626  
0.636583662  
1.398447882  
0.6588729846  
0.7414548145  
0.8832849842  
0.1074898938  
-1.045873453  
-2.134794029  
-1.765964958  
-1.377291039  
-0.9434408357  
-0.305718606  
1.356272195  
1.88188712  
1.108854356  
-0.1172906853  
-0.07380673352  
-0.6191495038  
-1.268208076  
-2.470570541  
-1.536867839  
-1.31588281  
-0.81036831  
0.3771317173  
0.2005118113  
1.184707064  
1.727300831  
1.935231883  
2.6583957  
2.508921139  
0.5558564973  
-0.2999992266  
0.1930845912  
1.288387687  
1.574882268  
0.7415756034  
-0.2315366389  
0.9380370623  
2.686550606  
2.575519984  
2.265590694  
1.360714694  
1.930612236  
1.917277867  
1.000795535  
0.8205127356  
1.103480806  
0.8919819791  
0.6247790201  
1.249106214  
-0.1561490577  
-0.3663478381  
-1.578647487  
-1.228543904  
-2.273410317  
-3.639947819  
-3.005842477  
-2.14373651  
-1.532199856  
-1.153363868  
-0.6142217041  
-0.2977953276  
-0.5443748176  
-0.4782727084  
-0.7333407749  
-0.7709660661  
-0.03947297599  
0.6609633061  
1.734368734  
1.449279872  
0.7399879061  
1.514981578  
-0.2096775549  
-0.5551485016  
-0.08755966208  
0.04233040944  
1.025260035  
1.580194226  
1.084343957  
1.465891868  
1.087130915  
0.03305401008  
0.4004430736  
1.295722438  
-0.5593820842  
-1.504163016  
-1.69310202  
-0.6119043925  
-0.03314776752  
0.4021416273  
0.6394362659  
-0.9529293149  
-1.895118135  
-2.202272545  
-2.011933358  
-2.965578988  
-2.889942981  
-3.240576551  
-1.985351926  
-0.6889678993  
0.3586631979  
0.5457811924  
-0.3316472031  
-0.3932567918  
1.356605164  
0.4710846406  
0.6046277831  
1.012967601  
0.778364028  
0.9566087896  
0.7398027114  
1.317858482  
0.8526398724  
1.256692599  
1.206667023  
0.7873710605  
0.1398670521  
-2.942592547  
-3.744799033  
-2.155667524  
-1.641772201  
-1.070502699  
-0.803933096  
-1.537534005  
-0.9668209497  
-0.04607527677  
0.09048301724  
0.4432176905  
0.2633314834  
-0.2344383047  
0.1691871772  
0.8419805026  
2.010557651  
2.418600068  
2.260081754  
1.389048286  
0.7196491337  
0.02988212996  
-0.653466832  
-0.3600640286  
-0.09020386516  
-0.4622152571  
-0.9097900347  
-1.306502886  
-1.284993037  
-1.02894313  
0.5768908623  
1.858084905  
0.0294953702  
