2.032308084  
0.9495146088  
-4.536701061  
-2.059617841  
2.209873112  
0.6046874371  
-4.189853331  
0.4675297943  
2.91998412  
0.8047540058  
-2.785196659  
0.9396151165  
2.407529762  
0.9376579482  
-3.753744622  
-1.210885986  
2.86515202  
2.219227134  
-0.02721200092  
-3.616674869  
-1.36800179  
2.430196118  
1.13795353  
-1.700594068  
1.08849872  
3.731568609  
2.574930286  
-4.174195703  
-0.7942466751  
2.140629322  
2.515934878  
-1.935774938  
-2.538612576  
1.131634371  
1.531784076  
-3.511784248  
-1.813380443  
2.210212814  
2.467832652  
-2.942764485  
-2.506142641  
3.162456501  
2.611991847  
-2.073235895  
-2.34749468  
2.650684057  
1.445629546  
-4.444796877  
-1.964337608  
1.484175035  
-0.3773072307  
-5.077319093  
-2.823132164  
2.939200443  
2.978107685  
-2.231965444  
-2.376342865  
0.9721355026  
3.349110824  
0.5437540268  
-4.367996106  
-2.750477117  
1.434045316  
2.424872396  
-3.059575423  
-2.362026112  
0.7747704831  
3.733898574  
1.646837564  
-2.936560976  
-1.873625866  
3.095866058  
2.685473748  
-4.588495608  
-1.836239074  
0.5420817086  
4.129400222  
3.296547561  
-3.244399445  
-1.236809494  
2.61979702  
3.148657439  
1.698863193  
-3.206889992  
-2.241617984  
2.032320771  
3.676311851  
-2.758287826  
-3.528581318  
0.5724631798  
3.33004321  
1.716361664  
-2.610454785  
-1.837772669  
-1.224663311  
2.649911833  
3.18013488  
-3.756674585  
-1.869662394  
-0.09882426873  
3.815152499  
3.990155045  
-0.6177603881  
-2.178185623  
0.1790504336  
2.514239468  
0.5908623296  
-5.850721277  
-3.735521118  
0.4828325442  
4.311297259  
3.166486388  
-5.251206142  
-2.894616965  
1.728783244  
3.870037745  
2.658694282  
-4.497913239  
-1.94754958  
3.350990284  
3.369558259  
1.677975862  
-3.740816689  
-1.221044913  
1.460825804  
0.1159428401  
-4.547866264  
-3.363414585  
1.289900326  
3.151659231  
-1.608722772  
-2.00636319  
-1.090564506  
3.900041409  
3.206368208  
-3.719225786  
-4.079496727  
-1.191142008  
2.663868783  
2.02139416  
-4.160534051  
-3.320227083  
1.309633978  
3.485197859  
-3.328902456  
-1.74738021  
-0.2477241439  
2.773681302  
3.720794204  
4.430359524  
1.703825812  
-3.31035356  
-2.476118184  
0.5190718899  
2.328736169  
1.245856614  
-4.932975519  
-1.937156586  
0.6397916078  
3.165109666  
2.819441283  
-3.187969238  
-2.579979011  
2.32154153  
4.935037322  
2.906464202  
-3.573903353  
-2.774391343  
1.517006793  
2.374472671  
-2.39358039  
-2.313257333  
-0.8434260625  
2.433022263  
3.063239803  
0.7704011805  
-4.877929335  
-0.9869607627  
1.766575005  
4.132463064  
2.480640915  
-4.740049916  
-1.527634753  
3.192314378  
4.153064956  
-3.403342355  
-3.183264792  
0.3032885626  
2.148625606  
-1.41609502  
-4.998382118  
0.8454770317  
3.416278706  
2.083980628  
-5.834007329  
-1.173966456  
2.771594133  
4.554937088  
0.700896783  
-4.430702957  
-2.376579964  
1.781830428  
2.382485757  
-3.415711259  
-1.519064631  
0.2419375985  
3.280729936  
2.676502229  
-3.996116061  
-2.390067767  
0.7001679141  
1.889942618  
1.336133216  
-3.220309225  
-2.693139648  
1.749195415  
3.369902704  
-0.9138883605  
-1.138256095  
0.7250518792  
3.833137077  
3.353188627  
-1.198268415  
-2.831857538  
0.01320623856  
3.341314834  
1.116278347  
-3.295103878  
-3.37948664  
0.7447260604  
1.879337735  
1.028455115  
-4.318925535  
-2.921549437  
2.167517178  
2.531455553  
2.235720527  
-3.503600833  
-2.959120782  
2.217534698  
2.993236907  
1.667526824  
-3.756203678  
-1.807314757  
0.2514590625  
2.422066294  
4.854420875  
1.752317442  
-2.994641389  
-3.463760956  
3.172684757  
4.247963704  
-3.628757295  
-2.29115866  
0.6890954661  
4.847461357  
4.424212283  
-1.565015417  
-3.002011663  
-3.134224582  
2.097069576  
2.987284268  
0.8415576584  
-4.200061505  
-0.6025769621  
3.119088595  
2.542449176  
-4.078659089  
-2.966049701  
2.578337805  
3.177727302  
0.4008100464  
-3.107858421  
-2.323489157  
2.406095469  
3.141733936  
1.238774288  
-4.954838535  
-4.21736213  
3.24775404  
3.261716825  
-0.6660289425  
-2.523561423  
-3.024167636  
3.707834743  
3.744720501  
2.840928916  
-2.135715467  
-2.750731248  
-0.4061291025  
2.56749619  
2.717075772  
-0.9134363394  
-3.770041413  
-1.742365583  
-2.565767567  
-2.1050934  
3.801692539  
4.088260844  
2.113565318  
-4.547153009  
-1.944932288  
1.401496614  
3.712453477  
2.453670829  
-4.603969423  
-1.168089247  
1.732460587  
2.682380086  
-2.60515309  
-3.357121819  
-0.520694413  
2.115244656  
2.14653925  
-4.613210713  
-3.795467503  
1.116238718  
2.103495153  
0.2975197701  
-4.490217336  
-3.989394947  
2.668024323  
4.120520827  
5.230340847  
2.092563713  
-3.564501282  
-2.099117138  
-1.739723333  
2.483335285  
3.469315438  
3.889531199  
-0.309827092  
-3.071329282  
-3.855511227  
0.2033377268  
4.044662122  
4.565720999  
-2.175568845  
-2.893011586  
-1.03432887  
2.662671716  
3.792715442  
1.694545985  
-2.867029367  
-2.512223209  
1.007583771  
3.217646944  
1.255124586  
-6.068582726  
-3.980514835  
-0.8161289952  
4.05713492  
5.083028849  
1.312616574  
-4.552997669  
-3.896140812  
-2.349174457  
0.9385518615  
3.306224613  
2.798977472  
-4.249526889  
-2.108144347  
0.1693341793  
2.626260889  
1.470010563  
-3.694955496  
-2.708342801  
1.670420182  
3.932865645  
3.765193285  
-2.945293087  
-4.571546568  
-1.939565817  
2.842176674  
2.93839764  
-1.985687196  
-2.821976881  
-0.8244463303  
3.580207814  
3.218631315  
-4.770408533  
-2.785512765  
-0.8007262393  
2.28605525  
-1.211207087  
-5.194561707  
-2.222634804  
1.221654508  
3.250931094  
3.606936745  
-2.499326087  
-3.235330971  
1.776105651  
3.752725276  
2.94926958  
-2.911712794  
-2.823211865  
-2.209029646  
2.839496685  
4.416398968  
4.305000766  
-4.070218301  
-3.426921535  
-2.078614861  
2.153595073  
3.858613735  
0.8104202601  
-3.981813799  
-2.215169879  
-1.008759033  
3.101432649  
3.642209176  
0.6570219074  
-3.881218942  
-4.210247311  
-2.671100543  
2.862163786  
3.98407599  
3.322144687  
-3.522803872  
-3.020624686  
-2.282107246  
2.355136709  
3.553885444  
4.048116706  
2.943505945  
-3.371404879  
-3.493854561  
-1.168208951  
3.39299692  
5.03191836  
1.013657636  
-3.461405355  
-3.130837337  
2.063720072  
2.858139343  
1.632075457  
-4.619115006  
-1.703976355  
3.481425385  
0.5780966515  
-3.451412781  
-2.202933996  
2.665818507  
1.864770782  
0.1854602705  
-4.361093652  
-0.3048635067  
3.626711157  
1.560345343  
-3.127628705  
-2.705199067  
2.450683587  
2.096149749  
-4.146082261  
-4.580377388  
0.2189187868  
4.166798995  
2.051890859  
-2.44841733  
-1.774902643  
4.627500934  
4.386967265  
-2.730304588  
-3.354394312  
-1.030251722  
4.096143404  
3.673044225  
1.947273325  
-3.924557246  
-3.240125801  
-1.557986612  
3.230058592  
5.465586318  
1.172547992  
-3.081519053  
0.1708923319  
3.878275372  
4.367839798  
2.828502289  
-3.248609389  
-2.079375965  
1.931236684  
4.554187725  
2.157994029  
-4.274790202  
-3.603981001  
-4.088598148  
-0.07794064067  
2.116091444  
2.172240585  
-1.252071066  
-3.45042102  
-3.143592988  
1.579484281  
3.083644742  
4.944526267  
3.588910706  
-2.996458777  
-4.317224891  
-2.314735974  
1.509745858  
3.724180678  
1.897249786  
-4.495021014  
-3.011535152  
-1.606918739  
3.093098599  
4.437489531  
2.623587988  
-3.932369027  
-4.304951185  
-1.926279893  
1.770759157  
3.438389989  
3.053647085  
-0.4141576683  
-2.787020329  
-3.332824805  
-0.7192140849  
3.67077646  
3.01580595  
-0.3231837686  
-2.662247267  
-2.715848426  
-1.7711305  
1.877580216  
2.850831445  
2.941144052  
-1.595221048  
-3.05513089  
-3.872210625  
-2.609831836  
1.201303951  
2.266996804  
1.407676769  
-4.317541837  
-2.186790042  
2.718753825  
3.162357761  
0.4216092706  
-3.265646484  
-1.437625042  
-1.40860665  
2.15263288  
2.700701875  
-0.7131292695  
-5.6679647  
-3.989454571  
1.40156508  
2.655348643  
3.168480896  
2.74110969  
-0.5403434614  
-4.295113476  
-3.116573547  
2.388252546  
3.397089873  
-0.6157448033  
-3.465493637  
-2.736114978  
1.96904607  
3.247669682  
2.189870272  
-2.566056908  
-4.243031621  
-2.194473733  
2.515352741  
3.710858269  
1.966170474  
-3.923048099  
-4.549222796  
-1.612616106  
2.212635027  
4.146367407  
3.599244854  
-0.2728920686  
-1.927327393  
-1.977827286  
-1.701673997  
0.7918568556  
3.642421296  
1.817514075  
-3.978701431  
-3.277907152  
-2.345035312  
0.9607109545  
2.217767834  
2.704015569  
0.3926471882  
