0.6804013356  
0.9873011042  
-0.7564229341  
-1.027095385  
0.5681316314  
0.7891099759  
-0.3324090814  
-0.3906234472  
1.000763568  
0.1541396022  
-2.870145771  
-2.174706389  
-0.9948036149  
-0.4909813824  
-1.590956465  
-0.3291598751  
2.401052119  
3.171837481  
1.98005579  
-0.4842812855  
-0.3295743053  
1.03810622  
0.7323561937  
-0.6265650557  
-0.1257818603  
0.5994521923  
-0.5578768807  
-1.874702387  
-2.137873743  
-0.3928836706  
0.3723630911  
-0.1407800598  
0.1796322395  
-0.3400859028  
1.243869262  
0.5751900293  
0.2554260721  
1.472143767  
1.350725494  
-0.4181732497  
0.01196525386  
1.13612583  
0.7592755609  
-0.5037658241  
-0.4023071564  
1.964673571  
2.626421904  
-0.891628958  
-0.8664889844  
0.06609554594  
-0.8614612661  
-4.291822805  
-3.400123064  
-0.8451116657  
0.2263213083  
-0.4174349799  
-1.587630784  
-1.173366252  
0.304530012  
0.09973263637  
-2.399355309  
-2.728431376  
-0.06189493901  
0.6613049597  
1.116876914  
1.821798701  
1.381444438  
2.746411614  
2.792751321  
-1.395111541  
-1.067242959  
0.6404345912  
-0.211458194  
-1.982007702  
-1.523726735  
-1.802264043  
0.3454894209  
-0.5284390011  
-3.11109416  
-1.284850925  
1.628566169  
3.301054962  
3.234011255  
0.06355740287  
0.107205952  
1.857401052  
1.03947014  
-0.03703267202  
-0.2630257025  
-0.3902251031  
1.053538815  
0.8086613966  
0.4940870317  
-0.8462710861  
-1.063856731  
0.9713695766  
0.4315742716  
-1.546236197  
-1.621902904  
-0.6353462967  
1.321133786  
1.643856571  
1.450718634  
0.7996281818  
0.7605420381  
2.341078595  
2.102571055  
-0.2853098384  
-0.7883114884  
-0.5207629386  
2.120684457  
0.2058048514  
-3.487105381  
-1.585801531  
-0.1817540912  
0.7187245077  
0.3015309204  
-2.354982008  
-1.171656229  
0.2521886407  
1.691331785  
1.845800218  
-0.8089446922  
1.067705125  
2.257666401  
-0.2695374844  
-3.40376873  
-2.924801083  
-0.7687325899  
0.0788382067  
-1.537976096  
-3.023241272  
-2.113787107  
-0.640288786  
-0.6939682719  
-1.023105968  
-1.650239505  
-1.048299407  
2.171927061  
2.210064614  
0.8698844928  
0.8352290597  
0.970361625  
1.116523841  
0.4599773077  
-0.6821170114  
-1.185448318  
-1.124644334  
0.8153540489  
1.026764919  
1.25100197  
-0.7661253921  
-2.108501364  
-1.765036062  
-0.1848715574  
-0.4313007423  
-1.782077349  
-2.047656216  
-1.167123426  
2.434451657  
2.510287246  
0.5219953667  
0.5096276272  
2.21552032  
4.204014291  
3.199309522  
0.4709698908  
0.3175418295  
0.08220186548  
0.1664863785  
-0.2359498953  
-0.9306320858  
-1.312650207  
-0.8471262849  
0.5429411876  
0.1398873573  
-0.859581498  
-0.7219128805  
-0.8391953479  
1.657129513  
0.8920770723  
-2.336083215  
0.4005382925  
2.545139919  
1.128159043  
-1.238002269  
-1.913886253  
-2.366358557  
-1.122329177  
-1.594892656  
-1.138254449  
0.320039376  
0.7932269386  
0.7973362168  
-0.4775710521  
-0.7712150588  
0.554877637  
0.9120504576  
1.142917465  
0.1124625445  
0.295146596  
1.567453264  
0.6197097287  
1.268802966  
1.834082652  
0.09493386651  
1.55458545  
0.8757846987  
-0.06835346784  
-1.415750528  
-3.212794522  
-1.868630456  
-1.703884224  
-2.526862623  
-1.03934406  
0.4135052675  
0.9073638002  
0.3754931576  
-0.499186225  
-0.5125484296  
2.075066699  
3.198455364  
2.598551936  
-0.1868850431  
0.2565750917  
0.3915354389  
0.4785928382  
-1.759016496  
-2.236405094  
-2.011241615  
-0.05766660362  
0.9150034727  
-0.9319872872  
-0.4621600715  
-0.02661203882  
1.233234836  
2.089883435  
-0.4661705757  
0.4434632066  
0.5824579287  
2.045434009  
1.249612103  
-0.8014897212  
-1.178267216  
-1.197413152  
-0.07029397894  
-0.1186770524  
-0.09012278803  
-2.328583992  
-1.631601723  
-1.153072097  
-0.6390165636  
-0.7642921371  
-1.392229573  
-1.772653007  
1.731731787  
2.883628178  
3.179361577  
2.341335726  
1.781254515  
2.38925716  
4.18190599  
2.670678637  
0.5460342002  
-0.7298018851  
0.4089433076  
-1.598568029  
-4.431855265  
-2.882994772  
-1.00495752  
-0.3058336099  
0.5151436713  
-1.855853015  
0.04715431352  
0.5964683438  
1.847645108  
0.8360714068  
-1.197117389  
-0.2279244215  
0.4512754281  
0.7891950532  
1.107476231  
-1.132545295  
0.2909198931  
2.011283452  
2.290899778  
2.425151135  
0.5293620774  
-0.658679199  
-1.000623063  
-0.546527893  
-0.1581100764  
-0.9158284348  
-1.823352371  
-2.765695663  
-2.224596843  
-1.185039343  
0.2509023775  
0.07511518497  
0.5136679873  
-0.2972565656  
0.5777608756  
0.7635765143  
1.702150461  
-0.4006294356  
-1.192673649  
0.03661734653  
1.046046877  
1.200907315  
-0.9448835049  
-1.193618355  
-0.2131483257  
2.179932117  
2.967114327  
1.053868867  
0.1407443914  
0.6044183758  
0.8494375792  
0.1757889974  
-1.62913496  
-1.492917135  
0.4672330033  
1.177106143  
1.598201851  
0.995928059  
-0.5815607707  
-2.242873533  
-3.483341967  
-3.003540333  
-2.065108678  
-2.60639767  
-0.966809333  
-3.354773787  
-2.637290054  
-1.382303882  
1.203146056  
1.961722608  
2.498505781  
1.176727871  
0.5890790915  
3.609090415  
3.199743517  
3.639242762  
1.111945933  
0.8787499099  
1.156866433  
2.974041712  
0.688093654  
-2.02444443  
-2.041199599  
-2.072238439  
0.6658197047  
-0.323119049  
-0.9325022883  
-1.789025704  
-0.0848249569  
-0.3944920581  
1.778374539  
3.038228281  
2.425732091  
-1.614466706  
-2.901871678  
-3.790929031  
-2.225286895  
-1.181827394  
-2.159653295  
-1.485884755  
-0.7577124292  
1.569270203  
1.255686154  
0.1648608288  
-1.303313185  
-0.6632831791  
1.007033947  
-0.2048913928  
-0.006380091581  
-1.255303874  
-1.780150241  
0.453994734  
0.08921869023  
-0.2758172743  
0.4362862379  
0.7791063753  
1.550670842  
-0.2562217927  
-1.195034577  
-2.487804488  
-0.6310185503  
0.8111565554  
1.234483588  
0.3438445898  
-0.7265981039  
1.008309109  
1.506615678  
-0.5264151895  
-1.203122823  
-2.172220714  
-2.544014965  
-0.8623753856  
0.4993111434  
1.443972153  
0.6884775943  
0.7597739558  
0.4033902248  
1.296721283  
1.41976547  
1.699846388  
-0.2801526197  
-0.3685001024  
0.119231769  
1.351487099  
1.469099619  
2.081025263  
0.04781143003  
-0.8916148764  
-0.4636343121  
0.6047715793  
2.05070629  
1.588294922  
0.8923618535  
-0.1026813599  
-1.015723063  
-1.125701722  
0.8094200842  
0.6666390364  
0.3282119471  
-1.260923008  
-2.271377509  
-0.3276465389  
2.577417889  
2.734488979  
0.7044291827  
-1.578634929  
-1.629407191  
-0.9022540971  
-0.3443374132  
-0.502672462  
-3.044719035  
-1.641104275  
0.3758412841  
1.014808114  
-0.4726763728  
-1.388794889  
-0.7331552965  
-1.610449977  
-1.421092999  
-1.777859156  
-0.9099541856  
1.147108335  
-0.1155603938  
-1.313018544  
-1.932049737  
0.9643539243  
1.129754394  
-0.2054873545  
0.4248479268  
2.242163257  
1.81809343  
0.8948998037  
-0.2322995457  
1.354614145  
2.022510521  
1.618574852  
0.5420597508  
1.330511822  
0.6563106056  
3.371944129  
3.78838252  
2.995613896  
1.110159875  
0.6636870508  
1.295846011  
2.444174295  
1.672062437  
2.083372528  
0.1522857645  
-0.9885571142  
0.9020327989  
0.4538689487  
0.9255375913  
-1.182843792  
-1.506703561  
-1.137379741  
-0.49300465  
-0.06681081732  
-1.2301634  
-2.328019392  
-2.944378921  
-2.971649843  
-0.1956738005  
1.501458701  
0.6541104493  
0.3234759474  
-0.5122751222  
-0.5604258544  
1.653894211  
1.326571184  
-0.1154917444  
-0.5506716512  
-0.6981620612  
-0.8454598505  
-0.3894971587  
-0.4902300503  
-0.5170328136  
-2.768680274  
-2.566017654  
-0.3762508999  
2.544334419  
4.541761181  
4.053204185  
1.339891068  
-0.4076510074  
-0.3126408571  
0.4838497712  
0.6929281272  
0.6364696006  
-0.4698962661  
-2.79963085  
-3.098465974  
-2.689440281  
-0.955985662  
1.478835472  
1.659227004  
-0.02611045263  
0.2949034542  
-0.1081085171  
-0.3915679658  
0.008646174376  
0.2813669486  
-1.347857144  
-2.757512839  
-2.106514975  
-2.280474806  
-0.2474963979  
-0.03661666589  
-0.1076991846  
-0.8579062284  
-1.936551156  
-0.4016082845  
0.7396540641  
1.674080697  
-0.05810679152  
-2.183280428  
-1.300030975  
-0.2476425179  
1.328456874  
0.3374247391  
-1.528095481  
-1.127025265  
0.6719578253  
1.378693754  
2.018242521  
2.479342823  
1.854011678  
-0.4117907324  
0.7505329072  
2.510127934  
1.604552781  
0.236160935  
-2.467800151  
-2.587155741  
-2.580215966  
-0.379850327  
-0.05266996609  
-1.185737536  
-0.4155083907  
-0.09164690155  
0.716526234  
1.395339602  
1.175117858  
1.066373275  
-0.978107315  
-1.887692931  
-0.2384598386  
-0.594976459  
-0.2942633434  
1.332664259  
0.6805035394  
-0.0358883154  
-0.4991982878  
0.2068370778  
0.33430767  
0.7946924575  
-0.06265117197  
-0.8170209853  
-1.994504383  
-2.622941275  
-0.1588806429  
1.921195757  
2.915116546  
