1.182138349  
1.09278591  
-0.7466359377  
-1.626462611  
0.7968429122  
1.142609681  
0.5561121955  
0.287705626  
0.1161118187  
1.041614004  
-1.239966165  
-2.255669785  
-2.015106101  
0.7785306263  
0.6303483016  
-0.592255321  
0.02440407136  
-0.3964183695  
-0.1587826211  
1.353483744  
0.0699449387  
0.6072149226  
0.3324403381  
1.036451225  
-0.5074125158  
-0.5111804726  
1.292420845  
1.004702262  
-0.1090631494  
0.8483069086  
0.6821982871  
-1.116206082  
-1.003066155  
-1.581108032  
-0.3029041032  
1.03627156  
-0.521286859  
-0.3416173594  
-0.1293806153  
-1.467373433  
-2.062155865  
1.256327359  
0.1157160051  
-2.398038084  
-0.7807520237  
-0.333613106  
0.8774324028  
0.1119048273  
-0.8159668676  
0.02412144931  
0.8613168419  
1.216068392  
-0.2543050442  
0.5801739061  
0.1323689051  
0.1402363674  
1.660403207  
0.7607006121  
0.5422628877  
0.1026478092  
-0.518535162  
-0.8711874281  
-0.6878478864  
-0.3478115077  
-1.058619203  
-0.8433886384  
-1.159028338  
-1.734739414  
-0.2723728022  
0.09178299833  
-0.7329988047  
0.09332133285  
1.948867948  
0.09723951874  
-1.296358263  
-1.020906466  
-1.24655943  
0.6783817334  
1.299150989  
0.5218096539  
0.628163934  
0.5155184894  
1.839543793  
1.541517614  
-0.8188836268  
-0.1051405974  
1.0215863  
0.07465730678  
-2.170300602  
-1.963473796  
-1.437275255  
0.8878891585  
-0.577892245  
0.6581371999  
0.3068647369  
-0.7555887701  
0.2565298471  
0.7051407278  
2.269917802  
0.9650253229  
0.1524198638  
-0.1031354945  
-0.3462838545  
0.08827019232  
-1.782357034  
-1.65981316  
0.8187157053  
0.2905007241  
1.344135149  
0.4538749352  
-1.613454118  
0.2133904575  
-0.2574608592  
-0.8597417156  
-0.08955639878  
-0.7773438515  
1.559119217  
0.6567702568  
-0.8840104904  
-0.2116651008  
0.07002691417  
0.5891190224  
0.9914875578  
-0.6684538732  
-0.5214396756  
-0.3261515462  
0.5539665834  
1.160866095  
0.00942763799  
1.059608226  
0.7663369294  
0.668456272  
-0.5914102046  
-0.6299850957  
0.1074257244  
-0.9023155906  
-0.5332477485  
0.05038972384  
0.07691497221  
1.052901505  
0.1379550231  
-0.5392446713  
-0.400403287  
-0.2157079433  
-0.4204142788  
-0.06718732508  
-1.415166687  
-1.896759799  
-1.434525693  
0.7822959957  
1.759649573  
1.050938551  
-1.084874114  
0.5832178743  
-1.367488631  
0.01551688919  
0.9357594221  
1.067575466  
0.6226961744  
-1.853692791  
-0.9930375121  
-0.4479887627  
-0.2326219586  
0.6687378706  
-0.3928733519  
0.09258399226  
-0.4253119522  
-1.614109835  
0.1791773808  
0.3194350237  
0.4815210715  
-0.8094993909  
-1.950255081  
0.2622013166  
-0.3226274924  
0.512096552  
1.060117744  
0.4425526802  
1.4021599  
1.512118564  
1.99802701  
0.6683489618  
-0.3395339638  
-0.5569014089  
0.4223328838  
-0.2717817646  
-1.302495501  
0.2218111793  
-1.334724105  
-0.7316795432  
0.4070004232  
0.1451205032  
0.2093584977  
0.08300252589  
0.4763734018  
0.2211613135  
-0.6780197232  
-0.08226541417  
0.5306909059  
-0.09153173644  
-0.6583444571  
-0.3766269155  
0.2936540873  
0.1816956007  
0.5077089841  
1.078188333  
-0.07035089223  
0.1021473736  
0.02902348085  
-0.6695459306  
-0.1196953485  
-0.5175596218  
0.9514877423  
1.052455854  
-1.183788431  
-0.7764044537  
0.9190464342  
0.1752092653  
0.6827188268  
0.8909402242  
0.4538864036  
0.6633721479  
0.4247899291  
0.4153488538  
-1.296775774  
-0.2581496356  
1.069457614  
1.065490149  
-0.02973880171  
0.2216881216  
-1.242932104  
-0.4853870827  
-0.5183352195  
-0.2061902582  
0.9186468122  
1.745750175  
0.4317982162  
0.916323162  
-0.6271763572  
-0.5113116721  
-1.397237005  
0.6249442307  
0.3187380917  
-0.4559543648  
-0.8239491239  
-1.465959682  
0.9044494666  
0.551665246  
0.8833632833  
0.193690406  
-0.3456658298  
0.5972302731  
-0.9295903441  
-0.7152382587  
-0.3962430362  
0.8544379044  
1.025023304  
0.109957222  
1.003910543  
-1.419305529  
-0.3818235474  
0.2724274692  
0.1615668171  
-0.9604720359  
0.09150374511  
-0.03665076628  
-0.9096749143  
-0.5675821411  
-0.6938010436  
1.458484549  
2.263253489  
1.271913077  
-0.06489701788  
0.0989877123  
0.514592764  
-0.8474795879  
-0.4075372951  
-0.2904664941  
0.4712587372  
0.8947026948  
-0.5143427767  
0.2460447255  
-0.09462253286  
-0.1813669282  
0.4789899184  
-0.3020063104  
0.2051630436  
0.5634837018  
-0.1801288572  
-0.6090661371  
-0.846105353  
0.01984115639  
-0.09373744861  
0.182060964  
0.2418651949  
-0.2573740906  
-1.054821758  
-1.050692249  
0.4350581436  
0.6743649578  
1.447977366  
0.2200578068  
-0.1676946772  
-0.5367186263  
0.6350931182  
0.420606459  
0.5094075223  
-0.1437083922  
-0.3049237272  
0.5154710639  
0.8564581071  
-1.506438312  
-2.66936611  
-0.07852190935  
0.1463869881  
-0.4929944073  
0.5284375331  
-0.01688909672  
0.123091221  
0.01073553164  
-0.8654996916  
2.156918706  
0.2878663361  
0.2409924251  
0.1993287116  
1.979939239  
0.9765346194  
-0.04491602228  
0.8259858582  
-2.164428636  
-0.7477425531  
0.8669618462  
0.7817351034  
-1.355872177  
-0.7246474123  
1.074638418  
1.538398993  
-0.3170491463  
-0.2557841903  
-3.019043625  
-1.583369382  
-0.008453949757  
0.3491391996  
1.170815607  
0.0819010725  
0.3956429313  
-0.9200480792  
0.32280805  
0.9776993809  
-0.2240969708  
-1.21415425  
-0.1411964014  
0.7008964457  
0.4333183993  
0.6783884615  
0.3562545079  
-0.3871085644  
0.3183601983  
0.6380043208  
1.516569132  
0.8195772353  
0.3765907242  
-0.5915993426  
-1.674074305  
0.05666508599  
0.5104860033  
-1.337511622  
-0.4616528812  
-1.273479469  
0.6154644675  
0.2581420759  
-0.7272371473  
-1.023572914  
-1.364225032  
-1.101742486  
-1.723952281  
-2.039613454  
-2.145584786  
-1.022625886  
2.282240583  
2.13695038  
1.107959814  
0.7171656414  
-0.3821972545  
-0.3076614357  
-0.3000845457  
-0.6620195767  
-0.6833467392  
-0.342461107  
0.1139291887  
-0.1069849751  
-0.09387532499  
0.1248994074  
-0.8835511852  
-0.7669443618  
-0.1351677008  
0.06181962779  
-1.129509409  
0.9259452806  
1.502266381  
0.4291495486  
0.001953263736  
0.465664048  
0.1028875502  
-0.1864007083  
1.555204071  
1.050511168  
1.122297505  
-0.2530061517  
-1.296530171  
-0.8593357342  
0.7517206628  
0.6963337654  
1.088423764  
0.3002531018  
0.1092783681  
-0.30953803  
-0.7195490092  
0.4326373611  
-0.5472159292  
0.8096784685  
-0.4216075893  
-0.128076555  
-1.430851863  
0.08041738711  
1.179965948  
0.3867263054  
1.832325424  
1.268677972  
0.6182514211  
0.1155333364  
0.7534664891  
-0.04263864696  
-0.2131608352  
0.1521551358  
-0.9728562223  
-0.2408380751  
0.5856829871  
-2.037470235  
-0.7526037349  
0.3247991758  
-0.7607496773  
-0.0196018017  
1.202689272  
-0.4806218044  
-0.02803794858  
-0.2401603627  
-0.4459121464  
-0.591213889  
1.42936012  
1.192943224  
0.4303326538  
-0.5173592122  
-0.1659940368  
-0.2302808498  
-1.062198832  
-0.2111533616  
0.03616988985  
0.3757197375  
0.1064960637  
-0.5965847204  
-0.9240900254  
-0.0934408512  
0.587721894  
-0.4320063122  
-0.7886825178  
0.1782522052  
0.6294580228  
0.8915450727  
1.175698726  
1.565125156  
-0.2668772726  
-1.126518289  
-0.484294753  
0.02538936593  
0.7037045807  
0.8401178062  
0.1613187318  
-0.2597312257  
0.5159668366  
0.1358414757  
-1.133683145  
-0.2559839093  
0.5697627269  
0.7469166165  
-0.109950214  
-0.840978197  
-0.8137714479  
-0.8356729812  
-1.647944791  
-0.1369906043  
0.3651585339  
0.8000291407  
-0.09395460468  
-0.5179905048  
-0.172675189  
-0.1893756765  
0.3096885965  
0.1814080631  
0.4778577152  
0.8254762421  
0.8095805849  
-0.6982948949  
-0.2787159292  
1.341274806  
1.850089506  
0.05214639597  
-0.3785678004  
-1.308905261  
-0.4703090374  
0.09926829096  
0.0799590602  
0.9144319048  
0.6932055392  
0.6495933174  
0.6488102569  
-0.2156813672  
-0.1126466896  
-0.9172553941  
0.4095787815  
1.794795168  
1.656759655  
0.6329564617  
-0.7010819039  
-0.1402734762  
-0.205051094  
0.1004211179  
-0.4819989772  
-1.298482211  
-1.921523115  
-0.7842149814  
-1.137869069  
-1.690063006  
1.101982879  
1.015926011  
0.2240354908  
-0.6600913964  
-1.037281678  
-0.5704945796  
0.02793441567  
-0.7082705432  
0.08375081616  
0.198526753  
0.3802970991  
-1.08372744  
-1.003235193  
0.7327432541  
0.9030738546  
1.426000713  
1.831278812  
1.063838464  
0.1278845911  
-1.5511873  
-0.7540480285  
-0.4344629915  
0.8115395737  
1.455023875  
1.819298404  
0.7365715007  
-0.7249439262  
-0.1824579941  
-0.6402233572  
-0.2598039642  
0.8041970564  
-0.9472120347  
-0.642103886  
-1.160267241  
-0.6288846244  
-0.4978191746  
-0.2069435715  
-1.415048497  
-0.2617648443  
0.1890467515  
0.3046903804  
0.9360877211  
0.3232855826  
-0.7698027162  
1.004262446  
1.743233464  
0.1586988816  
1.327856179  
0.3592079738  
0.7220197286  
0.0541481144  
0.7455159397  
0.1056097907  
-0.8386593866  
-1.280074834  
-0.2473681526  
-1.4594239  
