-0.1662951625  
0.291204028  
0.8035621925  
1.951964669  
2.069528124  
1.005811571  
0.736603642  
1.242022861  
0.004047100546  
-1.18955312  
-0.2604189904  
-0.8285736774  
-2.771904819  
-2.536986828  
-1.683645677  
-0.01557648409  
1.779305324  
1.052978696  
1.020695969  
0.6210265954  
-1.955395212  
-2.163625633  
-0.4025942791  
-0.7015583127  
-0.1263365265  
1.043786273  
-0.4198581104  
-2.595024375  
-3.322897068  
-1.900862259  
-1.137906826  
-0.3547412653  
1.485395591  
1.904056851  
2.592110689  
3.518223797  
3.041090034  
2.040260093  
0.7840542462  
-0.3292656547  
-1.089004773  
-1.666275335  
-2.86076422  
-2.427506196  
-1.056408961  
-0.3556089343  
-1.12635365  
-0.3122375244  
0.6057125811  
1.695895416  
1.514298967  
1.903529753  
2.186991742  
2.531810704  
-0.05935255561  
-2.578912807  
-2.229477109  
-2.219908723  
-2.622865901  
-1.796099533  
-0.6363745152  
-0.4620058249  
0.6828574936  
-1.417595347  
-2.10437126  
-0.5738589983  
-0.05584173306  
0.7742266956  
1.622228603  
1.292452662  
1.472395405  
0.3279245181  
-2.41042697  
-2.302521552  
-0.8618527372  
-0.6030730833  
-0.6996539312  
0.5719249834  
-0.2157402799  
-0.2738248159  
-0.5381567596  
-1.505783507  
-1.222534119  
-0.1972256998  
1.196711627  
2.469683426  
1.857475479  
1.229856069  
1.758150501  
1.259084276  
1.044709218  
1.617491852  
2.493278209  
2.583165516  
0.6733765544  
0.6574576572  
-0.6948034628  
-1.276746712  
-1.095057867  
-0.1312535991  
1.18640206  
0.349855777  
-0.6485506897  
0.3566097989  
0.3610254091  
0.5880607048  
1.569938447  
1.8344894  
2.710765728  
2.350901715  
0.7666976586  
-2.33981147  
-3.190131275  
-1.751803798  
-0.2047554294  
-0.4814423677  
-0.2461500056  
-0.533990226  
0.3691592186  
0.3430105071  
0.4936314147  
0.076773668  
-1.014645693  
-1.561402138  
-3.596464502  
-4.02966747  
-2.287582195  
-1.824853855  
0.3192448144  
0.4384705349  
1.616039069  
2.50202863  
2.356550562  
3.014231502  
2.161934103  
-0.03329135316  
-0.139027319  
-0.9878029302  
-1.316842645  
-2.317651029  
-3.157061918  
-1.618496942  
-1.568585479  
-2.437506985  
-1.601509435  
0.3879549411  
0.9788354553  
1.734833703  
2.351691798  
2.242400606  
1.692440912  
0.4947088313  
1.074402906  
2.638366637  
2.206403807  
2.794074546  
2.369202566  
1.022334267  
-0.4294706843  
-2.136549383  
-3.444768162  
-2.711126701  
-1.437690768  
0.5421704  
-0.7056237151  
-1.99434853  
-1.611451977  
-0.125499798  
2.036820037  
1.712811242  
1.005517322  
0.4054858959  
1.274146682  
1.699953761  
1.372811366  
1.388643149  
0.02437624246  
0.2963487102  
0.03349134187  
-0.8166249676  
-3.214801176  
-3.909186238  
-2.288188042  
-2.051431445  
-2.189847686  
-1.123731516  
0.4960572969  
-1.056815228  
-1.431568297  
-0.1526533463  
0.2217579877  
1.386752012  
1.173524043  
1.020943176  
0.6214180762  
1.628066442  
2.074957467  
0.897187285  
-0.9393958467  
-0.6429276987  
-1.297450497  
-2.335099977  
-2.355558272  
-0.5605681253  
-0.04856159844  
0.123938972  
1.299487519  
2.637554865  
1.914402688  
2.576001148  
2.247736945  
1.909876874  
2.541604152  
2.530456643  
1.966344441  
0.5119612822  
-2.433888845  
-4.028729348  
-4.468748671  
-3.226207807  
-0.3670306571  
0.3137645514  
0.6126320556  
1.37652613  
1.369904474  
1.175872822  
0.8382984674  
0.9533791971  
1.312927487  
0.188541382  
-1.5013046  
-1.990549456  
-1.755897867  
-1.049168523  
-0.4866027454  
-1.556038649  
-0.6613554305  
0.3526754055  
1.283544535  
1.239158034  
-0.3620462527  
0.3363553058  
-0.2680975261  
0.6447240929  
-0.7147695146  
-1.195204978  
-2.203795134  
-0.3890738853  
0.4098243444  
1.615496219  
2.034085494  
1.552058999  
1.912855305  
3.365508448  
2.42185041  
0.702253961  
-2.372485591  
-1.484844758  
0.1508782409  
1.072827576  
0.841002149  
0.5180526246  
-0.3736737117  
0.6568781622  
-0.4262091285  
-0.6836039818  
-0.5199810104  
-1.834637994  
-1.209135726  
0.1336670914  
0.98183665  
2.175199312  
1.586502919  
0.8620605495  
-0.2906399146  
-0.989713835  
-1.011177963  
-1.512012264  
-1.777710575  
-1.555501734  
-2.585793252  
-3.243042685  
-0.5240618458  
0.8438531507  
0.5514242767  
0.7127579641  
1.41538901  
1.893317651  
2.899212939  
3.125763087  
3.123412438  
1.01217421  
-1.792584273  
-3.039394658  
-2.577761648  
1.29691452  
0.734211028  
-0.5982132035  
-1.746671244  
-3.046134824  
-2.432324141  
-0.7632069252  
-0.6868686972  
0.1110597109  
0.1595817204  
1.033613322  
1.346197054  
2.769736457  
2.152502549  
1.180580147  
2.940849798  
4.025588525  
1.462535817  
-0.0003519821423  
-0.9924056777  
-1.266854462  
-0.3426443917  
-1.216888652  
-2.502792171  
-1.092112173  
0.3811382989  
-1.251590479  
-2.529125062  
-2.851213961  
-1.13919505  
-1.090746589  
0.6830411501  
2.70531429  
1.91483081  
2.369681552  
-0.1032723717  
-1.464171581  
-1.749769866  
-0.07373256478  
0.6879852918  
0.2120592592  
-0.1992030333  
-0.5984851501  
0.1376068178  
0.0390475007  
-1.138157865  
-1.04728237  
0.1667857021  
0.6440383545  
0.6465848951  
1.580746598  
1.891558079  
1.994835947  
1.416939269  
2.303400707  
1.161077201  
1.46850401  
1.116746393  
0.9265642194  
-0.2522151634  
-1.369049968  
-0.9895903156  
0.2309336899  
-1.289779388  
-1.005180629  
-0.05652211363  
1.980720708  
3.123538263  
1.68866812  
-0.4880446659  
-2.661852958  
-2.241199717  
-0.9600687817  
-2.890988951  
-3.884385181  
-3.357662263  
-2.797615418  
-0.7893341569  
-0.3453768488  
-0.868737491  
-0.04332622258  
0.5052426564  
-0.9620616034  
-2.314287028  
-2.293835016  
-1.270773199  
0.9596101507  
1.476269642  
2.993915121  
2.682012571  
2.705674431  
2.025690064  
0.7341771257  
-1.155989937  
-0.7474581548  
1.018602658  
1.147582319  
1.057154664  
0.1041183944  
-0.01857830249  
0.4091555152  
1.032486414  
1.361903673  
0.5469044268  
0.2177331707  
-1.368579814  
-2.541097003  
-1.712870193  
-2.235879765  
-2.20891295  
-2.736525289  
-1.385413672  
0.0552141014  
1.409666904  
1.66477794  
1.850813754  
0.9866420382  
1.603747516  
1.091252987  
1.721410559  
2.081490768  
1.23359048  
0.489158676  
-0.6938013138  
-0.3383213533  
1.601915613  
1.53354807  
2.156125321  
2.229324722  
2.605632661  
1.510093327  
-0.1226912123  
-2.299625773  
-1.742150473  
-0.6599977761  
-0.7846372149  
-0.3420812223  
-0.2889870084  
0.6604939539  
1.430035491  
1.257330262  
0.9197122195  
-0.3948603431  
-1.642568479  
-3.32633623  
-4.558526339  
-4.426164229  
-3.458239533  
-2.208265507  
-1.004095557  
-0.08797717682  
1.033063001  
1.651756178  
1.931226692  
2.08741914  
2.620366651  
2.503196818  
2.570066484  
2.860761713  
2.734877303  
2.231145729  
0.1407500778  
-0.9611130768  
-0.8988486757  
-2.498979195  
-2.334677511  
-2.131165573  
-3.531480928  
-3.594287993  
-3.072946285  
-1.327042174  
-0.9190659922  
0.02722481248  
0.6633638043  
1.370104186  
2.096695195  
4.512498333  
2.951420579  
0.4517922377  
-2.107206244  
-3.230320921  
-0.9606118559  
-0.5303993108  
-1.307148954  
-0.7389910617  
-0.225339539  
0.3051951893  
0.1865470673  
0.313262636  
0.2449731198  
0.8911565421  
1.936106952  
2.031060021  
1.646067499  
2.686037251  
2.4946108  
1.856304389  
1.332290773  
0.8435743791  
-0.2610675193  
-0.9171591038  
-1.07934695  
-0.6622278113  
0.7982271411  
1.302192853  
1.311396681  
2.117311004  
-0.9434534455  
-3.966891362  
-4.184925447  
-2.934398629  
-2.218297952  
0.02671930078  
0.1121747943  
-0.1198953683  
1.135656067  
1.878672592  
3.058290896  
3.323047468  
1.594054123  
0.05892372465  
-0.2359692148  
-0.05763886171  
0.937362845  
-1.083841244  
-2.085211251  
-0.2816538321  
0.6566350599  
1.431405623  
3.07555606  
2.601980159  
1.870824004  
1.187424043  
0.1401699182  
0.3299990844  
0.2396793884  
-0.6358405494  
-1.79820803  
-2.382325023  
-3.366842244  
-4.666664586  
-5.794671846  
-5.181355807  
-1.936903155  
-0.1976045437  
0.4922316648  
-1.665834032  
-2.896082074  
-0.8808052098  
-0.2021770734  
0.4105957002  
1.302527399  
2.57939777  
3.181960264  
2.950904326  
3.678274291  
2.650307793  
1.151804666  
0.3226772276  
-0.8194442695  
-1.891201368  
-2.627418532  
-3.035885473  
-3.819627888  
-2.085016689  
0.070100851  
1.698987445  
2.223436458  
1.946838776  
1.177241229  
-0.56982133  
-2.774230466  
-2.104591547  
-0.3515217284  
0.04792610187  
0.3222346589  
-0.4418729999  
-0.1242044455  
0.686596375  
1.110631481  
1.344550801  
1.503437394  
1.88958458  
1.511432083  
0.677044007  
-0.3301183091  
-0.5253113656  
-0.3576464854  
-0.9959949804  
-0.6522865498  
0.2570601621  
1.249776842  
1.117027405  
-0.8244218684  
-2.819667132  
