-1.276724213  
-0.3614218123  
0.229630106  
1.403806384  
0.8823990085  
0.6728731516  
0.677240541  
1.853184361  
0.6623946394  
0.02899373199  
-0.6949954208  
0.7683304361  
-1.910155239  
-2.081801866  
-2.216852164  
-0.8493714905  
-1.917206033  
-1.338596118  
0.4908703401  
2.637664459  
4.199826551  
1.987093824  
0.865792575  
1.343002669  
1.668143287  
-0.7190073054  
-0.7072894452  
-1.026708785  
0.5114390958  
-0.2440641078  
-0.9078145125  
-0.9764440437  
-1.344952983  
-1.502077921  
-1.237882922  
-2.124149952  
-2.194628868  
-4.541350749  
-4.707767386  
-3.327258008  
-0.9399564966  
1.212145117  
2.054264149  
2.419058076  
2.605548843  
1.631274615  
0.7753213413  
1.406334482  
2.714880575  
0.1959761604  
-2.006563056  
-1.797335318  
1.099959707  
0.397747153  
0.6095023993  
1.979798428  
2.488326474  
2.672304961  
0.3662131035  
-1.055554881  
-0.8270305769  
1.354205508  
0.8343231469  
-0.8539675587  
-2.306059892  
-1.115032069  
-1.689232985  
-3.701605361  
-4.261635975  
-2.954254705  
0.2044164688  
-0.519466626  
0.3914703817  
0.9656916484  
0.9704189517  
1.831861944  
0.7369424693  
1.128087836  
2.327754559  
2.761593494  
0.7077026369  
1.396870316  
1.957518649  
1.450954789  
3.046578763  
0.3603482884  
-2.096623012  
-1.477290385  
-0.94649744  
-1.361047559  
-2.710512941  
-2.794106481  
-2.584138599  
-1.801530382  
1.314758705  
0.8640730845  
0.4321350235  
1.156865178  
2.125665157  
3.346176857  
0.9828600018  
-0.6072214262  
-0.7769805251  
-0.6912010516  
-1.199723129  
-3.063958357  
-2.168499283  
-0.6554661205  
-0.3184618051  
0.5267470986  
-0.3968282449  
-0.8219183104  
-0.5913298542  
0.3885332553  
-0.0309402186  
0.6948312685  
-0.2051102712  
1.623151201  
4.071960759  
3.69582093  
2.850612723  
0.7963241188  
-1.428395662  
-0.3959671685  
-1.878149819  
-2.75037324  
-1.098698668  
2.291268628  
1.559410118  
1.157559064  
-0.372644452  
-0.3471936489  
1.058548937  
-0.4773303376  
-1.965027377  
-2.609099564  
-1.504403795  
0.2171196429  
0.0331572854  
-1.177329484  
-1.68120518  
0.2795122305  
-0.5336444091  
-0.6468360646  
-0.5973732663  
-1.332822023  
-0.6002452014  
-0.5218359909  
-0.8662739901  
-0.3724583083  
0.7800235031  
1.420866073  
2.400330554  
3.445378588  
1.898779532  
1.058970153  
2.225796351  
3.406262283  
2.964824902  
0.406181484  
-1.291927414  
-2.184024542  
0.1890106074  
2.265871795  
1.840968449  
0.0194200971  
-1.025084883  
-0.4195104628  
-1.321052114  
-1.158894922  
-2.023875021  
-2.279383605  
-2.53849192  
-2.994453871  
-2.471143645  
-2.679521908  
-1.095550841  
1.391311648  
1.310353896  
1.205194309  
-0.2538352294  
-0.6603285724  
2.192468244  
0.7385727851  
-1.153672434  
-1.623255226  
-1.60272251  
-1.063674353  
-1.008444105  
-0.5437623931  
1.508919895  
0.9029273849  
-0.3245112624  
-1.594134697  
-1.031215571  
0.8078225609  
1.548066662  
1.726482965  
0.4155968722  
-0.07255808296  
1.542528572  
0.252908114  
-0.08969201769  
0.9295448107  
1.315723702  
0.1797950626  
-0.3812792918  
-1.050510691  
0.03749926513  
0.9849263992  
0.9019628565  
-1.032514108  
-1.561017606  
-1.328381475  
0.2163260358  
-0.4652793798  
-0.2293667451  
-0.7095081848  
-0.3267754043  
0.8802350297  
1.15690852  
0.04820573128  
0.03953553884  
1.511003788  
1.340291761  
0.5664943538  
-0.3736705048  
0.3021696472  
1.750533202  
2.168578803  
1.620137466  
0.6973559633  
-0.258234741  
1.659432211  
1.727591388  
2.283498718  
0.2482205314  
-0.2129878981  
-0.1105870753  
-1.308358239  
-4.434452499  
-4.664400228  
-2.836551769  
-0.7935705787  
-0.5984600196  
0.3101348376  
0.6836242277  
0.4844659403  
1.105632283  
2.578846998  
1.062253599  
0.7856010842  
-0.4195838585  
-0.2367221713  
-1.182327635  
-1.53370621  
-1.130397569  
0.2166183506  
0.4260052256  
0.5175929991  
-0.09384233832  
-0.3704606882  
-1.841679123  
-1.802935623  
0.536808196  
0.7667861395  
0.258781397  
0.740899686  
3.292828395  
2.906897514  
3.258582419  
0.9737067314  
-1.151530066  
0.7878946512  
0.9898313411  
1.151816311  
-0.3424562298  
-0.944690345  
0.08867578877  
-0.9008149253  
-0.6380117243  
-0.8711757815  
-0.456597265  
1.203477236  
0.09002865517  
-0.1105099976  
-0.3097583913  
-0.3525349222  
-0.1485869955  
0.8408461676  
0.4337531323  
-0.3993413059  
-1.618661125  
-1.784943431  
0.1854354193  
-1.061075491  
0.6994504464  
0.1082289405  
0.1191571491  
-0.312640283  
1.24147739  
3.086421018  
1.827792759  
-0.1138513628  
-0.5646165742  
0.6147785294  
1.94972978  
1.964671168  
-0.5118899242  
-2.299689165  
-3.226517525  
-3.005319971  
-3.841019004  
-4.13147009  
-2.626084929  
-0.9221810495  
-0.6273583856  
0.500833734  
-0.9796891154  
-0.8600069701  
1.78182562  
1.816537675  
3.29557531  
3.527096746  
2.59281048  
2.158924668  
1.324085499  
2.280873946  
1.884730346  
1.425699258  
1.412826156  
1.370454217  
0.9264251276  
0.7684968912  
-0.449731862  
-1.689636469  
-1.024189444  
-0.3457531499  
-2.054396508  
-2.988271951  
-3.246214839  
-1.223501452  
-0.382850977  
-0.2153939025  
0.04777893705  
-0.9102271323  
-1.936099794  
-2.1574329  
-0.9752084218  
0.8332386508  
0.5803981366  
0.8255201914  
0.06377703265  
0.249352898  
0.9811920172  
1.513130657  
2.663592605  
2.739272714  
1.988077356  
0.3625460365  
1.066496681  
0.912853328  
0.09254662438  
-0.9354060965  
-2.345942145  
-1.40876912  
-0.7130599468  
-1.330148325  
-0.5553849203  
-0.5957180578  
-1.135379926  
-0.9087534997  
-1.575329452  
-2.908684301  
-3.515018467  
-3.149916284  
-2.008615599  
-0.3917206742  
0.1383444763  
0.3546318806  
1.131539641  
1.411285272  
1.472774761  
-1.105073897  
-2.998578351  
-2.917217633  
-0.3758304323  
0.598308887  
1.127818671  
1.035544692  
1.745591988  
2.25365109  
1.603200265  
0.4963846937  
0.03528671997  
0.2750102921  
-0.6305564321  
0.7226735654  
0.8237263187  
1.200133871  
1.006325707  
1.57689653  
2.375173683  
3.813865216  
3.545328202  
3.34124441  
1.028672851  
-1.534976611  
-3.485795063  
-3.234867694  
-3.987722723  
-3.660155588  
-2.77801421  
-2.046817366  
-0.2243103995  
1.35900504  
0.7992006664  
0.1898564401  
-0.4796361619  
-0.4524301811  
1.231415893  
1.619375899  
1.748258744  
1.305777644  
0.8591824179  
0.4987781226  
1.051534308  
2.518923596  
1.576996051  
0.4064105043  
0.02988999721  
0.8009209592  
1.25918249  
3.236567044  
2.250593015  
1.237912289  
-1.068730606  
-1.916434704  
-2.998743676  
-4.321631348  
-4.932003152  
-4.207838878  
-1.393757821  
-0.1412083798  
1.119943209  
0.6801784786  
2.031193815  
2.322772068  
1.774202054  
0.6229622282  
-0.1234467209  
1.251022382  
-0.1638025062  
-1.932588469  
-3.107279544  
-2.670439694  
-2.389723014  
-1.426007378  
-1.109470355  
-0.9381844296  
0.5406928149  
1.325731882  
0.4010984962  
0.3467105692  
0.9271843184  
1.651270396  
1.431387823  
1.148747257  
-0.2443097171  
-0.818210144  
0.1255564391  
0.8952227007  
1.297656439  
1.861831883  
1.768132029  
1.287681899  
0.6870886739  
0.7358689629  
1.003271426  
0.6676487063  
0.5259358299  
1.912260758  
1.349896976  
0.05260850155  
-1.211862163  
-2.151465313  
-1.592530034  
0.2588453939  
0.6353813819  
1.396086542  
1.774253543  
1.979998199  
1.845841892  
1.499263378  
-0.14549743  
-0.06622269802  
-1.289773972  
-2.071363845  
-1.354715772  
-0.7644617854  
-0.8606501705  
-0.08937914698  
-0.2896779235  
-0.06483476686  
0.7493176734  
1.645287266  
1.931258232  
1.389945228  
1.138986553  
0.2294800085  
0.0649393523  
0.6893271504  
0.3119529476  
-0.8385308571  
-0.9814196596  
-1.687544433  
-1.331861009  
-0.4371952357  
1.44935095  
1.729552686  
0.9050226971  
-0.4935580505  
-0.9534111066  
-2.390255616  
-1.625066609  
-1.816106122  
-2.884236007  
-3.137037053  
-3.107680971  
-2.237420838  
-1.525664628  
1.097540162  
2.020915534  
2.305467628  
1.588062195  
-1.219744823  
-0.6304255039  
0.9174971802  
1.759358358  
1.904835051  
1.662515457  
1.273769053  
1.879317118  
0.9969098051  
1.774159444  
1.149256572  
0.4133894873  
-0.4378509655  
0.4831043174  
-1.208453197  
-1.873348059  
-2.414368858  
-3.674500711  
-2.306399113  
-0.03429301483  
1.978455753  
2.394524166  
1.475131969  
-0.8229868022  
-2.900280025  
-2.597929114  
-2.012521561  
-2.169210715  
-2.017759176  
-1.978290311  
-1.55157377  
-1.063918232  
-0.7028088606  
0.9005840184  
1.717129046  
1.520388035  
2.625541945  
1.75246294  
1.394397612  
1.372741069  
0.6613245025  
-0.5015532255  
-0.5793360727  
0.1307697916  
0.7546593186  
1.557962216  
1.013765509  
0.8878459484  
0.0567931306  
-0.4820619214  
2.086857829  
1.310489498  
-0.1253839085  
-2.345569277  
-3.853694106  
