-0.8113487617  
-0.5395692578  
0.05448307948  
0.36205687  
0.5040149083  
0.7579593083  
0.8389526019  
2.087522575  
1.885622646  
-0.269974378  
-1.237129438  
-1.764943181  
-2.491962711  
-2.108474363  
-0.4841484003  
0.6341736955  
2.355516662  
1.108546647  
1.239662047  
1.259837003  
1.227591305  
0.8589324964  
-0.4111402845  
0.3393022656  
-0.1717921159  
-1.048325722  
-2.685420124  
-3.96441239  
-2.000188382  
-0.821338116  
0.9989513828  
1.873904789  
3.42574381  
2.934166471  
1.83563808  
0.9454862338  
-0.6232752523  
-0.9130491141  
-1.313005724  
-2.364488898  
-1.841072532  
-0.4095071795  
0.3975382261  
-1.468540837  
-2.835688124  
-2.99577416  
-1.295461466  
-3.473051942  
-2.848061986  
-2.977293321  
-1.229619333  
-1.005356412  
0.6970715206  
2.148334483  
3.59434598  
3.815087913  
4.230632152  
3.30302044  
1.781195059  
0.5862786004  
-0.3910503563  
-1.560874712  
-2.171105106  
-1.327341835  
-1.619010879  
-1.390488512  
-2.245169116  
-1.478007863  
-0.09491450201  
-0.2679947861  
-0.4696477913  
-0.5392647438  
0.1269243236  
-1.499540829  
-0.2304155224  
0.2371194876  
0.4907642675  
1.677517782  
2.039861939  
2.503046183  
3.068669428  
3.159333526  
3.241034454  
1.519949071  
0.3037180928  
-1.052360525  
-1.131600966  
-1.761895599  
-2.39080616  
-3.369229762  
-1.586425595  
-1.908411178  
-1.61312653  
-1.375695702  
-1.133891867  
-2.121523518  
-0.07143609604  
1.524638761  
3.221302792  
3.916218926  
2.849187104  
3.957222034  
2.985352191  
2.135797934  
0.1629609732  
-1.514363008  
-2.823044729  
-3.394846813  
-2.470191845  
-0.8302230455  
-0.4905869851  
-0.3433585785  
-1.11830934  
-1.164094909  
-1.071552229  
-0.01353383132  
0.9495296283  
1.535146266  
0.6943424081  
-0.1208092448  
0.8373651711  
1.147792995  
-0.4765771419  
-0.3908986368  
-0.04144334555  
-0.3841997277  
-0.1972201613  
0.791454231  
1.091149199  
2.50608546  
0.8944850879  
-0.01353360531  
-1.876505367  
-2.769603121  
-2.2346356  
-1.882268334  
-2.311125487  
-0.3470956858  
0.1377129809  
0.07979557164  
0.7894503413  
0.2797271043  
1.008076138  
2.726966895  
3.227355319  
2.394240112  
2.391517706  
0.5907894917  
-0.4761121607  
-0.0701551371  
0.4216557051  
0.3468043288  
-1.312126482  
-2.247850138  
-2.61191626  
-2.891644309  
-1.692994049  
-0.2839989528  
-0.1127508312  
0.3266540557  
1.275308491  
1.530319081  
1.067359595  
0.5698249103  
1.107434693  
1.685619125  
1.382608255  
1.281111616  
0.6996509468  
-0.5566691566  
-1.11256405  
-1.494473657  
-2.013382677  
-2.41480201  
-2.134116388  
-0.9022025424  
-0.2879940372  
-0.1522334263  
-0.1645488048  
0.1881698335  
0.6896384512  
1.058798219  
1.763053287  
2.153888438  
2.366999961  
0.4793820556  
-1.234418754  
-1.867504636  
-2.072252542  
-2.697719432  
-2.287502227  
-1.469194562  
0.4788141095  
1.074574707  
1.423812613  
2.074222123  
1.490289274  
1.586823878  
0.4125926535  
-1.161445612  
-0.2741869113  
-0.4699112403  
-0.1970493174  
-0.5499518354  
1.619195234  
1.70856721  
2.235758855  
3.398521311  
2.741684695  
2.121720331  
0.6147437679  
-1.377580276  
-2.080600192  
-2.342996507  
-3.473593406  
-4.168949604  
-2.560074721  
-1.809678999  
-1.003346734  
-0.200078861  
0.05969099451  
2.226646722  
2.719595244  
1.686617418  
0.03828281425  
-0.1345210873  
-1.255995827  
-0.4551669676  
-0.9313570404  
-0.6672502588  
-0.07149629628  
0.5892202163  
1.285341223  
1.239078074  
2.97779631  
4.400057104  
3.675133725  
2.801669814  
1.299513465  
-0.9704161136  
-1.003495101  
-1.335817758  
-0.7049602168  
-1.808625332  
-2.961607565  
-2.272854662  
-1.332102495  
-1.076379677  
0.1140523863  
0.004702520707  
-0.327412805  
-0.3518237489  
-0.423685838  
-0.3003637732  
-0.7862852399  
0.9646146495  
3.009818528  
3.593531524  
2.701854064  
0.8688259834  
-1.365435572  
-1.838021037  
-1.088702235  
-0.5458266236  
0.6622506679  
0.3780724851  
-0.9222028625  
-2.08492236  
-2.095210437  
-0.9500586504  
0.3515206969  
1.720272146  
2.38808272  
2.803747719  
3.935076332  
2.711648914  
0.4613574407  
-1.031031271  
-1.400143923  
-1.292137503  
-1.269627384  
-1.363189829  
-2.104223738  
-2.15807679  
-1.723512454  
-1.070116754  
-1.323763045  
-0.1576215592  
0.1587767814  
0.8264937652  
1.107407325  
2.268447693  
1.014496803  
0.5491862338  
0.4270250599  
-1.235727346  
-1.408028292  
-1.106292714  
-0.2281777739  
0.8862235242  
1.662965836  
1.461947537  
2.201181439  
1.627836857  
0.4469697554  
0.1534435525  
0.08338199016  
-0.5797155913  
0.2530677017  
0.8859541568  
1.090011623  
1.224353384  
-0.9022955479  
-2.765642454  
-2.130964527  
-2.068259478  
-2.940066213  
-2.218386601  
-0.3416973032  
0.8953008628  
1.354903833  
1.98416188  
2.760523202  
2.240364485  
-0.5523362948  
-1.18346278  
-1.272242186  
-2.054974778  
-2.005455296  
-1.887852491  
-0.9066722404  
0.4871607381  
1.293181596  
1.402489591  
1.495563626  
2.050566602  
3.202710662  
2.870880478  
1.076684487  
-1.613313239  
-2.520445862  
-3.000527053  
-2.691163719  
-1.754069157  
-1.652120645  
-0.5503422208  
-0.1098844072  
0.4841178643  
1.300325976  
2.852462896  
2.663244065  
2.199062389  
1.449876113  
-0.5605909307  
-1.319211791  
-1.049488386  
-0.9937331845  
-1.180391537  
-0.07445686368  
0.6661537658  
-0.01953708833  
-0.221504102  
0.427877986  
0.1401503798  
0.9226063707  
2.192313363  
0.2194340882  
-1.732777164  
-1.941376665  
-1.422986944  
-1.755319569  
-2.512732321  
-2.679540192  
-4.105775359  
-3.004506686  
-2.33657388  
-2.008543432  
-1.551412747  
-1.093924243  
0.4899225653  
1.339535599  
1.9071224  
1.959428302  
0.1677499868  
-0.947929795  
-0.8293543478  
-0.218688117  
-0.9825644528  
-0.7887206624  
0.2881976004  
0.1148658113  
-0.09005050669  
0.7593543077  
1.025266661  
0.5769054696  
0.3337352806  
0.9439796807  
0.9246767971  
1.283277653  
2.054433527  
1.553048868  
1.094604577  
1.502734476  
1.091894387  
1.090972169  
1.203264312  
2.179249849  
2.508523733  
1.57681053  
1.159149157  
-0.3471798784  
-0.9636733939  
-1.327021357  
-1.85956101  
-2.367111828  
-1.281014024  
-2.138777226  
-0.8701644474  
0.2101510724  
1.574482977  
2.515570894  
0.854923932  
-0.5246472631  
-1.528315886  
-1.17781866  
0.09721729373  
0.7238823023  
0.6564854586  
1.222735889  
2.385133371  
2.417729888  
0.9844179854  
-1.139245696  
-2.048475057  
-2.325436774  
-1.773325028  
-2.019425328  
-1.032951803  
-1.157088493  
0.4504838607  
1.583194373  
1.355230798  
0.3503370322  
-0.3900349502  
-1.259806169  
-0.6859562207  
-0.4979728251  
-0.8141175795  
-1.497596301  
-1.474259386  
-1.238928452  
-1.704661771  
-2.098821754  
-1.181865753  
-0.7131138694  
-0.2133094309  
1.747340321  
3.036061094  
3.358560016  
4.101756961  
3.35914354  
2.522077316  
2.491697713  
0.8234592053  
0.3991920585  
-0.182812671  
-0.3658302732  
-0.6009762831  
-1.21885079  
-1.327131667  
-0.9410011565  
-0.3776775063  
0.8876789934  
2.032873844  
2.800623207  
2.414219371  
1.896778946  
1.457730044  
0.8623460164  
1.692862271  
2.044278454  
2.500929227  
2.708667623  
1.523511847  
0.3844049109  
-0.4339772905  
-1.905053454  
-2.057959453  
-3.071329405  
-3.465327193  
-1.549299769  
-2.164611062  
-1.841712478  
-0.6998197624  
0.2785447641  
1.324707184  
2.203272688  
2.363626082  
1.773475655  
0.5522483133  
-0.2071460944  
-1.54436697  
-1.134610024  
-0.687578612  
-0.5124402363  
1.308519981  
1.773435195  
2.469688902  
2.338395947  
0.2943778271  
-2.525096651  
-4.196233696  
-3.622913529  
-3.465214413  
-2.788687708  
-1.414824345  
0.08534694874  
0.4992804138  
0.4592858959  
0.6724335033  
1.108811822  
1.58339894  
3.23863777  
2.91189914  
0.7179116047  
-0.9596691549  
-3.451644238  
-3.425237962  
-3.363530804  
-3.084124362  
-2.009568581  
-1.168777901  
-0.7299049223  
-0.3271985896  
0.6721106845  
1.482651018  
0.8147704059  
1.315762232  
1.495913159  
2.414626706  
2.81665447  
2.120870921  
1.024235642  
0.01574008307  
-1.728915048  
-2.382918655  
-2.078372374  
-3.419844086  
-3.119469641  
-3.053940915  
-1.652591247  
-0.3143464589  
0.9576882678  
0.9662864413  
2.436229158  
2.915405197  
3.511796997  
3.042272856  
3.148553052  
2.898869782  
1.734756832  
-0.1255479148  
-1.760023882  
-1.386511187  
-1.234530849  
-0.8815673864  
-0.429637686  
-0.08298434606  
0.05994217445  
-0.5750898014  
-0.5280570645  
-0.6125569257  
-1.179524523  
-1.166614268  
-0.5896418885  
-0.7520855065  
-0.1570317601  
0.7148539637  
1.600124688  
1.302017051  
0.8627919272  
-0.1611808846  
-0.8347279463  
-1.589371675  
-1.393067413  
-0.4750090698  
-0.2842155562  
0.04266929297  
1.400196425  
1.633583287  
