0.5047875817  
-1.353805221  
-1.25438662  
2.728537874  
-0.9734440213  
-1.478868247  
0.02206072202  
3.124902222  
0.1733237869  
-1.432184509  
1.126012112  
-0.1245068224  
-1.512221698  
-1.748693974  
0.176652632  
3.875653102  
2.023328462  
-0.1568223983  
-1.055754677  
0.07938502453  
0.8851469011  
-1.779690741  
-1.267099021  
1.680696969  
1.426638356  
-1.652177196  
-4.005370945  
-2.874917563  
1.844480973  
0.8171173251  
-0.4804199823  
-1.715138049  
2.630856637  
0.5291963258  
-1.347279011  
-1.819616695  
1.708659195  
-1.5421474  
-3.200608735  
-1.52146033  
3.2604442  
1.023648211  
-1.198386682  
0.5239930232  
3.784209645  
2.612599087  
0.5027717894  
-0.5776506418  
2.300926795  
-0.933456977  
-1.792454028  
-0.8730977666  
3.794777589  
0.7322057401  
-1.778576428  
-1.231825551  
1.295524777  
1.358883234  
0.3553319994  
0.5974900765  
1.702302836  
-0.1887261027  
-3.1924059  
-1.829878461  
-2.100735898  
3.523493933  
0.9321528022  
-1.09098996  
-1.361556636  
0.03298676561  
0.9792441619  
-1.357525114  
-3.641645543  
-1.32183474  
1.830622221  
2.609854084  
-0.1711073595  
-1.979118582  
-1.967520425  
3.710651249  
1.521796154  
-0.1058977267  
-1.170699826  
-0.2072490864  
3.49819298  
0.5622924479  
-1.630285425  
-0.3060268659  
3.381701317  
0.7331864738  
-1.751335366  
-3.205689995  
-1.165785728  
-0.3070921418  
2.809163145  
-0.4440275023  
-2.869792185  
-1.172448234  
1.775154403  
2.849768319  
0.4074242248  
-0.9770314196  
-0.1501652969  
2.552871111  
2.469217003  
-1.28878319  
-2.14962374  
-1.363162889  
1.848034965  
0.6424533592  
-1.288145478  
-2.681154171  
-0.5239467697  
3.481246718  
0.140276149  
-1.987807147  
-1.822303961  
-0.5293375081  
2.790273139  
-0.5856208675  
-1.513884006  
-1.913627778  
1.593773764  
3.665111753  
-0.7172776282  
-3.084756609  
-0.03361663312  
2.379805292  
-0.7764083422  
-1.145292906  
-1.186548323  
1.007096064  
1.371093201  
-2.731785581  
-2.962642556  
-1.601791204  
1.462746956  
3.555214091  
1.108549503  
-1.042267426  
0.09332273214  
2.861974339  
-0.3148218571  
-0.03504572706  
0.9274223207  
2.88201175  
3.006957739  
-0.9092976208  
-2.605033577  
-1.708759263  
-2.566748118  
-0.8939477194  
3.346362497  
-1.44448347  
-3.536183191  
-3.174236153  
-1.575550751  
2.56762692  
0.6803510756  
-0.7154198036  
-0.6451228429  
1.33840379  
3.71803793  
0.04818822762  
-0.7331438392  
-1.742291672  
1.352393697  
3.234942874  
-0.5130482534  
-3.33886958  
-2.88192503  
1.117172663  
3.943676142  
1.412681797  
-0.2662801216  
-0.241035386  
2.088024944  
3.685273373  
0.4682163182  
-2.235906166  
-1.323672994  
0.2709609251  
1.980620487  
-0.8168793532  
-2.553219361  
-1.319099128  
2.664997065  
-0.3272924656  
-2.062986459  
-1.561639026  
2.872838785  
1.232139452  
-0.6913717366  
-1.68141346  
0.5892057869  
3.492543967  
-1.256334331  
-2.470042179  
-3.39900795  
0.6339077356  
5.105365317  
1.421653116  
-2.492636138  
0.234658055  
5.181230751  
0.1406293008  
-2.765181033  
-2.41750215  
0.1229521172  
2.392380574  
-0.9650309687  
-3.68476964  
-4.053511675  
-0.4656859209  
2.40871467  
-0.3103401432  
-1.964482062  
-1.886057524  
2.163975174  
1.318415346  
-0.280657695  
0.0709780409  
1.080028429  
4.752672625  
0.9086955359  
-2.269923417  
-2.976127838  
0.2576615109  
2.424511466  
-0.3728073785  
-1.501571606  
-0.9695814436  
0.3900030932  
1.908953824  
0.215154406  
-1.506148511  
-1.897043569  
1.864114725  
5.358248278  
0.495797789  
-2.082253043  
-2.981096856  
-0.02563008722  
4.202324942  
-0.6254672886  
-1.093154007  
-2.490148978  
-3.153374588  
0.1982141198  
2.905840055  
-0.2262584533  
-2.604755273  
-0.9264638918  
2.281854112  
-0.8174305845  
-1.944588005  
-2.451549913  
-0.5551238107  
2.104260227  
4.234944143  
1.293028897  
-0.6941578361  
0.1134990878  
1.467159823  
1.88420264  
-0.3116014571  
-3.241338351  
-1.688708685  
1.375648329  
-1.537265494  
-3.064860476  
-2.534346053  
0.6834234774  
4.700101197  
1.247609509  
-1.87016492  
-3.725995794  
-1.064937825  
4.0189109  
1.785345042  
-0.4823173526  
-1.276100794  
1.220631001  
4.251304058  
1.30903564  
-1.53819808  
-1.99457257  
-1.834093113  
1.983900378  
1.205648888  
-1.247618503  
-2.146605796  
-2.435315048  
0.9133391018  
1.727810389  
1.045585945  
4.31759346  
0.7265288436  
-2.612021532  
-3.956327461  
-0.05809096891  
2.775853152  
1.152771486  
-1.028670551  
-2.065561504  
-0.8370932219  
2.249391909  
-0.5352275319  
-0.8591007518  
0.4087268346  
2.990358931  
1.646278492  
-0.973506985  
-2.588894824  
-1.261384683  
2.642534025  
-0.1683241719  
-1.82648642  
-1.82756777  
0.1950906387  
1.941289184  
-0.7019699551  
0.334421738  
-0.6759124662  
-1.475132071  
-1.093571116  
1.056980927  
1.813225891  
-0.8630438632  
-2.460544562  
-2.252472721  
-2.338583137  
-0.8397314483  
3.13907913  
0.1173942017  
-0.5784640474  
-1.048040117  
-0.1176569333  
3.704072032  
2.333339353  
-0.3300358479  
-0.6645674904  
-0.757296755  
0.7232485511  
4.617907101  
1.962930457  
-1.406670119  
-3.907902791  
-2.126210865  
2.019095544  
-0.6587475301  
-0.9241126964  
-1.277332746  
-2.931176169  
-0.1863796894  
2.638150143  
4.4540587  
2.063049319  
1.934478298  
1.197086683  
0.4133057049  
2.18109657  
-0.9256898254  
-2.262028605  
-3.294825193  
0.9417186029  
5.153706016  
2.182034617  
-1.624314155  
-3.281769644  
-1.982408896  
1.184409039  
-0.2974316916  
-2.657875375  
-3.069388146  
-2.826989146  
0.2283318066  
-2.139014098  
-3.890542903  
-3.642092535  
-0.7311758424  
3.17219516  
-0.4641991307  
-3.391678987  
-2.937191887  
0.8852265159  
3.938902645  
0.5224839975  
0.8133298777  
0.08997531104  
-0.2873306377  
2.575352288  
1.454514871  
-0.9834738578  
-2.245403368  
-1.23693099  
0.4113350735  
1.621515106  
-0.05680453468  
-1.400249352  
-2.860742781  
0.4847548654  
4.096759032  
4.845767587  
0.2425210924  
-1.661603254  
-2.213046392  
0.3865963572  
3.790489302  
2.676687096  
0.5787152103  
-2.177189361  
-3.792938307  
-1.60231978  
2.528554696  
3.95356693  
0.3789624703  
-0.8079917009  
-1.883242576  
1.192638763  
2.343549308  
3.756659823  
-0.2398340683  
-1.037861272  
-2.178959202  
-2.502123183  
-1.829067293  
1.456734757  
1.230191146  
-0.5058943297  
-1.527749906  
-0.5939512277  
2.057791537  
3.603143196  
-0.8158755282  
-1.827078579  
-1.314135581  
1.992023361  
0.9712769645  
-0.3077459664  
0.1415297603  
2.615815779  
2.505795977  
-0.8389451141  
-2.189048333  
-1.710174503  
2.365099816  
0.08807109133  
-3.026931682  
-2.963510155  
0.1608292311  
3.670835267  
-0.6327469065  
-1.726314568  
0.8438987033  
4.374244387  
0.6083026198  
-1.717657473  
-1.720306984  
2.006907509  
0.9384080106  
-1.586397678  
-2.95633643  
-0.9717593446  
2.875769774  
1.375094  
-0.01383356814  
-1.351961572  
-2.310559573  
-0.326474037  
3.929768761  
2.239912624  
-0.7543234447  
-0.8203456207  
0.1521337875  
2.873436644  
1.047990356  
-0.7353427803  
-0.3146582791  
-1.013473368  
2.191161355  
4.147795529  
0.2040467673  
-1.835517897  
-3.246841841  
-2.368381709  
0.9682803759  
3.209006384  
0.2960718281  
-1.556473198  
-1.478607977  
-1.329125814  
2.077308352  
3.117752616  
1.294838721  
-0.01605522072  
-2.064778203  
-3.374525414  
-0.7975886816  
2.636240132  
3.39007745  
1.174636799  
-1.009280273  
-2.804452027  
-1.884006772  
1.802166074  
0.4930071166  
-0.2711282943  
-0.3874662833  
-1.762269778  
-1.885474745  
0.5452055156  
2.865079709  
-0.5197320704  
-1.334338439  
-1.294920372  
-1.405492126  
-0.2116173979  
2.754989278  
0.4987888716  
-0.04627503351  
-2.156494935  
-0.251630557  
1.788509163  
4.225153337  
1.724513231  
-1.545564121  
-0.932751027  
-1.631463272  
-2.12696721  
0.7431168649  
3.017915487  
1.085258545  
-1.27896636  
-2.765847919  
-1.68257069  
1.991737286  
0.3220970492  
-1.580246346  
-2.05553989  
-4.338824755  
-2.161414585  
1.457214626  
1.891664815  
-0.7267114649  
-0.827265537  
-1.344582272  
0.7310308671  
4.182493319  
0.7968429625  
1.320960843  
0.1766260247  
-1.490836046  
-1.921019209  
1.260993309  
4.553396868  
0.9669685661  
-2.054486442  
-3.151750694  
-0.857045573  
2.620645705  
-2.804410287  
-3.46209726  
-3.274116662  
-2.979101615  
2.703665401  
4.335079545  
1.728678138  
-1.339956242  
-1.854718686  
-1.454298134  
4.075170535  
2.566650545  
0.2788324549  
-0.9038489086  
-2.216521785  
-1.749902195  
1.410521052  
3.9931134  
3.427819549  
0.6586705048  
-2.144132186  
-3.029888594  
-2.437301982  
0.666662006  
3.149047219  
-0.8279872174  
-0.6874825112  
0.5415728012  
-1.275089905  
