-0.1319844399  
1.0094092  
-0.7407470942  
-1.727134068  
-0.9655105411  
-0.06809832037  
-0.1477205023  
-0.6642637706  
-0.3304582255  
0.06082037414  
0.08049989025  
0.3378083035  
0.8283944436  
2.170735561  
2.847557482  
2.445331363  
1.231456599  
-0.09104266936  
-2.09350267  
-2.71809773  
-3.679722972  
-2.063828639  
-0.696034877  
0.7769891344  
1.423789865  
1.389995182  
1.495050807  
0.927156633  
1.26137056  
2.314486906  
2.853372506  
0.3130717921  
0.148921958  
-1.67251792  
-0.891672196  
-2.473119838  
-1.659971901  
-1.217613442  
-0.1665163842  
-0.4748856285  
0.3701253252  
0.7372337845  
0.3921095272  
-1.861556266  
-3.446256608  
-2.887947448  
-1.094707386  
-1.818358013  
-1.027425107  
-0.674022442  
-0.7493383264  
-0.9210186915  
-0.2918620425  
0.7296637365  
1.489798438  
0.6244813744  
1.838140772  
1.475850509  
2.695727599  
2.491003486  
1.484493636  
0.7075920383  
0.3365714338  
0.1848343771  
-1.080859244  
-0.4168120622  
-1.91938981  
-1.40195141  
-1.387928782  
-1.578819099  
-1.911333815  
-2.220820002  
-1.369770836  
-2.209281295  
-1.098642265  
-0.4918410233  
1.151881459  
2.272851886  
2.09784289  
2.453996034  
2.599410488  
2.447524365  
2.572162418  
2.106117079  
1.3032056  
2.117146587  
2.935934693  
1.349844824  
0.7409513222  
-0.3416231413  
-0.2009016036  
-1.378208538  
-2.644246305  
-3.009857495  
-4.344290327  
-4.376397395  
-2.803306922  
-3.641838296  
-1.612277873  
0.1838071571  
1.294949822  
2.296981903  
1.483660511  
2.223662079  
0.8924524297  
0.1105278053  
-1.058054453  
-1.708668061  
0.4074965097  
0.2804965486  
0.5763451072  
-0.4726022487  
-0.3801996441  
0.8061380189  
1.372939599  
1.894792173  
2.394879348  
1.547476046  
0.5438666555  
-0.1353885938  
-0.968300476  
-2.341801556  
-1.673934102  
-0.7931265733  
-0.7201359043  
-0.9482432365  
-0.4829296686  
-0.09760194558  
1.062830094  
1.522925848  
0.75472273  
1.124053972  
1.06052593  
0.4268468184  
-0.03560440169  
-0.3366280869  
0.608268174  
0.331898997  
0.5279543454  
0.5060868434  
0.3447912893  
-0.1103713974  
-0.2993430088  
-0.2055188837  
-0.9445661964  
-0.7192630905  
-2.037227693  
-2.154524351  
-2.006869576  
-1.141469852  
-0.05966278501  
0.6922272974  
-0.473870635  
-1.435687903  
-1.381755678  
-1.237237649  
-0.6263552091  
-0.1260686361  
0.7490771984  
2.076342212  
2.310354806  
2.203349156  
0.0720422553  
0.7624838218  
1.544629423  
1.836251083  
0.9980184401  
-1.035196412  
-1.288664403  
-1.574357549  
-1.576160764  
1.050932078  
1.337063726  
1.610268403  
1.374710178  
0.3272395769  
0.03011275943  
0.3394739558  
-0.66788215  
-1.329554223  
-0.9629403797  
-1.588666139  
-1.511702117  
-1.311568314  
0.02536487971  
0.3176949977  
1.622602634  
0.9343498752  
1.915508667  
-0.6070197474  
-0.7469630178  
-0.6829633655  
-1.128760531  
-1.759774856  
-1.593524268  
-0.4201016856  
-0.2610221151  
-0.4898770406  
-1.056289456  
-1.228255786  
-0.9629932399  
0.02218795963  
0.6708459164  
1.908537512  
3.605912034  
2.939692903  
2.371798893  
1.693595751  
0.2236374628  
-0.2757646829  
0.00449848882  
0.3813643759  
-0.383636492  
-0.5012540985  
-1.70268881  
-2.127576914  
-1.732323628  
-2.217967045  
-0.5418735302  
-0.5009696031  
0.5923477509  
1.391877438  
0.5929356775  
0.9410824405  
1.844491874  
2.591347259  
2.250658546  
0.5925771024  
-1.425569924  
-1.549413726  
-0.4114973004  
-0.7452623507  
-1.159182006  
-1.993674934  
-0.7574787646  
0.1792548317  
1.380887492  
1.935718393  
1.462118638  
2.084168235  
2.288172702  
-0.1319635674  
-0.9428669597  
-0.2522973378  
-0.6905243097  
-0.08536384859  
0.6294356894  
-0.8845779186  
-0.4877766276  
-0.6775457353  
-1.459143815  
-1.572491537  
-2.07988324  
-2.341251156  
-2.335139751  
0.6061147461  
0.7761845356  
-0.2609170365  
1.057532557  
0.8096369561  
1.506416331  
3.090196528  
2.6966788  
2.120045087  
2.147383795  
2.22489204  
0.9598091887  
-0.955460036  
-2.088170067  
-2.834029607  
-1.709883565  
-1.316761344  
-0.2674217685  
1.033873258  
3.154719473  
3.30049491  
2.370776101  
2.229110313  
2.370103483  
2.285567825  
1.484539103  
-1.264958417  
-2.214378207  
-2.170951509  
-2.371749681  
-2.571496345  
-2.894920416  
-3.488523246  
-1.246793003  
-1.026961856  
0.2241916992  
2.047244883  
1.493656503  
0.7590296702  
0.7733868951  
1.979174742  
1.298169726  
0.2727964317  
0.2534429928  
-1.114422147  
-1.152265481  
-1.941596425  
-1.562884441  
-0.3917991445  
-1.28855758  
-1.546611397  
-2.081664055  
-1.737515389  
-0.2070915944  
-0.9486226121  
0.146698176  
1.610221192  
2.114011664  
2.669054247  
2.345053481  
3.264166762  
3.153518857  
3.152005656  
2.224002361  
0.2595733291  
-2.658516454  
-2.215362648  
-1.564717464  
-0.7249190959  
-1.766991794  
-2.018810926  
-1.777723155  
-1.204087202  
-0.4390069102  
0.02382078722  
0.4733417127  
0.4003090141  
0.79084404  
1.257237499  
1.581111923  
2.415076761  
2.540450833  
0.315291939  
-0.1908800534  
-0.5933296369  
0.5107854484  
0.8956403661  
0.5590634511  
-0.2550469311  
-1.098603868  
-1.459391851  
-0.8304832448  
-0.8356113892  
-1.115644941  
-1.087631931  
-0.7396384058  
-0.3594752298  
0.7965325173  
0.01153295789  
0.3019377557  
-0.2636491277  
-1.376179031  
-1.24214724  
0.2625752779  
1.573574768  
0.7134646565  
0.5613191627  
0.4332811634  
0.7645974795  
1.764405557  
1.632154461  
-0.008984305225  
-0.3500093624  
-0.3375043238  
-0.7785157036  
-1.866384335  
-2.061045038  
-2.364869394  
-1.798676505  
-1.249838471  
-1.637090151  
-0.5481910922  
-0.5251259945  
1.018225428  
2.201349762  
2.320179004  
1.516011763  
0.24185176  
-0.08114784053  
-1.059279288  
-0.7882645244  
-1.069534761  
-1.895076289  
-0.987941864  
-1.106662449  
-2.472544631  
-1.79706263  
-1.337630825  
-0.5787581676  
-0.1136332362  
0.2494257398  
1.612110466  
1.816000251  
2.347383891  
2.304101732  
0.8453116137  
-0.07544980288  
0.2750478977  
0.0482334826  
-0.8911489424  
0.1750055267  
0.5529999462  
1.338072049  
2.113437581  
1.891491399  
2.361417795  
1.410917845  
0.2614503751  
0.3732968261  
0.47691395  
-0.4660769773  
-1.41630793  
-1.494931743  
-2.648839191  
-2.837912548  
-1.074415746  
-1.419773484  
0.06788474782  
2.054118318  
1.738232379  
1.26295097  
0.8667530164  
0.2642814815  
0.03300101029  
0.02893624853  
-0.01585458642  
-0.91281816  
-1.937240509  
-2.771420664  
-1.534746646  
-0.4054925564  
-0.01094943369  
0.9452479537  
1.019028369  
2.470223255  
2.851242968  
3.552007566  
1.604424228  
0.1213810407  
-1.794441385  
-3.275240769  
-3.727412865  
-3.497957227  
-2.475267868  
-1.553701347  
-1.102750216  
-0.8537252956  
0.3176252754  
1.702548714  
1.840644619  
1.227457701  
1.401290399  
1.440670544  
2.582640004  
3.030906437  
1.287414172  
0.8617584515  
0.8574609626  
-0.2357900188  
0.5062704677  
-0.5555233055  
-0.1264883648  
-0.4261783716  
-0.8300413263  
-0.9910515401  
-0.2599314291  
0.1562923026  
0.5234088254  
0.2691565152  
-0.8995423577  
0.6004849568  
1.474379442  
1.644725964  
3.099894389  
3.322473461  
2.804042682  
1.631932284  
1.586279466  
2.023457392  
1.524335959  
-0.543685877  
-0.3030394941  
-0.4994059642  
-1.851447083  
-2.340250938  
-1.732623156  
-3.301039272  
-1.572112568  
-1.686599892  
-1.813745236  
-1.527144638  
-1.018920073  
-1.634683701  
-2.064375513  
-1.033069483  
0.1375530468  
1.031055053  
2.457527032  
2.278604907  
1.461665395  
2.232120726  
2.20888848  
1.347086327  
1.351398779  
-0.6532923489  
-2.281120793  
-2.71684055  
-1.949811356  
-1.085905705  
-0.4562422081  
0.5670111059  
-0.02211003846  
-0.4449349592  
-1.777079235  
-0.6972010821  
1.518863988  
1.233807255  
0.06967158424  
0.01889262624  
-0.6067377313  
-0.5210539051  
0.3045289688  
1.564678322  
1.161312328  
1.065745698  
1.480488029  
1.366128925  
-0.3066344548  
-1.422792408  
-1.348511583  
-2.104815621  
-2.005818925  
-1.322690974  
-0.9109191797  
0.2123898514  
0.4978427629  
1.341589873  
1.757024654  
0.5866025992  
0.5645956774  
1.994115945  
-0.01956141342  
-2.175242941  
-2.684099018  
-2.165788758  
-0.8760312259  
-0.403305375  
-0.8378988893  
-1.886654139  
-0.9105105966  
-0.7221421888  
0.4439163992  
2.520421597  
2.358046409  
3.204285487  
2.507744328  
0.1855664376  
-0.09907812905  
-0.8428613634  
-2.333630045  
-1.893840868  
-1.313532772  
-0.5392880027  
-0.5675578073  
0.4116642594  
0.8773892653  
1.005169999  
0.2279072468  
0.3547449531  
0.9225158191  
-0.8559587696  
-2.217107313  
0.04183441002  
0.7956990289  
-0.5706261776  
0.1007579117  
0.9657058728  
0.04888930359  
-1.339581085  
-0.2634556127  
0.009283241642  
-0.7075024723  
-0.0766296935  
1.510232143  
1.01090896  
