-1.023691542  
-0.134188131  
-1.21366104  
-2.077739707  
-0.5927681767  
2.649299006  
0.1697488326  
-1.619636017  
1.032187941  
1.937445917  
0.3117428205  
1.052914915  
0.5658333334  
1.713411041  
0.04180616129  
-1.167368134  
-1.156645782  
0.09193658173  
0.9190722996  
-1.07119868  
-1.065964605  
0.08692945654  
1.375262  
0.8316908819  
1.71552535  
3.57187006  
2.761548036  
0.5268862426  
-1.235806591  
-0.977501903  
-0.2559131931  
-0.8044492234  
-2.799218155  
-3.029434169  
-1.599629895  
-2.376206592  
-3.204340627  
-2.470197633  
-0.6469278352  
-0.9109850519  
-1.854530192  
-0.7678504945  
1.902722323  
1.942760324  
-0.1274811146  
1.946462039  
4.044504919  
2.432013638  
1.039839298  
0.1067942265  
-0.6655355318  
-2.737410161  
-2.123762693  
0.5317660087  
2.297469404  
2.083328455  
-0.1563388111  
-0.7608156048  
0.07027783893  
-0.1688653447  
-2.057043717  
-2.22140269  
-3.104147449  
-2.762617703  
-1.943421367  
-0.9974246077  
-0.1977049747  
1.830970759  
0.5279475751  
-0.4005963658  
-1.728232372  
0.7099578075  
3.112308897  
2.229020984  
0.6892339082  
-0.8108917302  
0.6169233494  
2.949268604  
0.2926913102  
-2.615445983  
-1.905633693  
0.9850648854  
1.968891403  
-0.1358004985  
-1.878262106  
-2.833581563  
-0.9212121747  
-1.369632495  
-3.494602243  
-3.362750317  
-0.1404715694  
1.644683487  
2.670182062  
2.180507423  
1.971821143  
2.706034502  
3.843586889  
2.437467778  
0.4189768974  
1.184731697  
0.8334231158  
0.9601187688  
1.453514231  
0.3600343443  
-0.0008815669504  
0.3148149253  
0.6609898442  
-1.908713798  
-3.265727606  
-2.238865069  
-0.9121235967  
0.2594341664  
-1.465039521  
-2.55765684  
-1.425400035  
1.831608132  
2.110040707  
0.4118849973  
0.2508725695  
1.501400003  
3.878470887  
3.797031048  
0.5901166781  
-0.5924678487  
-0.6917070856  
-0.1424865326  
-1.611312069  
-1.925329984  
-1.217209807  
0.5516164812  
0.07780687196  
-2.808036223  
-1.993865302  
0.5136475466  
0.5484192661  
-0.3080908332  
-2.423976525  
-2.033652559  
-0.2084016384  
1.122658738  
0.4839956992  
-2.489101951  
-1.403882617  
1.250615667  
-0.01475783117  
-2.202965651  
-1.127953983  
-0.5128855532  
0.4069906042  
2.165959752  
3.350418258  
1.210086143  
-0.6148994703  
0.1135146632  
1.495201096  
1.551153159  
0.1930977545  
-0.8595015219  
-1.215514137  
1.192190123  
1.520067235  
-1.804483706  
-2.157626519  
-0.9827481049  
2.410513979  
2.299486746  
0.4892606765  
-0.2915137963  
0.9195060495  
2.747250173  
1.433627178  
-1.778506659  
-2.679041721  
-0.9722495986  
0.9919553235  
1.366642857  
0.7495378631  
-0.9112347481  
-0.3396018056  
0.4862420417  
1.223225434  
-0.1518001394  
-0.9908677788  
-0.7213909255  
-0.2601041896  
-0.2574424877  
-1.685102997  
-1.723273464  
0.2757405698  
-0.3883504081  
-2.76411957  
-2.731070752  
-0.04295901146  
0.1876456673  
-0.1864218754  
0.3019237344  
1.485197479  
3.433733752  
3.42645923  
1.367434339  
0.4963137031  
0.956055606  
1.716546789  
0.7332788136  
-1.311722468  
-1.271098576  
-0.8795353035  
-1.306665292  
-2.429631947  
-3.169704437  
-2.859825958  
-0.3968718141  
-0.2366861263  
-0.8388746906  
-0.550943516  
0.9249379422  
2.405290274  
1.69738095  
0.3785252377  
0.8454889844  
2.668251014  
2.851647268  
0.6835531078  
-3.16053167  
-2.515628474  
-0.6476017968  
0.7100751641  
0.6230488727  
0.8124581903  
1.815876318  
3.550302101  
3.170168449  
-0.374144761  
-1.658599316  
0.5326068209  
2.535061611  
1.377857815  
-1.583252346  
-1.957973294  
-1.013870028  
-0.9075024712  
-1.228479931  
-0.4819638242  
-0.7334094111  
-1.411842623  
1.383346095  
3.230408329  
2.993651073  
2.373097927  
1.619437023  
0.8782892845  
0.9769588954  
-1.952418478  
-3.818090215  
-3.829987832  
-1.73338039  
-0.2163087357  
-0.958023761  
-1.018469167  
-0.6051673302  
0.5286288893  
1.595491545  
1.091708446  
0.2666712183  
0.2866708455  
0.5453417376  
1.361652553  
0.6725031465  
0.3667846588  
1.326348493  
2.479772816  
1.072050878  
-1.998614731  
-1.78915633  
-1.088862943  
-0.9457846708  
-2.1548525  
-3.320865107  
-2.364153504  
-0.8824300265  
0.8557949693  
0.3293354131  
-0.5222618405  
0.349156011  
0.5968209356  
1.600704429  
2.519252736  
1.829432697  
0.6558492703  
1.171459361  
1.065345037  
1.537356294  
0.07823045743  
-1.756721007  
-2.851009476  
-0.4662399425  
-0.8527782896  
0.2273614445  
2.973552755  
3.017005388  
1.337520245  
0.2573287978  
0.09611133971  
1.437387002  
2.418854707  
0.386527039  
-0.5301664103  
-0.8916284418  
-0.5083511976  
-0.9648546652  
-2.795091777  
-3.77327975  
-3.339659001  
-2.093679712  
-2.229556931  
-1.884529526  
-1.204532052  
0.5892177026  
0.2554135571  
-1.689819143  
-1.387133348  
0.1082423755  
1.132992934  
2.88705682  
2.855188862  
2.511005208  
1.494624302  
1.891068776  
2.405613785  
1.871625706  
1.958147452  
1.154794074  
-0.6911369816  
-1.750687381  
-1.300255114  
-0.2365801108  
1.158971628  
-0.002623410053  
-1.908534124  
-2.51809455  
-1.452796532  
-0.06860897674  
0.02079822422  
-0.4869156639  
-1.54916113  
-1.674576707  
0.1998086193  
0.1357656248  
-0.9523960044  
-0.9543433601  
-0.8452441972  
1.278678891  
2.978513548  
3.173972938  
2.764767551  
2.637930689  
2.199819747  
1.490171015  
0.8534288971  
1.167309439  
-0.7312321469  
-2.280619847  
-3.266467084  
-1.400368609  
-1.679930731  
-2.234786519  
-2.685335293  
-0.857719318  
1.025877724  
0.645692219  
0.1700939672  
-1.613533846  
-1.660555944  
-1.497080097  
-1.431170342  
-2.249436908  
-3.288124673  
-2.907548098  
-0.6866367945  
0.2472521678  
-0.8321067034  
-2.686398272  
-1.435859019  
-0.5754218099  
-0.7407419493  
-1.981133596  
-0.1754358283  
1.628356656  
4.003199643  
5.074434883  
4.247100976  
2.096673246  
1.238384551  
2.320536341  
0.5360998597  
0.05963044539  
-0.9470094613  
-0.8633390332  
-0.4544433488  
0.5826444384  
1.470598281  
0.2911692882  
-0.6455969031  
0.4161385501  
1.091220422  
1.548655068  
1.678699582  
-0.3527524807  
-2.450966653  
-2.338153439  
-1.148992579  
-0.1549006764  
-1.099915529  
-0.6574181117  
-0.1925889527  
1.710574713  
2.083654608  
1.367922778  
0.48255095  
0.2809080403  
-1.999488418  
-3.643804494  
-2.750229699  
-0.5124136802  
0.4413469539  
1.19286399  
0.6598467408  
-0.4278598587  
-0.4907879893  
2.355372792  
3.314653988  
3.148226611  
1.84449713  
1.862097152  
2.14060947  
2.477241976  
0.5877137125  
-2.266855044  
-3.657248236  
-2.564331243  
-2.517964056  
-2.861487323  
-2.574442989  
-0.7135915391  
1.154837866  
2.008843145  
0.858430246  
0.9621737121  
2.028153607  
2.083835893  
-0.1428889049  
-0.945712322  
-0.1066525255  
1.44776232  
-1.30886083  
-3.17378854  
-2.707330804  
-1.085874891  
0.1137379509  
-1.247951016  
-2.183569219  
0.7069703434  
2.983634367  
2.576633918  
1.111030232  
-0.05726127882  
1.196378897  
1.02742511  
-0.1705494491  
-0.07204872226  
-0.8411555715  
-0.2563997937  
1.756157705  
3.756139001  
3.889974299  
1.461428496  
-0.6318929382  
-0.5160067468  
2.11740251  
1.90559004  
0.1453917908  
-0.2834170685  
0.07092659735  
1.011585682  
1.087332929  
-0.04065029025  
-1.806476525  
-1.295062959  
-0.595961472  
1.695158617  
4.400457676  
3.907375592  
2.73162692  
1.016514161  
-0.01119626134  
-0.3367906763  
-0.7372529735  
-1.803495041  
-1.758870856  
-3.818601647  
-3.951160237  
-2.815162374  
-1.207426268  
-0.3142345575  
-1.093526525  
-1.026890499  
-1.107071761  
-0.463533263  
1.142130429  
0.6399761381  
-0.1251982726  
-0.5072644778  
-0.2684074946  
0.1878262183  
1.466921695  
2.750616154  
1.287350465  
-0.937131993  
-2.209491865  
-1.317015417  
0.8462369327  
2.106337633  
2.895928184  
0.5945030107  
0.4717994671  
-0.3612852507  
-0.8199780329  
0.1026829658  
0.01855189777  
-1.349590412  
-2.549791814  
-2.363642023  
-3.065018134  
-1.373683966  
0.04054599175  
0.03726431516  
-1.43490846  
-0.7004168574  
0.4156915456  
1.990307316  
1.418242649  
-0.1558037446  
-1.77686474  
-2.144959084  
-1.243416448  
0.6743571514  
0.9829080993  
-0.2151677238  
0.1762851183  
-0.2382886644  
0.1399823046  
1.920045581  
2.888665912  
2.022610927  
1.048683295  
0.4410862591  
1.681721188  
1.753161985  
0.07421107803  
-2.517123875  
-2.770967096  
-2.805507612  
-1.123520624  
0.3251489614  
-1.796442197  
-3.176373386  
-2.491812057  
-0.7675614345  
0.8087059878  
0.7954523202  
-1.108103783  
-2.776576022  
-3.034886017  
-0.6874135214  
2.269016955  
3.719501192  
3.473148342  
2.416107631  
2.276047125  
1.189570717  
1.622407247  
2.802366759  
2.689907592  
1.198181765  
-0.7150808887  
-2.504452808  
-3.994197557  
-2.375367112  
0.486777758  
-1.246083619  
