0.6617001236  
0.2849296597  
-0.791764431  
-1.048205252  
0.6256549278  
0.6709484875  
-0.5640576443  
-0.6431621552  
0.2952340432  
-0.164546729  
1.593085561  
1.102953766  
0.08427121683  
-0.3516118532  
-0.6033468768  
-0.4997133025  
1.145519955  
-0.3532098059  
-0.7780242238  
-1.192248315  
-1.288485414  
-0.5280587609  
-0.4773016158  
-0.8825839788  
-0.07166916775  
1.080278372  
1.037215121  
-1.198491407  
-0.1562754368  
0.4920604122  
1.526271422  
0.8337943416  
0.9257737931  
-0.03323766126  
-0.5850529112  
-0.6111793159  
0.2738701485  
1.228477493  
1.078675877  
1.015005181  
-0.3409637717  
1.21272838  
1.166102047  
-0.3543059413  
-1.883373776  
-1.101476294  
0.1640181692  
0.05324281217  
-0.01808027883  
-0.691585311  
0.2519379373  
-0.7497478714  
-1.349859428  
0.7234787223  
-0.1847635566  
-1.250459513  
-1.238484871  
-1.512409442  
-1.628475991  
-0.8478601733  
-0.5679856505  
-1.35779914  
-0.005312338096  
0.8536818852  
-0.9427187291  
0.954572865  
1.319993727  
1.837214296  
1.316443777  
-0.1781204363  
-0.3579838792  
1.614810043  
1.206547367  
-0.9922021272  
0.9047167083  
-0.1468606875  
-0.9997267617  
0.7495961678  
-0.6311157511  
-0.6403061517  
-0.06304848039  
-0.3335173466  
0.1061746354  
-0.4529762698  
-1.678209371  
-0.1486433834  
1.216849127  
0.138979683  
0.2313525928  
0.1920959271  
-0.4520462387  
0.8424733694  
0.3189564965  
1.067632789  
0.4589455718  
-0.1312674221  
-0.6488081669  
-1.284931386  
1.318450821  
-0.04688115949  
-0.3293215433  
0.2323465968  
-0.2353486456  
0.1496674174  
-0.6663261083  
-0.4854408088  
-0.2432985  
-1.229972197  
-0.2390986229  
0.6957029416  
2.144477004  
1.904735861  
0.2435162837  
0.3551936082  
0.4081704674  
-0.004943372408  
0.1392364139  
-0.702021232  
-0.9370792276  
-0.9396933886  
-0.4478316818  
1.638655234  
0.5790798188  
-0.007082885973  
-1.206286599  
-1.748197271  
-1.087022201  
-0.7274425077  
0.8240094628  
0.9466259763  
0.1390569322  
0.04614132282  
-0.9152135968  
-0.545744514  
0.6760358679  
0.1774461231  
0.979263263  
0.2631256154  
-0.8624243743  
-0.2815306964  
0.4859015403  
-1.405586458  
-0.8632513994  
1.023513923  
-0.8021666763  
-1.303013791  
-1.109764102  
1.464929374  
0.1682907626  
1.775932492  
1.63047222  
0.2299010074  
0.4915586095  
0.8728304316  
-0.2857529301  
0.1692601402  
-0.2704812413  
0.6425586241  
0.2394708714  
-0.6658134354  
0.8501975258  
-1.373240646  
-2.502885058  
-0.04287824537  
0.4199295687  
0.5163508753  
-1.507204058  
-1.725612536  
-0.3508905579  
0.3997914138  
0.5196733622  
0.9178240638  
-0.1454631775  
0.5865838324  
0.3498774368  
1.320277014  
-0.2348374377  
0.6990113714  
1.199742358  
1.676666598  
0.5619790536  
-1.112892578  
0.6510788134  
0.01098618253  
-0.9780387271  
-2.493586199  
-2.802578678  
-0.4081786607  
0.5426129051  
0.8552989857  
-0.1591659834  
1.576978631  
0.7212938128  
0.1478208252  
-0.6918728578  
0.4582851144  
-0.2098270933  
1.542812439  
0.4647358567  
0.6732192352  
-0.1481367626  
0.6526248088  
-0.1099384914  
-1.381707049  
-0.8919637009  
-1.710729983  
-2.654808929  
-1.30164055  
-0.616371068  
-0.2680200846  
0.6647157539  
0.8275085999  
0.9776179318  
0.8626908232  
-0.5938196058  
1.547034165  
3.087767535  
1.056133642  
0.7123873559  
0.2064675227  
0.6181915044  
-0.1857003605  
-0.2291663654  
-1.170428999  
-0.496753056  
-0.7759155332  
-0.979385697  
0.02087171129  
-0.2007764367  
0.70567483  
1.298035007  
2.281412122  
-1.181507349  
-2.712114534  
-0.09925839199  
0.362536956  
1.410099174  
0.294153135  
-0.02526180152  
-0.2679339337  
-1.359007972  
-0.9591016884  
-1.291786711  
0.4408514229  
-0.3776295822  
0.0377725704  
-0.2045662823  
-1.580056893  
-0.1983702082  
-0.7853292658  
0.6329751652  
2.779003548  
-0.1702826499  
0.3916712045  
0.891185995  
1.560358133  
1.360304006  
0.5010264784  
-0.1812502784  
-0.9629718125  
0.5451492145  
2.265586784  
3.346612763  
0.1024940299  
0.4216718912  
1.504946642  
1.29274259  
-1.008950569  
-0.3471828164  
-1.080897917  
-0.8387763886  
-0.2861562746  
-1.623210382  
-1.581940936  
-0.8892442281  
-1.963159137  
-1.689640157  
-1.881947993  
-1.351626656  
0.3549981386  
0.2011576697  
-0.3860710892  
-1.755316335  
-1.164765968  
0.8407716102  
-0.4805470817  
0.7108152421  
0.5440187636  
0.8403296641  
0.3264085362  
1.924533353  
1.976952752  
0.8426978564  
0.3390078602  
-0.4168539539  
0.784726838  
-0.5634903972  
1.189228312  
-0.2976370005  
0.5120105805  
0.6625591503  
-0.718642857  
-0.930390271  
-1.707300235  
-1.872436962  
-2.727264977  
-0.5425004617  
0.02039909591  
2.126698621  
1.971110794  
0.9885189804  
0.9148665025  
0.9486901277  
0.2595019364  
-0.3614935034  
0.8265033956  
1.345020383  
1.234741231  
-0.3154737002  
-1.682956835  
-1.207683991  
-0.04574903646  
-0.3727429094  
0.5488302394  
0.9411479893  
-0.5509117915  
-0.5925255091  
-0.1564021049  
0.841580834  
1.551823241  
2.670143447  
1.781209498  
0.48603655  
-0.8668516179  
-1.14132717  
-1.516953281  
0.4432192367  
-0.2927539716  
-1.225618654  
-2.726213488  
-1.885487433  
-1.664757365  
-1.25475537  
-1.979026355  
-1.174606526  
0.1760842634  
0.3558508985  
0.2359679115  
-0.6593614446  
0.4575471932  
0.02518261515  
0.9787412247  
1.511062589  
0.9823375495  
0.491682297  
0.2514965422  
0.2371479792  
1.668839223  
2.377749726  
1.079984283  
-1.010004111  
0.5811023021  
1.2405655  
0.4627906685  
-0.5234178627  
-0.7245908708  
-0.7821183951  
-0.8624907821  
-0.5330353709  
1.20458165  
-1.199544649  
-1.581458596  
0.903409445  
1.371293567  
0.5510913531  
-0.1893251577  
-1.096229051  
-1.696506684  
-1.562248624  
-1.576365842  
-1.678614639  
-0.6214682095  
-1.551227117  
-1.249514663  
0.617381081  
-0.09157799595  
0.01439551983  
0.1105230599  
0.8437099845  
1.647990942  
-0.5387239846  
0.3163189162  
2.069468078  
1.382537355  
1.023073577  
-0.400515842  
0.2704068002  
-0.2524115439  
0.02545359077  
0.0954038813  
0.2937740341  
-1.242656268  
-0.01899064385  
-0.2690248247  
-0.5464876791  
-0.3930370285  
-1.052764737  
-1.478486083  
-0.5917857079  
0.01906730356  
0.9828655772  
1.113655786  
0.9052794529  
0.6738468508  
0.3117044161  
0.2148162141  
0.4108608475  
1.057299513  
2.479789682  
-0.07807991568  
-0.09135141585  
-0.834469968  
-0.4732310345  
0.4736169497  
0.6344799649  
2.305947363  
0.7402604254  
1.36421711  
1.652191721  
0.6558710804  
-0.1041258749  
-1.557019331  
-2.697310829  
-2.203422681  
-0.5176357554  
1.058777044  
2.496048804  
1.791883738  
1.186705362  
-0.5201147599  
-2.117127505  
-1.27165016  
-2.152941693  
-1.177946585  
-0.9626094616  
0.1732383367  
-0.4024384416  
0.7937501862  
1.486841607  
1.173340932  
-0.7461989706  
-0.2626838133  
0.7935641174  
0.5064017652  
-1.284393518  
-2.03207552  
-2.01499107  
-0.5427800589  
0.2634182819  
0.8377238999  
-0.3300125792  
-1.444316846  
-0.09461382882  
-1.829114347  
-0.7298574243  
0.3109288509  
0.4288704397  
0.3389809949  
0.2217897351  
0.5453333894  
1.397204799  
0.8619530646  
1.232955435  
2.233168685  
0.6429722991  
-1.074703548  
0.230174309  
-0.5741481049  
0.8257322972  
0.7206706129  
-2.211718787  
-1.127725759  
1.490507474  
2.160841327  
1.832957626  
0.312134942  
0.4934892513  
-0.4501773078  
1.131320684  
1.445078024  
1.837968725  
1.135014537  
-0.2363405286  
-0.395752348  
1.776890576  
0.7739224313  
0.5539677447  
0.007620288185  
-0.9492213416  
-0.1241139053  
-0.5340536971  
-2.772227291  
-0.48673133  
-0.3858372548  
-2.235818265  
0.109544612  
0.09688717454  
-0.5262567904  
0.6083388243  
1.701263524  
-1.072682138  
-1.719585046  
1.169709872  
0.983951071  
1.38367306  
3.283905274  
2.539028874  
0.9320555476  
-0.3159596462  
-0.5274006098  
0.3954332034  
-0.313226377  
0.2790276998  
-0.3783274898  
-0.5704351428  
-0.01403010768  
0.102737701  
-0.8497322857  
0.1345046678  
-0.6106020478  
-0.5694452904  
-1.766537344  
-1.154220173  
0.3023091881  
-0.09415435324  
0.3822725727  
-2.487200445  
-1.898695921  
-1.893047459  
-0.905741689  
-0.03150232664  
-1.199037228  
0.2673865275  
-0.2291594209  
-0.4198354351  
0.3848244499  
-0.01529371206  
-1.120129065  
-0.0951412169  
0.7705401096  
1.024709254  
2.405257734  
1.233197449  
-0.8177102614  
-0.06987378345  
-0.1134989437  
0.3137269185  
0.7938242289  
-0.9176594153  
-1.873593937  
-0.5933834694  
-1.065107736  
-0.8278666031  
-0.5838327202  
-0.3461422334  
-0.4900618979  
-0.5580671681  
-0.7147889538  
0.4987722301  
1.416117627  
-0.4698493528  
-1.099769136  
-1.103841145  
-0.7143217142  
0.8949371196  
1.546074261  
1.821984604  
1.346762457  
0.9315689969  
0.3035706374  
-0.1694105369  
0.3190225921  
-0.5746135434  
-0.05967939459  
-0.5212691727  
0.6096658436  
0.6099864075  
0.3006967991  
0.2222507374  
-1.982204392  
