1.055578371  
-0.7237232711  
-0.4549857487  
-3.660965563  
-5.625011116  
-4.074075702  
-0.8256105806  
-0.874429666  
0.03907663318  
1.687275238  
3.575234737  
2.906241331  
-0.5423329377  
-1.87187178  
-0.5105273277  
1.218056332  
0.4370874941  
1.416359365  
4.126992124  
4.824788975  
3.678754806  
2.506316191  
2.360483065  
2.155921252  
-0.1016868665  
0.5250796781  
0.3370359917  
0.5625275847  
-3.410849987  
-5.980875613  
-5.459856465  
-2.632058068  
-0.980953068  
-0.7109302797  
1.040157678  
3.14274183  
0.8714260397  
-0.4826628071  
0.4310403542  
1.94238219  
1.602672513  
-1.283303502  
-0.1891967765  
1.534844205  
1.955750072  
1.116772101  
2.028478553  
3.519761163  
3.898134492  
2.271091673  
-0.7086708289  
-2.100906812  
-2.734655793  
-4.778129617  
-5.230370109  
-3.669866612  
-3.409667094  
-4.190330228  
-3.187356839  
-1.344108265  
-0.8195942539  
0.7690296165  
1.209604018  
1.727521952  
4.297286089  
3.546192412  
1.841731547  
2.734693216  
3.790670445  
2.042064016  
1.123810381  
-0.5261294443  
-0.6814438042  
1.70230971  
1.259417774  
-2.154765305  
-3.68914304  
-2.343820857  
-1.263992969  
-2.4033006  
-3.60538773  
-3.467209688  
-0.921903131  
0.2898086969  
0.7209251314  
1.032064369  
1.878748133  
3.635803828  
0.9882218957  
-2.751770186  
-2.101674256  
0.802919306  
3.389864086  
2.85614377  
3.198334151  
2.659214494  
1.916723225  
1.966832232  
-1.379720142  
-4.255565013  
-3.30651594  
-1.465749358  
-0.5926677607  
-2.451156773  
-1.976510681  
-1.193208039  
1.312840073  
2.892288126  
3.342965091  
1.598496956  
1.843424547  
2.459067523  
3.410274233  
3.427251701  
1.209837047  
-0.528948694  
-1.146755597  
0.2975823978  
-1.271019004  
-4.019926411  
-2.227205234  
0.9225053334  
0.9053341606  
-0.4297239945  
-3.153866464  
-3.840665459  
-4.330175292  
-3.386877879  
-1.705589189  
-0.0574823144  
1.572441925  
1.884514022  
3.240543941  
2.540664699  
0.9381586646  
-0.03086140809  
-0.3961118912  
-1.614519626  
-4.153033177  
-3.275911528  
-0.6039102688  
-2.855892297  
-4.396381537  
-1.266032131  
2.318437775  
1.84763648  
3.272145119  
3.419259922  
3.750136096  
2.732023287  
4.248470703  
3.389204796  
0.5689745856  
-0.2127356122  
-0.3343260503  
2.074174028  
3.929365088  
2.0150891  
-1.675521204  
-3.583600111  
-4.378246505  
-4.042752064  
-2.441203083  
-2.940391456  
-3.248476419  
-1.929873376  
-0.4850466129  
0.9431268722  
0.5607326618  
0.04292852393  
2.74148053  
2.79325403  
1.434061113  
0.564672342  
0.7617205775  
3.016649261  
3.557666606  
2.264116023  
0.328525944  
-1.276253798  
-2.865387351  
-3.606869555  
-4.667343436  
-4.396781059  
-2.303427834  
-0.1760215907  
-0.3404786339  
-0.845512203  
-0.4933386356  
1.640537127  
1.689160927  
1.233901158  
0.9959560353  
3.117588605  
4.611559958  
2.35276052  
1.144484665  
-0.5030081643  
0.8052030347  
1.859453779  
-0.58230509  
-3.802376994  
-3.235605299  
-0.806684632  
-1.173143037  
-2.033538071  
-0.2961016977  
0.8654775976  
1.893101522  
1.412619771  
-0.2239965131  
0.1437558022  
0.982380775  
2.010047068  
2.055650537  
1.747470966  
1.525737277  
1.48424771  
-1.776447423  
-4.621206278  
-4.230124835  
-0.8374806482  
1.814766375  
0.08515164282  
-1.211420093  
-2.643353509  
0.4136453983  
1.144569232  
2.745266409  
0.7957887233  
1.146526321  
1.418456681  
-1.194515159  
-4.20751042  
-5.127665719  
-2.731719711  
0.2871164791  
1.221252037  
1.659193183  
1.042523204  
0.9677665877  
1.518719254  
1.302779515  
-1.210303322  
-1.901247029  
-2.463382884  
-1.65651288  
0.6405093593  
1.943611446  
2.428941029  
1.774360819  
1.37626148  
2.523290014  
1.013548131  
-2.80660444  
-3.615535377  
-2.123589362  
-0.6061232872  
-0.7077160437  
0.3903309406  
0.535298398  
1.834116231  
3.216038242  
5.274223964  
3.349992596  
0.591434805  
-0.908736236  
-1.972841932  
-3.265757875  
-3.304116839  
-2.100783009  
0.9101690829  
1.015038703  
-0.4464258034  
-3.084080548  
-2.270489214  
-0.1614828365  
0.9193601256  
0.8654982396  
-0.7529472038  
-1.587323735  
0.6061842808  
0.7912025236  
1.263827691  
1.253764426  
1.377463781  
2.765013782  
4.408400753  
4.298796713  
3.917384029  
1.350115303  
-2.447835057  
-4.61503997  
-4.727039867  
-4.279038871  
-2.587866157  
-3.242161259  
-4.01463648  
-3.915887195  
-1.491003451  
-0.5429276537  
0.5498975339  
0.09130603922  
1.115991804  
3.50214857  
5.676073543  
4.54281051  
3.010740951  
2.509801504  
3.666610378  
2.564206864  
1.509877713  
-1.346083316  
-2.766399069  
-2.365704288  
-2.853701519  
-4.025281268  
-3.075767628  
0.1978581567  
0.6609973983  
0.2081202894  
-0.4704731346  
-0.5718439531  
0.785709899  
2.534276219  
3.570600766  
3.660310313  
3.811828795  
2.667416418  
1.550655394  
0.5248566629  
-1.246976918  
-3.49906836  
-2.447676276  
-2.793557621  
-4.020465377  
-4.924506452  
-0.7666680132  
0.5496145381  
0.2957336965  
-0.1281020534  
-0.4703639486  
1.545995618  
2.051792228  
2.151070465  
0.3217162418  
0.7646078912  
0.9043393902  
-0.1371257338  
-1.318286433  
-2.510005763  
-2.411234673  
-1.133987097  
1.731243417  
3.915759712  
4.414583495  
3.148621705  
1.709382324  
-0.0565904889  
0.4216079357  
1.508716795  
0.3282068632  
-1.538392076  
-3.051905807  
-3.251021243  
-2.900522889  
-1.90796466  
-0.7362876331  
-1.408570651  
-1.726100238  
0.613752301  
-0.5944577543  
-1.091923108  
-1.146409354  
-0.2416069074  
0.7147697177  
0.0791726818  
-3.071196226  
-4.560290173  
-3.454632084  
-0.693109567  
0.3669400715  
1.322958872  
1.455140653  
2.529052197  
2.936547627  
0.603658481  
-0.1054275132  
0.2667013442  
2.001776006  
4.414998248  
4.352636998  
3.349976955  
2.949130513  
3.611260819  
4.30737234  
2.212844424  
-2.035489205  
-4.192323393  
-3.703961636  
-2.593783746  
-2.68708315  
-3.178925833  
-2.198610252  
-3.39773467  
-4.114011605  
-1.770142911  
0.3684062963  
0.09718228967  
0.1702355517  
0.4045492488  
1.456186232  
2.221944697  
1.146515801  
-0.02286126235  
-0.1536856017  
-0.03598351788  
-0.1410110903  
1.913616805  
3.371540677  
2.995787627  
2.875616005  
1.902746098  
1.01212167  
0.7312219585  
0.3123705149  
-0.4575607287  
-1.546823896  
-1.085584563  
-0.9783351928  
-0.03903420914  
1.009002995  
0.7510810782  
0.4488382851  
-1.698832483  
-2.235502646  
-0.4732523528  
-1.605720307  
-2.322372506  
-2.681004493  
-1.69489732  
0.00596960803  
0.6742240827  
-0.1949560709  
0.2393298879  
2.541460435  
2.639194339  
0.3521340767  
0.4009562333  
1.825260959  
2.755832154  
2.2364851  
1.49206843  
1.522356875  
2.440250993  
1.713890699  
-1.897635648  
-5.327113528  
-3.445625403  
-2.884163962  
-1.937696181  
-1.481907224  
-0.3369119297  
1.607508886  
2.032696043  
2.531296807  
1.255488639  
1.997017285  
2.877175891  
1.162483832  
-0.4989755132  
-1.183011722  
-3.513403128  
-3.973021082  
-2.822201157  
-1.744922354  
-0.6204745864  
0.5979500925  
0.7025415647  
1.034485664  
1.704630252  
1.265775113  
0.9846466154  
0.06364890843  
2.142983299  
3.912002795  
2.477187484  
-0.3732713861  
-1.319844807  
-0.2609055767  
0.3222952851  
2.664104563  
1.925456865  
0.01888464031  
-2.353242039  
-3.31948213  
-3.521326619  
-3.243526463  
-1.327312738  
0.004229649124  
1.214672939  
1.289308456  
-1.159274  
-2.348460606  
-2.401691479  
-1.718668641  
0.2975821616  
0.6682503727  
0.7599039131  
2.062551602  
4.040490954  
4.66913801  
4.267366475  
4.271508285  
4.594420327  
3.797446639  
3.495948149  
2.861588894  
2.083008932  
0.2498849823  
-2.540433939  
-3.658824543  
-2.714122081  
-1.232803663  
-0.2794502444  
-1.139660483  
-4.341822536  
-4.888222924  
-2.596771813  
-2.349869991  
-3.956283523  
-3.462438367  
-1.329840001  
-0.3192474405  
0.3872391586  
1.705674269  
0.3406777512  
-2.498024438  
-3.4834715  
-2.488022979  
-0.8860931154  
-0.9379924452  
-1.650988765  
-1.196512192  
-1.398328109  
-0.1683396077  
1.364511102  
3.306965246  
3.2143312  
4.151819647  
3.426426241  
3.28677264  
3.423768199  
2.474603749  
0.2252270737  
0.291273818  
-1.7554067  
-4.65133146  
-3.376432481  
-2.695076282  
-2.130911965  
-1.872880028  
-1.456697317  
-0.6732326556  
0.6381597617  
0.4904830178  
-2.112051397  
-3.319449396  
-2.638034013  
-0.4958973365  
2.103586976  
1.875946588  
0.6829283687  
-1.95540628  
-1.572553528  
0.5495794532  
3.23953651  
4.504961205  
4.744161427  
4.532444424  
2.398393058  
0.4145685799  
0.0682591882  
0.3220688174  
0.2945358262  
0.2022598871  
-0.8311935001  
-2.331699812  
-3.731064508  
-3.376273076  
