-1.544161805  
-0.3925994395  
1.497608091  
-2.24453152  
-0.204056396  
0.3310637219  
2.779856006  
-1.812697573  
-0.4522132197  
-0.2767719327  
-0.3857790775  
-1.241838893  
-1.463684674  
1.51454014  
4.062026927  
-0.2038114489  
-1.489289141  
-0.1275520667  
2.223972341  
1.387000138  
-0.8393672674  
-0.51389665  
1.45817931  
0.9960687437  
-1.630447427  
-1.709132784  
1.097258374  
3.62486558  
-0.7542766278  
-1.580601978  
-1.440845284  
1.196803154  
-1.085333758  
-1.335991798  
-0.5589963002  
2.833598656  
-1.401186988  
-0.4694510273  
-0.9987740977  
1.790230909  
-0.3004313122  
-1.20325264  
0.3855936713  
3.023753503  
-0.9106648808  
-1.131048408  
-0.9659507466  
2.947206841  
-0.9340203079  
-1.6791837  
-0.4579169137  
2.695046864  
-1.05103522  
-1.803116789  
-1.060933262  
2.139230394  
-0.1652694909  
-2.234941718  
-0.9336971386  
1.166304995  
0.703187225  
0.004829789641  
-0.569387686  
0.8720102538  
2.767246604  
-1.983652424  
-2.882890324  
-2.384793078  
2.165080394  
2.957620627  
-0.7393817027  
-2.694525764  
-0.1988971244  
3.33962111  
0.5791972888  
-0.5096567049  
-0.6324802565  
-0.647646185  
2.563267578  
-2.113740823  
-2.793912314  
-1.533803845  
2.206081919  
3.970594056  
0.01528473236  
-0.4084115386  
0.441219196  
2.098853488  
-1.038613433  
-2.367303953  
-0.6760402027  
1.656773373  
2.249591773  
1.090150447  
-1.532284919  
-2.484543414  
-1.111338279  
2.880236035  
0.7269900698  
-0.5158089982  
-1.300422831  
-0.4141651537  
2.318065613  
0.4471710974  
-0.5860684656  
-1.308251861  
1.304986672  
2.759378249  
-1.927844362  
-2.048429463  
-0.7434770727  
1.773598068  
3.450601782  
-0.2527774735  
-1.319870389  
-0.5656960748  
2.047545935  
3.802833498  
-0.7890832325  
-3.411661713  
-2.266424225  
1.256544001  
-0.9568830812  
-2.231064621  
-1.425512216  
1.164496936  
3.297579296  
-1.138123937  
-1.784192425  
-0.6456662043  
1.930816013  
-1.697804703  
-0.6173089105  
-0.9889869817  
-0.1156071504  
1.469568465  
-1.489400142  
-2.196480458  
-0.635373106  
0.660660363  
3.49919424  
0.1408485282  
-1.436504225  
-0.8891755872  
2.485851215  
-0.8257553391  
-0.9457965203  
-0.6422331393  
0.9320119598  
0.684543853  
3.038267962  
2.126284775  
-2.474077482  
-2.660232252  
-2.466150371  
0.300615794  
1.94921957  
-2.869182283  
-2.162237034  
0.2482435828  
1.697877472  
1.037033888  
-0.5292520111  
-1.387058665  
-0.7651621234  
0.7481565163  
0.1892480146  
-0.842374864  
-1.418801316  
1.54825717  
4.006283786  
-0.3890032567  
-1.195915975  
-1.690477708  
-0.4790416088  
1.93539201  
2.328609495  
-2.147495921  
-2.232365619  
-1.136224816  
0.1216740051  
1.196099227  
-0.908816748  
-0.5003224644  
1.838102933  
2.308272741  
-1.925240191  
-1.259515064  
-1.084933336  
3.427331404  
0.2671248215  
-0.9059723926  
0.003432693537  
1.212921207  
1.757134715  
-2.326915739  
-1.28307308  
-0.7941415089  
0.7484567882  
1.478975959  
-0.8395255714  
-3.040810019  
-1.326747054  
2.955275662  
-1.389717761  
-0.3361260047  
1.254476528  
3.826026589  
3.720303116  
-0.9278170164  
-0.5913466425  
-0.5496173706  
1.40006156  
1.814710294  
-2.281247433  
-1.852114647  
-0.1273683945  
1.62032119  
-0.6969241615  
-1.110423267  
-1.041026517  
0.2477666327  
3.299233077  
-2.380175023  
-0.8472392853  
-1.10348257  
1.74995731  
1.315677534  
-1.884504336  
-3.039143683  
-1.289216624  
2.48254369  
2.293151585  
-0.2181279353  
-1.79895832  
-0.5108269062  
2.35641472  
0.2556356411  
-1.766759938  
-1.4161655  
-0.8703218165  
2.043191788  
2.601271252  
-2.034075272  
-1.097722337  
-1.084333303  
-0.03767897194  
1.894438192  
1.491066863  
-1.068249859  
-1.407500907  
-0.7269715722  
2.444672792  
-1.36838618  
-0.7872500056  
-0.9856181147  
1.410456407  
3.620002443  
0.3797747624  
-0.8711187165  
-1.322968864  
-0.3058195916  
2.256990503  
0.7568961553  
-1.484654886  
-0.4748041567  
1.416759441  
1.887760254  
-0.8654118559  
-1.671313523  
-0.09465221561  
1.729271263  
0.5802720733  
-1.158327264  
-1.943498378  
0.3649322137  
3.076251533  
3.284783428  
-0.08446526035  
-1.525281432  
-0.608740522  
2.762009344  
0.04296232698  
-1.53957576  
-3.003919602  
-1.548361174  
0.3019349565  
3.194112905  
-1.31281618  
-0.9482841772  
-1.067022007  
0.5924383779  
1.906853256  
0.1446035744  
-2.25017242  
1.183399654  
-1.503429811  
-2.131392599  
0.07722563393  
3.003815707  
2.060096607  
-0.9148140574  
-2.993066932  
-2.166855968  
1.010274247  
1.686021789  
-1.027156103  
-0.1662810518  
-0.7906332328  
2.906564515  
-0.3107870008  
-2.238786484  
-1.084870954  
1.550644188  
2.680808443  
-1.269585889  
-1.576863859  
-0.4150116262  
1.299153275  
0.8467913843  
0.576430014  
0.1849138469  
0.09307526051  
0.06893387157  
1.666836901  
4.025109625  
-0.219492611  
-0.2351953695  
-1.194200298  
-1.680482903  
-1.557501055  
0.5164840683  
0.869431245  
-1.066833725  
-1.754854608  
-2.388849809  
-0.5976823376  
2.835251719  
-1.573802277  
-2.172784423  
-0.5052589173  
0.9513847497  
2.564267173  
3.348527785  
-0.8477043211  
-2.565575388  
-1.030274077  
2.403447998  
2.851924265  
-1.094204202  
-0.6652812214  
0.03969745096  
0.6750026447  
1.71916594  
2.643898021  
-0.7187870392  
-2.079493623  
-2.264961848  
-2.19193741  
-0.3096820615  
3.683023696  
-0.9489767343  
-2.002269902  
-0.5927585744  
0.8948237463  
0.4140771327  
-1.99860343  
-1.905587192  
-0.7547259778  
1.904753182  
4.358205826  
-0.1969597053  
-0.8378130683  
-1.34056021  
1.543057932  
3.729500762  
0.6014606029  
-0.4294687309  
-1.018356559  
1.550466936  
2.346423082  
-2.119613468  
-1.515471404  
-0.2749959333  
2.047221239  
-0.9517019466  
-2.864821604  
-2.05738763  
-1.01467933  
1.437999549  
3.846056888  
-0.7082218034  
-2.759594307  
-1.402154466  
0.1662190541  
1.323086105  
-0.3047833606  
-0.8880192976  
-2.407603183  
-0.1808533894  
1.343603734  
2.355124855  
-1.108370453  
-0.693476373  
-1.455270147  
-0.2089542237  
2.157030283  
1.465696595  
-2.679691169  
-2.140292425  
-2.269881358  
1.170858668  
4.331973807  
3.893608434  
-0.5514995584  
-0.9267062096  
-2.794172787  
-2.649612695  
1.446757392  
2.920750674  
0.02915031966  
-0.8818138253  
-2.175958926  
-2.338883391  
-0.4619273965  
2.405826733  
4.011395639  
-1.122277546  
-0.9896840534  
-0.7468895684  
-0.2884347424  
1.81209335  
2.04173537  
-0.151856042  
-1.630382138  
-0.4648412106  
1.788223645  
-1.248819356  
-1.330893294  
-1.453666355  
0.5526745036  
0.2320457658  
-0.7365011664  
-2.08913378  
-0.5470010638  
2.517395459  
-0.3814377802  
-1.165219567  
0.2431973775  
2.100376997  
1.102556606  
-2.604611194  
-3.253849948  
-0.9723818189  
1.117591755  
-1.870049892  
-1.050617243  
-0.435185301  
1.580695149  
0.5585987952  
0.6932132228  
1.539408166  
2.788750214  
4.043948698  
-0.9249891958  
-2.275185908  
-2.797949695  
-0.05893757079  
3.705294485  
3.716606269  
-1.256611301  
-0.08047560922  
-0.1181966558  
0.2102360528  
2.529987698  
-0.4640947246  
-0.4819443349  
-0.1120331116  
-0.4504871173  
2.856590159  
2.299309305  
-0.5053940439  
0.4113993396  
-0.6155086449  
0.2807263257  
2.821949613  
-1.38383816  
-1.392645631  
-2.686299772  
-2.784009782  
-1.231194022  
1.985654081  
-0.2752415831  
-0.9849705702  
-1.954450452  
-2.372687372  
-0.6491196244  
2.184140005  
3.357858566  
-2.330629551  
-2.063730629  
-1.316573855  
-1.524282033  
2.079068965  
3.195674427  
-0.04604651026  
-1.172695458  
-0.4425426526  
-0.09329506828  
2.684574491  
3.945967698  
0.1443408553  
-1.688716717  
-1.280553145  
-0.271747717  
0.2203200105  
2.83823699  
1.002424159  
-0.16813139  
-0.3394163634  
-1.702042048  
-0.6816327021  
2.087595118  
1.219613002  
-2.162484095  
-1.432694765  
-1.434560927  
-1.148510257  
-0.07225110008  
2.490234455  
2.619561896  
-0.6051784905  
-1.000790267  
-2.006733786  
-0.5078349743  
2.077911065  
-1.075998507  
-1.54311997  
-0.9767933328  
0.02243892417  
2.571226384  
3.645162249  
-2.096514417  
-2.296209025  
-1.235706031  
-1.825044048  
0.4961139452  
0.4275381372  
-1.100541895  
-1.743632975  
-2.097016843  
-1.011947841  
1.128056846  
3.160723725  
2.323692582  
-0.2741677744  
-0.2971426124  
-0.2191444114  
2.642925701  
0.1283235938  
-1.096691725  
-0.6137772365  
-0.1203595532  
2.615657863  
3.179745318  
-2.208478156  
-2.008075121  
-1.980584163  
-1.107287386  
0.1260231385  
2.682784461  
-1.403815826  
-2.408432312  
-1.137448538  
-0.7369172127  
2.196442177  
4.050617251  
1.019602718  
-1.890584229  
-1.062566231  
-0.2486274535  
-1.254263834  
0.3126850117  
3.471473458  
0.469470417  
-2.505861496  
-3.063268309  
-1.773552551  
0.3780738681  
3.97022193  
