2.540674714  
0.5084179005  
-1.908197317  
-3.078579947  
-0.5694331994  
-0.3832664092  
-1.610386059  
-2.905480651  
1.428982072  
0.6229943156  
-2.063594355  
0.3821292919  
3.378971857  
0.8623245548  
-1.151876225  
-0.9054774111  
0.9812086296  
3.600351386  
2.277362987  
-0.1624438503  
0.2467375722  
2.144263279  
0.1537792389  
-1.40833917  
0.7462887242  
2.693090106  
1.906477562  
-0.7810398833  
-2.845849963  
-1.182347825  
-0.1626192036  
-0.2400039643  
-3.022078534  
-1.36208156  
0.02492763047  
-2.126410922  
-2.50892196  
1.834894336  
1.273193113  
0.7426963139  
-0.8627402926  
1.105375212  
1.856016771  
0.5188877995  
-2.303202584  
3.444241959  
1.890488539  
-0.574277441  
-0.06024080248  
4.813694952  
3.375231807  
-1.749834852  
-2.115520474  
-0.2261390736  
-0.63562482  
-1.646309743  
-3.217232449  
-3.209169634  
-1.340863121  
-2.462612667  
-3.477652429  
-2.328465149  
1.052033954  
0.4700141906  
-1.000653897  
-1.569795261  
-0.05437761223  
2.772342464  
0.9745706121  
-1.401094051  
-0.9829330476  
3.419388555  
2.024050887  
0.5271455669  
0.02464369701  
-0.8640737195  
2.098509151  
1.243064232  
-0.3810593472  
-2.339706053  
-3.691974275  
-0.4952600569  
-0.3137530478  
-2.465723354  
-3.307491709  
0.2280335787  
1.587048096  
1.202936636  
-1.410270004  
-2.358503987  
1.600783104  
0.9018161772  
1.286108355  
0.7697647399  
0.5892342153  
5.019410907  
3.33669058  
1.581684847  
-1.427023406  
-0.4792042212  
2.062676803  
1.76270587  
0.5120794709  
-4.013395935  
-4.195274912  
1.019166956  
-0.1418750233  
0.02981234742  
0.8113465927  
3.345954078  
5.507210869  
1.515063388  
-0.5536595126  
-1.812781844  
-1.328366284  
2.191663514  
0.713710041  
-1.437767506  
-1.184363373  
1.149077496  
1.965137831  
1.245137954  
-0.06599243145  
0.2565308607  
1.852462319  
-1.264453281  
-3.867482964  
-3.413882533  
-2.403590473  
-1.537526809  
-0.09270923006  
-1.79407518  
-0.8281523686  
3.1962605  
3.570100666  
1.694987977  
-0.4146152141  
-1.556737247  
1.322155236  
-1.533422514  
-5.215800358  
-7.056743807  
-2.626157767  
-0.8752243991  
-0.5906433302  
-1.878730506  
0.3394491406  
2.691352342  
5.722857655  
4.997790283  
3.001849256  
0.5874301193  
-0.3472366451  
-0.09115357342  
3.456439935  
2.317270092  
2.075655098  
1.32184036  
-0.7042657574  
1.491081954  
-0.3281971084  
-5.49790633  
-5.945065154  
-3.413809877  
0.7522094978  
-1.902670358  
-2.774988885  
-2.079973224  
1.69978398  
2.718062753  
1.901763555  
-1.775828755  
-1.362208526  
1.547504127  
3.484437767  
1.334444492  
0.7079502861  
0.1590421689  
1.122072349  
4.134143614  
2.487062861  
-1.020169969  
-2.244132981  
0.09406712619  
-0.550787437  
-2.522345791  
-3.925853984  
-3.006145603  
-1.089700952  
-2.498287888  
-3.375171392  
-2.021326864  
2.300805686  
2.621489301  
2.516345147  
0.7169365866  
2.118190692  
4.287428752  
2.813965087  
-0.5968459844  
-1.484888083  
1.349698297  
-0.2009014795  
-3.976538319  
-4.97362214  
-3.029904706  
1.743775999  
1.058231153  
0.8604989953  
0.7164281466  
-0.1724285117  
2.957029219  
1.33799017  
-0.9863537692  
-0.9181283836  
2.296848502  
3.050306981  
0.06424619123  
-2.49071492  
-2.430751405  
0.5327257319  
1.686083916  
0.1890963383  
-2.142826551  
-0.2603281431  
2.587335058  
2.517491219  
0.0211395549  
0.07171546768  
1.181486337  
3.427809274  
0.1935319429  
-3.86753364  
-4.358068683  
-1.431276117  
1.027176026  
-0.9180377986  
-1.312626474  
-0.2022531017  
1.07671457  
2.906370229  
0.2114881348  
-0.459124202  
-0.7623251136  
-1.52379692  
1.404761915  
2.091060647  
0.977230306  
-0.5843175987  
-1.922990545  
0.4882650035  
2.028317072  
1.403097408  
-0.3689318416  
-0.009627252722  
2.197973149  
0.4611833673  
-1.255445942  
-2.23251181  
-1.976424203  
1.339087924  
3.642966246  
1.806349683  
0.1704653794  
0.6824438093  
4.003069057  
2.140416033  
-0.1702098241  
-1.480061417  
-1.121040588  
0.7276819515  
1.05093415  
-1.41496985  
-2.628576813  
-3.80030408  
-2.179681353  
-1.322415149  
-3.436726208  
-3.365112401  
-0.4610253502  
0.2420516157  
-1.080853442  
-2.441550554  
-1.47568907  
-0.2701426704  
3.084739865  
2.937404913  
3.127667605  
1.125486068  
1.694102614  
4.786773076  
5.316566146  
1.346188316  
-3.29360037  
-6.565095145  
-0.5635937707  
-0.2867405911  
1.197306178  
2.477063595  
-0.4730680563  
-2.563882148  
-3.191547791  
-0.7765599769  
1.858290609  
0.9202196581  
0.1310473444  
-0.6114349488  
3.231989755  
3.541727665  
2.820329796  
2.15174443  
0.6934817545  
1.657880989  
-0.3049833813  
-1.890141312  
-3.193573457  
-3.633150772  
-1.774491944  
-2.784712952  
-4.678749101  
-2.800783257  
-0.8613280529  
2.19009479  
1.032486086  
0.4852892965  
0.7899287869  
-1.036777397  
0.5722474892  
1.802533682  
3.245025531  
4.407422644  
3.059070398  
-0.423497638  
-2.009441383  
-0.1712355462  
2.107467974  
0.7721364287  
-2.001999714  
-3.207885409  
-2.631749181  
0.3483536095  
0.4962513759  
-0.3965461873  
-2.938998019  
-2.464327504  
-1.075595216  
2.942561527  
1.740687247  
-0.02071254584  
-2.516637256  
-3.029540056  
0.7856060739  
2.624813411  
1.237953458  
0.5852380667  
0.5102593961  
0.1644391705  
0.8625007973  
4.442274344  
3.938935206  
2.402005564  
1.072594632  
-0.846734666  
1.270469586  
-0.813329836  
-4.408500925  
-5.06146964  
-1.213839472  
2.411179575  
0.5578400348  
-0.5699516625  
-3.563266566  
-0.7550512737  
2.553289594  
2.442862087  
-0.06046056308  
-3.733633841  
-3.851185085  
-0.9065476723  
-2.312174896  
-2.543869377  
-3.36544519  
-1.0684235  
1.518345914  
1.673103027  
0.7302779162  
0.04803687617  
0.211892319  
4.091022719  
2.186557042  
0.006927561618  
0.7383868327  
1.876240581  
5.094615398  
3.272205481  
2.514189901  
0.8927173358  
1.052550075  
1.517982016  
4.121643619  
2.148332087  
-1.409086397  
-3.795778804  
-3.118437028  
-1.886292173  
-0.1114941414  
-2.458726179  
-4.17284393  
-4.418205345  
-1.34420266  
0.8378841323  
0.4912915781  
-0.6409709174  
-0.6556517625  
-2.538413508  
-1.783163472  
0.3907100505  
2.475958989  
-0.1851138728  
-0.02400462534  
-0.6735267171  
-1.35483475  
0.06519641779  
3.288435688  
5.344150439  
3.100358859  
0.6603663238  
-0.9376576342  
-2.391461608  
1.925012009  
2.573071327  
2.643453124  
-0.3261417562  
0.4891161799  
2.525435222  
4.721023873  
1.769091384  
-2.849048191  
-3.026408769  
-2.431208581  
-3.553273145  
-5.746418457  
-3.946936627  
-1.32099164  
0.7970633978  
0.9063454897  
0.4775076191  
0.837555003  
2.903844424  
3.211849902  
0.8418338556  
0.07061164033  
2.804474295  
4.849981383  
2.947916249  
-1.824057373  
-1.139439685  
0.8864871465  
0.6960010792  
-3.566931843  
-6.717302721  
-2.073870853  
-0.713005895  
-2.367251763  
-1.89648564  
-1.934268402  
1.841972993  
2.291964174  
1.342703707  
0.3393271939  
-1.279212276  
-2.994834923  
0.6939652371  
0.4428221206  
-2.327229081  
-4.288601687  
-3.382922207  
-0.6245237158  
0.2805583443  
0.9192624859  
0.604269457  
-1.062493412  
0.03633225392  
3.296076561  
3.441407806  
2.735973858  
0.09465572747  
-0.3980135421  
0.1959677549  
1.845967155  
3.921407767  
3.71449447  
1.003443322  
0.1878875971  
0.6725625313  
0.8964414955  
2.760482483  
1.668082687  
1.143364411  
-0.9266942585  
-3.053573858  
-1.00256786  
1.187034981  
-2.176752222  
-3.428844834  
-3.743083144  
-3.993035136  
-0.4241617813  
2.178212934  
1.432462536  
0.5668416711  
0.07678634807  
-0.3720201923  
0.8686289994  
3.173907867  
5.426982667  
5.68913186  
2.45773956  
0.252986816  
1.848090459  
3.458114614  
1.4538471  
-0.8405106178  
-2.212328621  
-2.055680206  
-0.7296413516  
1.198195751  
1.899120115  
0.005072331351  
0.244596056  
-0.1049085462  
-1.62329369  
-3.19826039  
-2.619805713  
-1.282767605  
-2.76557967  
-3.348651978  
-3.932837128  
-0.7454834195  
0.8177371491  
-1.140042074  
-2.340418084  
-4.893256616  
-4.006887526  
-0.3168586383  
0.9363249627  
0.7323465787  
-0.3577752758  
0.7566146749  
1.58832811  
3.174916262  
5.723690658  
5.457123045  
4.383864071  
1.758075758  
-2.470077196  
-1.116716593  
-0.03551424921  
-2.608191552  
-5.163766717  
-4.769824826  
-2.545561921  
-0.6551861911  
0.8278648665  
-0.3883568243  
-3.049184481  
-3.993339461  
-2.403737136  
0.6881649511  
2.216027294  
-0.08909150398  
-1.713968487  
-2.596868541  
0.7448576305  
2.64901984  
3.049115569  
2.931419622  
1.590616859  
0.5566221191  
0.9066776047  
3.117262288  
3.634168366  
2.445467522  
2.039410289  
-0.1215859542  
-1.451804409  
-1.779651881  
-0.3894403958  
-1.597821027  
-4.623099546  
