-1.188262659  
-0.7336592951  
0.3086590454  
-0.7812763729  
-3.083621036  
-1.237739094  
0.8616523408  
-0.5261256977  
0.520244195  
1.125177821  
1.8392031  
1.509328379  
-0.5486404503  
-0.1633838853  
2.055711185  
2.212945078  
0.2731469694  
-0.6466829504  
-0.610712461  
-0.3400301628  
-0.7900010751  
-1.960033039  
-2.196682229  
1.435976943  
1.806573127  
0.8922933845  
2.567698971  
3.692828049  
1.964193813  
-1.264391527  
-0.4123448048  
-0.3786397859  
-1.190992456  
-3.48111693  
-2.103060189  
-0.7700624679  
-0.6753004206  
-0.7044011912  
-0.03702123977  
1.357145647  
2.189265202  
0.08297787911  
0.9678944541  
0.846930658  
-0.6931275478  
-1.987728988  
-1.538228227  
0.282674277  
0.5575309791  
-1.601652024  
-1.083691876  
-0.1188616135  
0.7883034316  
-0.7407323553  
-0.1804609563  
-0.2674971286  
-0.6144259865  
-1.554800517  
-1.001520417  
-0.4338323952  
2.054056968  
2.040512548  
-0.8966062463  
1.581581756  
3.117871224  
3.273833281  
1.70204853  
1.451542531  
-0.1464287963  
-1.371985808  
-1.696681535  
-3.369463799  
-2.150227691  
-0.4998055078  
-0.5146520179  
-0.9285624081  
-1.623694106  
-1.574903848  
0.5317172573  
0.8844008907  
-1.170641628  
-1.446427027  
-0.8338946654  
-0.2784291061  
0.7465741876  
-1.810558104  
-0.1168490036  
2.113078981  
2.120170303  
-0.02668849455  
1.097104998  
1.49482233  
3.741022358  
2.98709689  
1.456066302  
-1.104054943  
-1.873671759  
-0.8093966818  
-0.8191599873  
-0.6571241658  
-2.088771167  
-1.581434086  
-1.275305861  
-0.05593470766  
0.186250546  
-0.5100090328  
0.8253680609  
3.296703289  
4.243037094  
3.33520955  
1.487873551  
-0.4067002157  
-0.7001982427  
-1.222970794  
-2.609537922  
-1.830951801  
-1.163710588  
-0.3072228785  
-0.3171995493  
-3.029009971  
-1.462884276  
1.05415264  
1.261350189  
1.665578139  
-0.944464954  
-1.711011047  
-0.7962115442  
-0.1127872869  
-1.151095774  
0.02021576302  
2.238709879  
2.181576564  
1.076097188  
-1.006337605  
-0.6727254718  
0.6880771577  
1.251812325  
0.7157004348  
1.149074565  
0.250828478  
1.487443583  
0.3816914365  
-2.99804482  
-2.167958849  
-1.796911825  
-1.209082314  
-1.081012663  
-2.00235939  
-0.4291073466  
-0.007452446328  
1.201354137  
3.233334294  
2.108665273  
-0.03529637148  
-0.2263911258  
0.585928429  
1.336399821  
1.405917102  
-0.3999313097  
-0.302641354  
-0.9197308152  
-1.029526745  
-0.9439962197  
-1.791044627  
0.2334012076  
-0.6870896636  
-0.4414216544  
-0.1708379544  
-2.637298785  
-1.014091953  
2.393466542  
3.089872639  
1.98888066  
0.9419397547  
1.157766408  
1.525565975  
2.030278469  
-0.800416691  
-2.644106164  
-2.334014105  
-1.927558203  
-1.387752572  
-0.07636163922  
-0.8667740239  
-0.2660641282  
0.626447918  
0.7993778552  
0.4659947243  
1.118273817  
0.6314721139  
1.706468942  
-0.1846170485  
-0.7633619446  
-1.512329636  
0.06392028364  
0.1006669939  
-2.025068458  
-1.099543181  
-0.05981819752  
1.66415677  
2.81027535  
0.9929163804  
0.03179266488  
0.9423616072  
-0.4824223774  
-1.943307691  
-1.160788064  
-0.9393304062  
0.4461296193  
0.9392378498  
0.7201669336  
1.284626374  
1.256902928  
1.709596115  
1.531202771  
-0.5034801706  
1.24576646  
1.092925638  
0.3977259338  
-1.069461778  
-1.449835709  
-0.6404700045  
-0.5493319552  
-1.614416387  
-2.371948517  
-1.601209939  
0.111531181  
1.677866751  
2.382804218  
0.2980219929  
1.392863151  
0.104627829  
-1.572395172  
-2.426425089  
-3.236717817  
-2.183015623  
-1.653271403  
-0.8580279508  
-0.0007713615249  
0.628397807  
2.553488533  
0.9901939277  
2.055970938  
1.431510281  
-0.6875584869  
0.3143648291  
1.461977618  
1.429084567  
1.634255417  
1.898367343  
-2.113542938  
-2.154514498  
-0.7193947658  
-1.588171847  
-1.962162157  
-0.9966501282  
0.05317186973  
1.147009117  
1.121414734  
1.233493241  
0.9098829116  
2.039329343  
1.971119155  
2.610882473  
1.602234709  
0.959796901  
-1.331659873  
-1.613133456  
-1.250569564  
-2.902442732  
-2.39542992  
-1.622392797  
-1.562312899  
-0.01040934731  
-0.3390672295  
1.208514557  
0.7714397924  
0.7267816064  
1.96471809  
0.8844634803  
1.925455387  
2.303618859  
0.5071322499  
0.5408521003  
-1.050716524  
-1.198736937  
-2.287208473  
-0.9163734588  
-0.5558421187  
-0.6967900982  
-1.193978517  
1.219662175  
1.69388568  
0.120595368  
-1.058739669  
1.463439691  
1.576668915  
-0.6512384635  
0.7340504068  
0.6530804  
1.454455966  
0.1443701238  
-0.9987655256  
-1.930432168  
-2.490256701  
-0.8350312697  
-1.22107623  
-0.6998649054  
-0.3635077999  
0.3406490539  
0.8344870928  
0.3858078037  
0.9043864816  
0.2698583386  
1.42396176  
1.707794701  
0.05899729394  
0.3469936234  
0.4057338722  
-0.7481598109  
-2.093558349  
-2.559930286  
-1.76131724  
-1.337054338  
-1.281775873  
-0.2207745876  
0.08972359319  
1.12067289  
0.2640045516  
0.8139598227  
2.122253002  
2.404210888  
0.986555707  
1.416751973  
0.9702045226  
0.1410817225  
0.5907304272  
0.5768400309  
-0.1566652115  
-0.5916104557  
-0.5273649281  
-0.3656531115  
1.062094531  
0.9329892928  
0.8519323789  
-0.9165464119  
0.2811262201  
-0.2966490654  
0.9902312654  
1.13001677  
-1.384743448  
-1.573773953  
-1.088350976  
-0.3030125182  
0.2147455913  
1.208190382  
1.032265592  
0.9069064538  
1.865387807  
0.5903722482  
0.5232473357  
0.7719723266  
-1.606511832  
-1.748470777  
-1.583917499  
0.152537575  
1.009070011  
-1.376634677  
-1.128583755  
-1.799302053  
-0.1804010623  
-1.046958229  
0.1967218229  
-1.158509666  
-0.6071902701  
0.353140135  
-1.205058122  
-1.564469069  
-1.673610069  
-1.888525736  
-0.7299781667  
-1.746865619  
-0.5215382144  
-0.7559718645  
0.6292926254  
2.371200652  
0.9736105889  
0.7578404909  
1.377176888  
0.8455670885  
1.127248746  
0.07021827986  
-0.2712572993  
0.7148038511  
-1.376378123  
0.4998495324  
0.5380035804  
1.201958211  
1.023863435  
2.611952491  
1.086433312  
0.9171784573  
0.2484464017  
-0.8110299139  
-2.965125744  
-2.28461668  
-1.089855935  
-0.2679044188  
-0.5636947707  
0.6818533502  
1.066068694  
2.229627115  
1.230984446  
1.717238111  
2.043841428  
2.140209728  
0.7764821434  
1.337912982  
0.05060591227  
-0.1056079382  
-1.413209589  
-2.344780235  
-3.584334338  
-2.586267117  
-1.472985157  
-0.4198596089  
0.6993626922  
-0.4591751123  
-0.2224245869  
0.5928973182  
0.01399112444  
1.136526426  
0.4278865812  
1.667577814  
-0.3402988233  
0.01497469834  
-0.05882612036  
-0.5462681212  
-1.525550134  
-1.611566716  
-0.7141288866  
0.3540103042  
1.507970739  
0.7825719406  
-0.04189656148  
-1.050534098  
0.5797433141  
-0.7996783944  
-0.8920007453  
-1.933118396  
-0.904345267  
-1.112721051  
-1.957938994  
-0.1504392345  
1.605789853  
2.558438924  
1.913253578  
-0.1942006466  
-0.3406641269  
-1.104773724  
-1.211980388  
-0.8380841099  
-0.4782205927  
0.8527929825  
2.433739888  
0.8274012688  
2.03592103  
2.327132267  
2.473133861  
3.199827563  
2.174296929  
1.578257803  
1.239695614  
0.2422417374  
-0.3633391142  
-1.24938159  
-2.546682365  
-1.214384392  
-0.8544733212  
0.07681702862  
1.320135911  
2.124714998  
1.89581516  
2.09273057  
2.051262744  
2.260404907  
1.483915476  
0.4951852041  
-0.5183588278  
-0.385525145  
0.2207159946  
0.4201821828  
1.01921606  
0.02578553815  
-2.067337118  
-2.543437427  
-2.019885826  
-2.516680191  
-1.556353339  
-0.5253557541  
-1.93015885  
-1.941516722  
-1.139133618  
-0.9977639287  
0.3166891184  
-0.9259847092  
-1.10865903  
-2.136272233  
-0.7036083811  
0.363729565  
1.32401166  
3.262436729  
2.780682637  
0.725472883  
0.8070291948  
1.334016985  
0.3189988087  
-0.7212336334  
-0.5008097244  
-0.6682259223  
-0.7361181123  
-0.4186722901  
0.162735639  
0.1112841654  
1.328307368  
0.813981121  
0.6475717439  
2.197814212  
1.600656202  
1.821584554  
1.460182429  
0.05966996482  
-2.266637037  
-2.806087312  
-3.031511372  
-2.465260717  
-0.5318794615  
-2.338073817  
-2.691944294  
-2.010430535  
-1.003415708  
0.4216833556  
0.443637644  
0.5012914983  
0.3915458284  
0.6503956455  
1.744484564  
0.6251170639  
0.8251658477  
-0.7038117126  
0.1858789686  
0.07331754065  
-0.9835877511  
-1.168434854  
-0.850572345  
-0.2104576142  
-0.6229615398  
-2.104210402  
-1.677179965  
-0.3620328689  
0.9849218042  
0.4564015804  
2.257358959  
2.304647423  
0.6900386717  
0.9819213843  
-0.3283051818  
-2.143618203  
-0.5840914432  
-1.090921476  
-0.8745090799  
-1.039162907  
-2.611317048  
-0.8948590972  
0.8322029908  
1.270404711  
1.917362903  
2.098569692  
1.311215972  
-0.3961729364  
-0.5532884072  
-0.8808500028  
-0.9529406733  
0.2029087643  
1.077144719  
1.002422427  
-1.405496106  
0.003108135678  
0.441625947  
0.2366374626  
