0.7943731675  
-2.709158789  
-4.151297044  
-6.144672142  
-5.633288344  
-2.914392902  
-0.430250254  
-0.04122158713  
2.82009247  
4.021691284  
4.244323989  
3.013661477  
-0.5823407515  
-1.95553931  
-1.534256491  
0.04204723146  
0.9045644045  
3.352803742  
4.140985534  
5.29302346  
5.184129497  
4.134053941  
3.034741133  
0.7074288059  
-1.512321834  
-0.0975396536  
0.4885542551  
-1.112001344  
-3.776356042  
-5.478205913  
-3.611527973  
-2.212245835  
-0.7605956756  
0.3739140583  
1.950285802  
2.04470312  
-0.2441692196  
-2.545145446  
0.4368112029  
1.425029111  
0.1614939036  
-1.382736903  
2.064114905  
3.197027866  
2.183034292  
3.216944506  
4.942999514  
4.874286919  
4.364199624  
3.307265972  
1.058374039  
-4.810838261  
-5.86651441  
-7.197733413  
-5.321856081  
-4.866329409  
-4.07827751  
-2.550074347  
-1.590445962  
-0.8978043469  
-0.8256517631  
-0.4753904403  
0.2700081913  
1.290735779  
1.960641827  
2.458362019  
1.610444329  
2.889526613  
3.744577992  
3.095905032  
3.446468052  
3.106691129  
3.012292981  
3.251677735  
2.417793516  
-2.748936048  
-4.310347129  
-4.317950675  
-5.017253864  
-5.506491806  
-5.114314244  
-2.757586118  
-0.5406058513  
-0.7230629508  
-0.2908977239  
0.6595156765  
1.910841141  
2.238035354  
0.6723072278  
-2.114596013  
-0.05496480308  
3.257413092  
4.475619218  
5.181783465  
5.409822933  
3.942727086  
1.41497692  
-2.124563977  
-5.437312347  
-5.491452618  
-3.765395191  
-0.8959396952  
-0.5276557433  
-2.506252711  
-0.5423249251  
0.7055998463  
3.309668342  
4.246996545  
3.377482988  
1.606978211  
2.45423167  
2.154011236  
1.817096381  
2.138513375  
-0.4250097483  
-0.8367436489  
-0.8802883713  
-0.9811278121  
-1.735516756  
-1.74091466  
0.8608557981  
2.817187242  
1.834151042  
-1.688530396  
-5.265321544  
-5.598652946  
-5.144981084  
-3.794984505  
-1.868410851  
0.01475419893  
1.242287366  
1.516686135  
3.57785806  
2.765896075  
2.581725339  
0.7885899385  
-1.59609708  
-3.856481509  
-4.103310114  
-2.353603759  
-1.324700924  
-2.918519005  
-3.772830528  
-0.9116245831  
1.123007531  
1.480421181  
3.357291729  
3.606002547  
5.275287277  
4.813343678  
5.122893582  
2.493925919  
0.5409445619  
0.9304271852  
0.6688039881  
2.751861043  
3.139331975  
0.6192734484  
-3.649362838  
-3.718131564  
-3.855648641  
-5.095440915  
-3.5042819  
-4.642751641  
-4.651736809  
-3.247726142  
-1.259503878  
-0.3095753779  
-0.04218642047  
0.6929843642  
1.239587485  
-0.6300800076  
0.4428458965  
0.9792271321  
3.110012051  
4.831075115  
4.569742427  
4.127194609  
1.038813927  
-0.4516817925  
-3.12160828  
-5.686654486  
-4.72917905  
-3.831301517  
-1.551434617  
-0.35560629  
1.153095508  
1.918519923  
3.558084792  
4.169265942  
2.727183649  
3.017834515  
3.551256072  
5.080141299  
4.745443454  
0.9779820444  
0.1536057122  
-0.581325033  
0.5332186019  
-0.4404950007  
-5.165489886  
-6.562048869  
-4.906055791  
-3.983791549  
-3.404696768  
-2.71309021  
0.5455602279  
2.439701892  
2.42578582  
0.7423507819  
-0.6342548732  
0.8686363312  
1.793036122  
1.748146361  
1.588509142  
2.836060343  
3.586936472  
1.961268325  
-1.241652401  
-3.063416736  
-1.308649847  
1.28320872  
-0.2358421666  
-3.187037279  
-4.34344229  
-2.544784974  
0.4030749282  
0.421725892  
2.278123872  
1.684721713  
2.430630014  
0.4388269712  
-3.98892043  
-6.345959355  
-4.444255002  
-0.5750925729  
0.9706799957  
-0.364127199  
0.6443904221  
0.7012979932  
0.290393152  
1.503712336  
1.287603872  
0.0398982255  
-1.547877823  
-1.730013495  
1.083909173  
2.375415184  
2.359586412  
2.6671607  
1.433269353  
1.970637003  
1.292894477  
-0.7480482669  
-4.963037453  
-2.742306891  
0.3987606315  
-0.5959219439  
1.020281271  
1.738533498  
2.373803542  
5.370263123  
5.091596721  
4.928066992  
2.721001164  
-0.1679797702  
-3.015658815  
-6.101564249  
-5.114764153  
-4.380974625  
-1.888773678  
-1.200751408  
-2.608591213  
-2.401645659  
-1.98576973  
0.7167461734  
0.8162092422  
0.0631425012  
0.2288290359  
-2.382430403  
-2.492268233  
-0.8433350327  
0.06175993026  
2.218590147  
2.376957294  
4.583060043  
5.428009337  
5.771933713  
5.410497639  
5.365194612  
3.087831275  
-1.508850631  
-5.938136212  
-6.9345504  
-7.156542468  
-2.835907643  
-3.636951985  
-4.349081553  
-3.17472718  
-1.559081109  
-1.548085968  
0.07530266536  
0.2414874777  
1.877940855  
3.86409777  
5.002903213  
4.896817877  
4.523193631  
4.771096657  
4.721144693  
3.841224345  
-0.5337225433  
-3.11402806  
-3.995248329  
-4.127529689  
-4.412972765  
-4.208245843  
-2.243674032  
0.4765980771  
-1.243723373  
-1.376304637  
-1.615951741  
-0.4766678538  
2.556340703  
3.883980482  
5.167233023  
5.352770941  
5.867701606  
4.443291481  
5.430365664  
3.941685955  
-1.754448005  
-6.389133229  
-4.61892488  
-4.071666066  
-4.7800154  
-5.244669751  
-1.777288792  
-1.213132286  
-1.378625451  
-0.2283531414  
-0.2234181822  
1.919816062  
2.3330878  
3.215258473  
2.758277265  
2.802762729  
-0.6418161687  
-4.641755129  
-4.700094755  
-4.185852327  
-1.246643833  
0.5127898296  
1.837748169  
3.383670902  
4.105393234  
3.688100427  
4.742598664  
2.936778184  
1.881045025  
0.9284744205  
-0.9154453751  
-4.143048516  
-4.604732248  
-4.575626931  
-5.008692285  
-2.425624722  
-0.4026385158  
0.1476658755  
-0.3436095123  
1.489299059  
-0.2141294516  
0.1614815753  
1.160870085  
1.021907486  
0.7333445151  
-1.323655445  
-3.636128136  
-4.897148396  
-2.985221683  
-0.5416404938  
1.175399671  
2.486740069  
2.329282386  
1.06729687  
0.8468801645  
-0.9029343885  
0.04765075302  
2.549271437  
3.143647243  
4.618310864  
4.708321497  
4.100807339  
5.822601905  
5.083090094  
4.975986608  
1.469568477  
-3.904248279  
-7.206268572  
-3.981450619  
-1.521349708  
-4.906522559  
-5.842760195  
-3.917055466  
-4.495234103  
-3.788598649  
-0.7711211545  
1.063108335  
3.072123186e-05  
-1.390192466  
-0.7596020611  
1.630880543  
1.589808974  
1.543767181  
0.457723616  
0.5857295372  
1.655431281  
3.590902275  
4.393107725  
4.961533297  
3.730769232  
2.933435477  
1.279567419  
2.000037314  
2.073472742  
-0.3324686609  
-2.889495887  
-4.17596404  
-2.450822632  
-0.9187036107  
1.420122051  
1.862124314  
0.8340699004  
1.516608598  
0.3728631696  
-1.622767406  
-3.471924377  
-3.955040253  
-3.880759135  
-2.555422009  
-2.72956924  
-2.085833445  
-2.011975843  
-1.111610455  
1.602613695  
2.503996071  
2.62675548  
0.1763311186  
1.438126508  
1.735632845  
3.032414128  
1.659604588  
2.271383813  
2.823228475  
1.382236339  
0.2624783619  
-3.067091402  
-2.69370762  
-1.705734642  
-3.483646425  
-2.622887314  
-0.722824534  
0.8090284352  
2.037434906  
2.243992976  
1.903447177  
2.832952951  
3.572564331  
3.113368487  
1.311238989  
-0.5994590906  
-1.113842127  
-3.243618184  
-2.463198563  
-1.740744575  
0.01205161508  
1.095867917  
2.079477479  
1.702137628  
0.9492169215  
0.4428946859  
-0.6609383846  
-0.6303987841  
0.1575843217  
3.030903305  
3.543547426  
0.623341079  
-1.648823681  
-2.428824809  
0.1093986835  
3.338125536  
3.834158236  
2.241855966  
-1.124538653  
-3.538740643  
-5.234855376  
-4.996869292  
-3.189684524  
-1.612509314  
-1.202936458  
-0.1602767935  
0.8546266893  
-0.2494312232  
-2.94668457  
-3.370637039  
-1.871651673  
-0.4932459515  
0.3706829113  
2.168459317  
3.184091127  
5.002115571  
4.732622355  
3.729150854  
3.816186542  
5.737198388  
6.353733183  
4.728239  
3.671740259  
5.186172043  
3.522766363  
0.4530087162  
-3.338276273  
-5.416995468  
-4.496064316  
-1.183386129  
-2.104749621  
-5.803604624  
-4.618701345  
-3.630485744  
-4.217056189  
-4.1775949  
-3.762548029  
-2.720287482  
-0.825295037  
1.036624401  
-0.2909178466  
-3.370738395  
-4.729674204  
-4.839820978  
-1.722513973  
-0.8956142683  
-0.7808120632  
-2.935121251  
-2.13771684  
-1.202902105  
2.215422863  
4.147012314  
4.725353601  
4.159063968  
4.252440955  
5.436145086  
5.863098465  
4.794449678  
3.466825737  
0.6551420711  
0.8199931836  
-3.607752755  
-5.868859033  
-4.673791729  
-3.577772707  
-1.581683953  
-1.670904941  
-0.7244104322  
-0.4149149323  
-0.9341423687  
-1.361585341  
-4.500088227  
-4.80799955  
-1.035385654  
0.1396937901  
0.1666522106  
-0.5735985638  
-2.090358249  
-2.000300717  
0.9937625173  
3.487276911  
4.832674776  
5.453520939  
5.069189636  
5.404702894  
3.998160302  
2.66468448  
1.497371283  
1.244907185  
-0.2915515333  
-2.147168168  
-2.570686991  
-2.514172449  
-3.880806898  
-5.158456472  
