0.09705645378  
-0.6739401386  
-0.5963119825  
1.3653993  
0.3854332248  
-1.050937612  
-0.2030190368  
0.3230172571  
-1.152020882  
-2.721038544  
-0.1026197737  
0.1721754633  
-1.531345338  
-0.6506171584  
0.9811990454  
3.01350558  
3.276247557  
0.8020653858  
1.193533356  
2.377732227  
1.540139732  
-1.162693029  
-1.837188764  
-0.8752823176  
-1.162471851  
-2.005887368  
-2.559208279  
-1.265430623  
1.114258432  
0.7330035492  
0.3892844959  
0.7580887065  
3.145507149  
1.23305663  
-1.74705658  
-0.9351102058  
1.627286104  
0.7121392811  
-1.336681637  
-1.208775423  
1.732184425  
1.059795437  
-0.9491314257  
-0.5282612593  
1.18824317  
-0.2117744342  
-1.509845177  
-1.715365414  
-1.700425172  
-2.501799463  
-3.673290847  
-1.363278743  
0.5500417642  
0.520516522  
-0.4015432445  
0.4321407937  
3.391427975  
3.07143799  
0.0694956642  
0.3030878044  
0.4691881089  
0.6772706692  
0.1939927334  
0.0366208927  
-0.4231298805  
1.989446506  
0.9041270949  
-1.105467588  
-0.9455227158  
-0.750888588  
-0.9734026705  
-1.894980177  
-2.726878859  
-2.219821438  
-0.5025724201  
0.1242712397  
-1.12808865  
-0.1729834009  
0.6159706161  
1.541304606  
1.648581514  
1.667382338  
1.213058  
1.688001909  
2.327408831  
1.74820223  
-0.1960096256  
-0.8089886492  
0.3767811177  
0.5083463507  
-1.728084348  
-1.889025577  
-0.242073345  
1.870927459  
1.61052397  
-0.3937790293  
-1.095795138  
-0.2761395875  
1.342503366  
1.157978386  
0.2545621013  
-0.903292206  
-0.9594233535  
1.103581462  
0.4933725501  
-2.300130117  
-3.505030813  
-1.878521311  
0.2237624806  
0.4145852174  
0.5057357407  
-0.1538598739  
0.109130049  
1.900747909  
2.304613233  
0.1926552299  
0.4195727851  
0.8558038507  
2.09778245  
1.368860463  
0.2483444257  
-0.6072903806  
0.9908503092  
1.403696413  
-0.3240546444  
-1.451882494  
-0.164410297  
0.7672156149  
-1.246865629  
-2.252083059  
-2.473454302  
-0.7353434895  
-1.255139178  
-2.469977582  
-2.40388266  
-2.087983866  
-0.4277819795  
0.5604898514  
-0.7007623802  
-0.825057138  
0.03127636642  
2.79962019  
2.607829559  
2.215517481  
2.544220576  
2.810781934  
0.7995361431  
-0.08081504409  
-1.177065168  
-1.974747549  
-2.649213631  
-2.331401137  
-1.499336729  
-0.9395762451  
-2.121384682  
-2.60205668  
-0.3062584444  
2.536417294  
2.992358848  
0.7024044544  
0.02460018987  
1.430451817  
2.477148005  
2.160978446  
0.5003566542  
-0.3894074846  
-0.2633793902  
0.6249281279  
0.1270661447  
-2.331301595  
-1.83168278  
0.5655880743  
-0.426853438  
0.8954190579  
0.6077815734  
0.9735916809  
0.8507873513  
0.9825919336  
0.7400674613  
-0.4374682613  
-0.9807639485  
-0.05497891709  
0.7102916158  
0.3046956819  
-0.4566883716  
-0.6518288316  
-0.2734607341  
-2.530845245  
-3.998439635  
-3.543875371  
-0.7957344303  
1.249246071  
1.225629607  
1.571717119  
1.250537857  
2.874001649  
1.272488126  
-0.2548930251  
-1.739720172  
0.4768734163  
0.8871667151  
0.5156213403  
-0.194916155  
0.1877260213  
2.175316959  
2.92314957  
1.503196307  
0.5059911679  
0.02442657094  
-0.7808724987  
-1.840847564  
-3.574866191  
-3.899084928  
-1.606574731  
-0.8045978284  
-1.461504041  
-2.341123564  
-1.054324009  
1.480225241  
2.677920431  
3.33872601  
3.005207889  
0.9518916619  
0.908632023  
-0.5730922298  
-0.8792907346  
-1.255161696  
-0.4581169439  
-0.07441929974  
-0.007653587145  
-1.180175725  
-0.1938837902  
1.19405466  
1.477932191  
1.976142135  
1.353643522  
0.8402168796  
0.2851278055  
0.304419151  
-0.4939656094  
-1.370549763  
-0.07490346172  
-0.6410399574  
-0.2423409444  
-0.1452093426  
-0.6644794951  
-0.9545876719  
-0.4516282325  
0.3500239683  
0.5528662339  
-0.3550739628  
-1.232728374  
-1.595781488  
0.883488321  
0.5341531617  
0.4375595948  
0.112013763  
0.8000627363  
1.329058505  
0.3811897089  
-0.2423549342  
-1.062008817  
-0.06726254748  
1.317402869  
1.414932981  
0.3683802439  
-1.132329624  
-1.315838185  
-0.9240595098  
-0.3987668377  
-0.9035523628  
-0.1355267931  
1.731794848  
2.170339484  
1.644823255  
-0.6533793927  
-1.16206001  
-0.3446934536  
0.155968795  
-0.3448872418  
-1.57027934  
-0.9972798363  
1.613076138  
0.958915968  
1.546546002  
-0.369854354  
0.6785084828  
0.05202127606  
1.116150029  
-0.2304987906  
-0.4640753253  
-1.223051492  
-2.504383445  
0.3577699947  
0.5779915512  
-0.7399278827  
-1.308290744  
-0.3171348063  
-0.3546955112  
-0.1104482309  
1.755275264  
2.61854778  
2.503703543  
-0.1185407989  
-1.398266503  
-0.03745852613  
1.491337171  
0.6949792508  
-0.2167032717  
-0.2932631768  
0.04677057378  
-0.5578585906  
-1.868212514  
-2.203146748  
-2.2097564  
-0.4703442017  
0.8172194338  
1.345030344  
0.8199013585  
1.267115578  
2.260107627  
1.576297931  
-0.3915012411  
-2.23797889  
-1.970724621  
-1.380295121  
-0.03793087655  
-0.06979221761  
-0.1000240357  
-0.286878351  
-1.57384773  
-1.96051572  
-0.007263597148  
1.203211818  
1.096663848  
0.2470657583  
0.4199565288  
-0.04286315561  
1.339316947  
-0.3003868431  
-0.05253975706  
-1.22963859  
-1.061683346  
-0.02571768481  
1.481515226  
1.498950056  
-0.8856199979  
-1.67289401  
0.2018037872  
1.810045436  
1.302138056  
0.9328548313  
-0.7219022614  
-0.7328459034  
-0.6594674953  
1.214478301  
2.684577095  
1.525840968  
0.2735539254  
-0.3035690345  
-0.7311446951  
0.7682392046  
0.3444009164  
-0.6233377178  
-0.2078288364  
0.5763369837  
0.4881303558  
0.05623973581  
-1.678595807  
-3.123811508  
-3.387280425  
-1.436396971  
-1.849101012  
-2.37845533  
-2.50177621  
-1.821125096  
0.386871935  
-0.03972941861  
-0.9015472129  
-0.7311851059  
0.2572690392  
2.529896156  
0.4423299064  
-1.584404399  
-0.6840732304  
0.2681321403  
1.129036318  
0.8406131217  
1.512056592  
1.405588648  
1.329887887  
2.390866811  
2.332087058  
-0.7359466508  
-1.677782359  
-1.776181558  
0.5866742734  
0.4073995836  
-0.2477111944  
-0.9823079998  
0.07005363276  
0.8981643464  
1.388629295  
1.076699102  
-0.3364137521  
-0.8098184273  
0.851227874  
1.645284902  
1.916496761  
0.24631428  
-1.463719866  
-2.972520143  
-2.330785393  
-1.195026902  
1.390328146  
0.6863421442  
0.381669891  
0.2250185815  
0.9689090151  
1.372877618  
1.399998126  
0.2397253754  
0.703849521  
-0.1110493889  
-1.137411662  
-0.9926182178  
-0.3340947269  
2.328300757  
2.716894969  
2.558579787  
1.137444196  
-0.04314375758  
0.5190323816  
-1.41519289  
-1.55145403  
-2.865309201  
-2.123708676  
0.1023713791  
0.2120768561  
-0.1322179178  
-0.1572453919  
1.119888278  
0.1626805597  
-0.8343545736  
-2.160017212  
-2.259360671  
-0.5835514553  
0.04036068221  
-2.16304811  
-2.703488897  
-1.162515421  
-0.2765545819  
-0.9280515975  
-1.187942819  
1.079264774  
4.015533667  
2.663948927  
1.640785158  
0.9827387774  
1.74346277  
1.064731361  
0.1370347361  
-1.30926441  
-1.540987429  
0.3030858791  
-0.6870200861  
-1.180719632  
-2.219722409  
-3.177947768  
-1.772872556  
1.859521455  
1.861861549  
1.043351131  
0.4276399901  
1.326511592  
1.499097678  
1.437540527  
1.727042542  
1.692541314  
1.557635865  
1.746158023  
1.446134785  
0.9688762383  
0.6336637935  
-0.3109687862  
-0.3552251491  
0.7962537749  
-0.1032893066  
-0.7455404184  
0.4324060977  
-0.6864270324  
-0.6331068219  
1.31372703  
1.379947381  
1.390777109  
0.9481681405  
-0.2187162378  
-1.11973085  
-0.5063642511  
-0.006547598514  
-0.2349029576  
-0.9551020992  
-1.318840429  
-2.772627715  
-1.973908385  
1.857696369  
2.506401985  
1.589178848  
0.1217017429  
-2.334523075  
-2.670874622  
-1.687841686  
-1.842812726  
0.1237385457  
-0.2895262634  
-1.062406193  
0.294014918  
2.538398718  
1.805746319  
1.324408882  
2.240097683  
1.651509662  
-0.5942616214  
-0.3772725547  
-0.7885054622  
-1.998529343  
-1.29773081  
-1.008294311  
-0.9051262519  
-1.257458761  
0.6272443971  
2.0294096  
0.4479078192  
0.9183020325  
0.2702422881  
0.03034269569  
1.121090094  
0.4844800312  
-0.06911849771  
0.2075263989  
-0.3223605124  
-0.7425659488  
0.5175825596  
-0.4822820288  
-1.539196799  
-1.610916304  
-3.463212381  
-1.283715324  
-0.2867551925  
-0.140410304  
0.2678550036  
0.04753449417  
-0.3830420432  
0.2699632897  
1.220694918  
1.677617628  
0.9254487336  
-0.8732711865  
-1.050110425  
0.3644842409  
-0.2065153473  
-1.769995909  
-1.170124099  
-1.246816942  
-0.4555565347  
1.861318358  
2.0298651  
1.262191505  
0.1067526185  
-0.3626022738  
0.5249765345  
1.770355009  
0.2349862288  
-0.1251845002  
0.3605430765  
-0.2442414198  
0.3885304183  
1.832047699  
2.12530158  
0.6238415425  
0.08634866761  
-0.8775815861  
-1.556345516  
-0.700080792  
0.5895935617  
0.7879165341  
-0.4762485614  
-1.527110779  
-1.775119002  
-0.09842093608  
