-0.488175506  
-2.990650349  
-0.9481099421  
2.325376408  
0.9630192698  
-0.819157414  
1.289013357  
0.08726974594  
-1.932037883  
-2.65577596  
0.883558699  
-0.5328177572  
-1.794701468  
1.161642683  
2.269307599  
1.649981063  
1.007170635  
-0.7736011144  
0.8959019952  
3.232181361  
0.6381547673  
-1.090829116  
-1.16911161  
0.135844919  
-0.5040376934  
-0.471778862  
-1.04681096  
0.2046645075  
1.067850482  
-0.9895539528  
-1.549976597  
0.486144735  
2.978403762  
0.0002045469453  
-0.1185001256  
1.580062895  
0.05161291955  
-0.9833059983  
-0.448241082  
0.3305622079  
1.968153498  
0.6859202325  
-1.224643387  
0.06334876323  
0.8745711576  
-1.972022957  
-0.9198392131  
0.01781065301  
-0.07161971255  
-0.8881484851  
-1.368168924  
-0.665485828  
-0.6423599422  
0.4820260056  
-1.003440881  
0.7292808224  
2.141130962  
0.03222976164  
-1.065813688  
0.8572645758  
1.952866758  
-0.363667468  
-0.9518141204  
-0.3712676533  
0.6063206147  
1.76420591  
-0.7401609882  
-1.239728186  
2.094117557  
2.804430269  
0.5635546505  
0.3744952591  
-0.3165063813  
-1.637277008  
1.885553008  
0.9174683068  
-1.152589959  
-0.147610989  
-0.2023419801  
-0.5771400467  
-1.449572457  
-2.410807383  
0.7944290022  
0.3632760324  
-0.6074855303  
0.1744629735  
-0.6216019605  
-0.1482415217  
2.750540298  
1.515718226  
-0.09399904097  
0.4082228815  
-0.07357237322  
-0.6040277369  
-2.135061129  
-1.392881476  
-1.251710752  
-1.014677511  
2.381986039  
0.05985222229  
-0.8134171867  
-2.179331241  
-0.3604890948  
2.633515532  
0.1565535176  
-1.069979979  
-0.3136388521  
-0.1032060616  
1.726192727  
-0.4592239403  
-1.267005329  
-0.07984182747  
1.46680298  
2.152238586  
-0.2464895125  
-2.45746257  
-0.698649079  
1.023593035  
0.7049933198  
0.5843879018  
-0.5903422752  
-0.02177137577  
1.28291063  
-1.14605739  
-0.4801176713  
0.3811467333  
1.623095188  
-0.6670195868  
-2.120852048  
-2.120643076  
-0.8303600297  
1.828010549  
1.505305478  
-0.3619798745  
-0.6581505654  
0.02001049735  
1.022167142  
0.2235055629  
-0.4179685857  
0.0563791572  
0.4937403688  
1.376974529  
0.4084374232  
-1.241610327  
-0.3659701626  
1.336685022  
-0.1763467339  
-0.2409235145  
-0.5884888148  
-0.3617177278  
0.5561568148  
0.5616117453  
0.9464024895  
0.6201893203  
-1.043859208  
0.4697739567  
0.4727441372  
0.605923337  
-0.360273024  
-1.380886496  
0.25487009  
1.337296669  
0.1860923568  
-0.2287680363  
-1.33763284  
-0.7822985422  
0.4801990994  
0.3201489513  
0.7815809848  
-0.7208227139  
-1.166122326  
1.008418565  
0.219711971  
-0.1553673093  
-1.609170326  
1.136803699  
0.9917110891  
0.50623039  
-1.268530185  
-2.525131465  
-0.9778356044  
0.5080014995  
-0.23758192  
-1.391789216  
-1.926654513  
-1.41138799  
0.4927743875  
-0.08657543774  
-1.547554934  
0.0129078786  
1.999807979  
1.322201751  
-0.8728851283  
0.3244542721  
1.555427203  
2.04023726  
-0.2183829773  
-0.6146106259  
-1.960606995  
-0.6081794884  
-0.5339464019  
-0.4914901898  
0.2943098689  
0.07004133277  
3.161252625  
1.977459272  
-1.381958003  
-0.6461657202  
-0.7118972324  
1.119517869  
0.6746472487  
-1.014719472  
0.7674972331  
0.6003357242  
-0.7967299113  
-0.8859760482  
-0.7974731283  
0.3369211167  
2.100203744  
0.8355567498  
-1.93073627  
-1.529878042  
0.9226128919  
1.78938537  
0.8755149981  
1.11018645  
0.4870324544  
1.394419024  
1.91825376  
-0.2645388787  
-1.761810605  
0.6859305274  
0.876365674  
0.05864650289  
-0.749336161  
-3.216455256  
-0.9506339085  
0.9522073945  
0.700673145  
-0.02342108646  
-0.5014857155  
0.2317106387  
0.8339216522  
1.359028843  
-0.4501642514  
-1.101606486  
-0.3293109698  
-0.2838326767  
1.977159849  
0.3479793356  
-2.028940479  
-2.298225689  
-0.8244908864  
0.8613656783  
-0.5318641199  
-2.552048024  
-1.78742083  
0.3528150443  
1.464698393  
0.6348108948  
0.2370323027  
0.07568372513  
-0.04127768902  
0.4851789776  
-0.05873208848  
-0.7002883994  
0.1841813711  
1.581506844  
1.877836854  
-0.7644601573  
-1.682143885  
-0.1736530984  
0.9358451928  
1.25152348  
1.560888179  
0.6998078669  
0.3873639435  
-0.4648503544  
0.05222753925  
-1.305149749  
-1.455312765  
-0.5469592875  
1.532401017  
0.6810325306  
-0.788816544  
-2.495302592  
-1.668613048  
-1.097384168  
2.120233718  
1.339979053  
1.129510937  
-0.03669804834  
-1.212107894  
0.09728598498  
0.1512584085  
1.019074184  
0.03108276782  
-0.3512774278  
-0.7071315576  
-0.08680607971  
0.6722364293  
0.5451985232  
-1.454813455  
-1.732041445  
-0.4054957651  
0.1334357157  
0.4854462444  
-0.1560503531  
-0.8374004503  
-0.5206063132  
1.224479175  
1.791885946  
0.1458950304  
0.817264652  
1.81249206  
2.031904812  
-0.5959400146  
-2.654547655  
0.4890215978  
2.767958709  
0.8927475084  
-1.275643175  
-2.284871789  
-1.793878977  
-1.401226192  
-0.840625124  
1.597372649  
0.28501437  
-1.124977425  
-1.310523145  
-0.4067743366  
1.366442237  
2.628609141  
2.520642848  
-0.254289786  
-1.267016822  
-1.55299844  
-1.901512052  
0.8019211096  
-0.09182417695  
-0.8890437021  
-0.5345199338  
0.6095042699  
0.9977716858  
1.146921872  
0.8390907049  
-0.5474390322  
0.7274341076  
1.548520084  
2.433308092  
-0.4153051506  
-2.796559923  
-1.683923988  
0.2556097095  
0.3234302799  
1.859464833  
1.038664956  
-1.00319107  
-1.794843409  
0.08802275013  
1.629624363  
2.422954556  
1.332725157  
-0.07281239683  
-0.4816641933  
-0.2932619239  
-0.4787064916  
-0.9366658243  
-1.482309824  
0.2391905505  
0.7215442106  
0.6629955499  
-0.9122836711  
-2.757472455  
-1.742407486  
0.03760564097  
1.927686937  
1.312959815  
-1.300547208  
-1.670115475  
-2.257230668  
-0.6257317252  
-1.038857112  
-1.176286742  
0.4534271033  
2.169680363  
0.792246448  
-0.4623146769  
-0.357548941  
0.3846068591  
1.342999814  
2.249878238  
0.8069819165  
-1.553274554  
-1.157771846  
-0.5626222824  
1.215387278  
1.464982477  
0.4483305221  
-0.571642254  
-0.8472704577  
-0.8038070299  
1.51491965  
0.352204273  
-1.666011135  
-1.320437158  
-0.3447879592  
0.2493973447  
0.514676529  
-0.4406110897  
-1.227581043  
-0.06029230546  
1.562569399  
1.620423654  
1.968737395  
0.2313916695  
-0.5496725625  
-2.285246176  
-0.6054103753  
1.360860005  
3.077561644  
0.06153247895  
-2.294390891  
-2.963917942  
-1.021780584  
1.488122349  
2.551987415  
3.185736913  
0.6563402813  
-1.401701129  
-1.553629125  
-0.6292048659  
1.024611799  
1.3335942  
-1.081315965  
-1.334057195  
-1.285267271  
-0.3615034268  
0.2780855613  
-0.3196687636  
0.1722302692  
1.800142691  
-0.2992631019  
-3.50995141  
-4.102057887  
-1.548860329  
1.131863243  
0.03297181068  
-0.8127200944  
-0.5059969652  
-0.01532286339  
-0.8673581746  
-0.7269986531  
-1.214419945  
1.49388635  
1.610531104  
-0.2011665168  
-0.8571565537  
-1.162077126  
1.160006799  
0.2597375609  
-0.6691094717  
0.5834131379  
1.078251801  
0.7850982348  
-0.9573635692  
-2.314329119  
-0.2562860814  
1.726145953  
1.596860535  
4.064530189  
2.415710082  
0.01551924134  
-0.4560668484  
0.5352763651  
2.227517439  
2.064840731  
0.04420706272  
-1.688380675  
0.01978758935  
1.618412509  
1.501151231  
0.3586181999  
0.1368760157  
0.683757627  
0.9040422892  
2.124678488  
1.335652716  
-0.4633626606  
-1.68437099  
-0.7522877409  
0.3637533327  
2.563421966  
0.05265997993  
-1.642705223  
-1.273039369  
-1.230749272  
-0.6833363496  
1.080055002  
2.139050218  
0.9549495934  
-1.465895598  
-2.004183778  
-0.1587386504  
1.089542899  
2.764460815  
1.037415819  
-1.413032452  
-2.323753392  
-1.575045097  
-0.1104232017  
2.04161043  
0.04463095686  
-1.2812277  
-1.987040989  
-1.730415795  
-1.300476986  
0.9198338824  
1.733715459  
-0.528558383  
-1.83279767  
-1.092154352  
-0.4241298631  
1.247385214  
3.250588995  
0.1153670357  
-1.523531155  
-1.978374549  
-0.7526388544  
0.7301816222  
1.283429567  
3.46073249  
1.793823714  
-1.216927852  
-2.89235571  
-1.410097814  
-0.8435483099  
-1.540868612  
-2.419639317  
-1.919681908  
-0.1456462569  
0.6866686935  
2.217111959  
0.4871078461  
-1.965274992  
-0.5700692924  
0.3368678886  
2.708908417  
1.342421284  
0.5128247203  
-0.2557652055  
-1.169741858  
0.9947257974  
1.274649272  
2.414160438  
3.736662089  
-0.05994740174  
-3.687453695  
-2.168199608  
0.6150664152  
-0.1691012844  
-1.089984933  
-1.944329538  
-1.863569422  
-0.5933945715  
2.17961636  
0.4479405035  
-0.8392576761  
-1.594988139  
-0.9899744486  
0.1685155051  
1.139137219  
0.04674495349  
-1.529718646  
-1.920141454  
-0.3140695305  
0.8354070205  
1.485882133  
2.230594949  
0.7830410289  
-0.5627561418  
-0.3995299512  
0.4018034446  
0.3061617256  
1.846541206  
0.5187180687  
-0.4259194667  
-0.8894759155  
-1.332156127  
0.6208962921  
