-1.528828941  
-1.074533817  
0.1209942604  
-0.8297823482  
-0.05263226829  
-0.5093478256  
0.1153666224  
1.655423919  
0.6334306653  
0.7783514766  
1.617764655  
0.6821237063  
-0.5196531206  
-0.3677950891  
0.6309217625  
0.1353990408  
0.9610043415  
-0.3789858733  
0.2712552699  
0.5159888488  
-1.56968419  
-1.393531622  
-0.4562758002  
0.7296829813  
-0.09395456934  
-0.01805528565  
0.3758741182  
0.6869373618  
-0.7121935923  
-0.5234937093  
-0.1502687143  
0.06104391235  
-0.5033210927  
-1.950783477  
-1.76897321  
0.5934809697  
0.4245631863  
-0.1239016436  
1.050371715  
2.275632561  
0.002339291802  
-1.292249422  
-2.02870015  
1.12358565  
1.294878948  
0.6130558229  
1.227068802  
2.274430554  
-0.4546608315  
-0.1416270923  
0.4730204062  
2.111476973  
0.2343349336  
0.3514087315  
-0.3076058795  
-0.4795439806  
-0.9107625898  
-1.586886551  
-3.29689183  
-2.746418218  
-1.002827001  
-1.190243537  
-1.36095336  
-0.1144329755  
0.6552488247  
-0.01160887318  
-0.1719405307  
-0.8894162694  
0.9386795273  
1.801388414  
0.02584179017  
0.4634685758  
2.379764144  
1.802450323  
0.5409909396  
0.01509615181  
-1.819797688  
0.6992108988  
2.096227917  
-0.922184008  
-1.268412535  
-1.072858686  
-1.271391375  
0.5689785828  
-1.537107873  
-2.016893539  
0.6179466071  
1.948889049  
-0.7358447148  
0.2893716902  
-1.183989916  
0.714270496  
2.198948928  
2.735152797  
0.6212032816  
-0.8384603964  
-1.016886953  
0.3388332352  
-0.25037206  
-1.284737135  
-1.422262307  
0.559662647  
1.877232365  
1.954727827  
-0.2030395679  
-1.624314594  
0.06770610793  
1.576095457  
0.3611649091  
0.5306657169  
-0.07709149263  
-1.777054339  
-0.1125068999  
-0.2262603557  
-0.222413808  
-0.608039342  
0.913109156  
2.816706979  
1.185360935  
0.6016193005  
-0.9680881525  
-0.08028599922  
0.660347877  
-0.5336071125  
-0.3615957246  
0.09378019133  
1.114284864  
-0.8244994824  
-1.898861791  
-1.483308341  
-0.5441632571  
-0.6680398569  
-1.596536222  
-1.241075257  
0.1494772755  
1.022977044  
-0.6531342381  
-0.4958543153  
-0.5857218477  
0.001794655297  
0.8040757521  
-1.96515661  
-2.287249426  
-0.9555537671  
0.7845988509  
0.4055143188  
0.07323845483  
1.573716515  
1.238730666  
1.773876266  
2.740475058  
2.63874757  
1.374692242  
0.6980581803  
-0.7741799832  
0.3078462049  
1.597081657  
0.6128693521  
-0.1745819974  
-1.686067825  
-1.894236211  
-1.490292247  
-3.161000278  
-1.290651152  
0.5078683206  
0.4896020376  
0.3415294956  
-1.216271861  
-1.723643193  
0.607422961  
2.96354544  
2.277414279  
-0.2393997449  
0.9233967131  
0.5645001795  
1.25795964  
-0.06525823465  
-0.7893929093  
0.4763896709  
0.8874330664  
-0.186476869  
0.6666604643  
-1.979764592  
-4.279294129  
-2.301572199  
-1.231514227  
-2.452460215  
-1.044568092  
-0.7213875213  
1.508289167  
0.05782908675  
-0.3355309905  
-0.5982821068  
0.6867663012  
2.233741427  
1.756636955  
-0.4538149553  
0.9089929282  
0.7323308629  
1.300707272  
-0.2020484089  
-1.104226592  
0.3914437016  
1.569773795  
-0.02962595208  
-0.674072531  
-1.804731749  
-0.274001503  
0.6701907083  
-0.5130008118  
-1.760944045  
-1.857781071  
-0.8971708174  
1.005781066  
-0.2954966555  
-0.4577235756  
2.308700819  
2.358286029  
0.1276512674  
-0.5725518092  
-1.112292744  
-0.004019247741  
0.4600809882  
0.581110812  
-0.4619505325  
0.4370861589  
0.6349161809  
2.730947453  
2.082381309  
1.826594896  
-0.08957949267  
-0.1649194484  
0.3486446225  
-1.196305576  
-1.914028603  
0.03933883847  
-0.3946629488  
-1.178410977  
-1.506964185  
-0.391455597  
-0.6465467649  
0.5835443435  
1.610806831  
-0.3375846826  
0.274724903  
-0.5351416904  
0.1525047869  
0.4109904639  
1.236037339  
-0.4185632573  
-1.539924071  
0.653292867  
1.397359352  
-0.2017626016  
-0.7480178553  
-0.8712756621  
-0.2823645286  
0.1196837237  
-0.4742816412  
-0.322952032  
0.2422461074  
0.9348420046  
3.150382429  
2.136970409  
1.011419442  
0.3479715337  
0.03836157201  
0.8334021193  
-1.71189099  
-2.163020237  
0.3229632228  
1.644943009  
1.028863926  
-0.05416764127  
-0.926899164  
-2.543525665  
-2.390344081  
-0.5651736993  
-0.8787025933  
-0.2499159695  
0.4729951174  
1.569009812  
1.330861967  
0.1429590954  
0.4196284714  
-0.5452167367  
-0.7613695853  
1.783615708  
1.525005962  
-0.4448603249  
-0.5070387046  
1.252354652  
0.2796348072  
-1.418855374  
-1.578310719  
2.774894677  
-0.1916966679  
-0.6608841442  
0.2520231564  
-0.8153147993  
-0.1099149292  
-0.1563719974  
-1.852118182  
-1.848934942  
0.7884294165  
0.291198476  
0.5623421072  
-0.1848831377  
-0.8652099409  
1.758989739  
-0.6066043239  
0.1329539305  
-1.511735094  
-0.5457806877  
1.681333557  
0.6588458078  
-0.04177328046  
-0.02829867559  
0.6398154381  
0.1644915644  
0.01257035968  
0.4464906694  
-0.153651885  
0.4986445874  
0.520493447  
1.371126699  
0.06069410363  
0.3899107677  
0.3110009091  
-0.0284950459  
1.108814787  
0.5737258391  
0.8028072139  
-0.509817493  
-1.800911691  
-2.374594173  
0.5427199118  
1.324039745  
-1.163059072  
-2.331012048  
-2.782615551  
-0.3437610873  
0.5387311684  
0.9251530209  
-0.3998176622  
0.05248474996  
-1.076345406  
0.0422152417  
1.664353964  
0.2449671137  
1.204555368  
-1.002096797  
1.792025551  
2.157651793  
2.945142251  
1.201340053  
-0.1812434875  
-1.361580206  
-0.6597647034  
-0.1575256517  
1.694813849  
0.2002294894  
-0.07623353982  
-0.2540835352  
0.4116145549  
0.259874241  
-1.718872397  
-3.255883367  
-3.831663517  
-2.253052181  
-0.1784926977  
-0.8862172843  
-0.4841169691  
0.5699230363  
1.214440154  
0.5178798395  
-0.2096436688  
0.09799974845  
0.03322571758  
0.5400293051  
0.4040082021  
-2.083813282  
-2.361543779  
-1.763109604  
0.9559248056  
0.3020516413  
0.6299808973  
-0.167565692  
0.9164611509  
2.330725941  
2.718442068  
1.254912329  
0.5507755922  
0.2580659638  
0.6195949434  
2.156424232  
1.750735454  
0.1398449835  
0.3268446543  
0.1081660689  
0.02895294067  
1.519869235  
-1.066044635  
-1.881322204  
-2.650035371  
-1.039799454  
1.124024559  
-0.05068345389  
-1.27058798  
-1.644619076  
-2.341486011  
-0.9272309126  
-0.111281603  
1.553031616  
1.834394267  
-0.04329964458  
0.2761112909  
1.405233928  
2.269935492  
1.04732968  
-1.124349589  
-1.723423622  
-0.9360600332  
-0.7596636168  
1.232244798  
2.818575309  
2.442530354  
0.8685678346  
-0.6589760728  
-1.472217361  
-1.211534907  
0.04128900439  
0.3839437814  
-1.657306746  
-1.401686868  
0.2890719574  
1.551105118  
1.030537509  
-0.387005521  
-0.02083448347  
0.1471669271  
0.09291584711  
-0.709307577  
-1.273826292  
-1.191615654  
0.4555630584  
-0.4681555154  
-1.08958664  
-1.676278517  
0.8489614049  
0.8636671177  
0.08989940915  
0.5259804379  
0.7623945413  
0.9933380421  
-0.2434591193  
-2.52606605  
-0.7644015432  
0.2304323882  
0.2695037211  
-0.9071428482  
-2.485603454  
-1.320218564  
0.2764027344  
-1.197968917  
-0.9437693302  
0.01831989232  
1.26978651  
1.18343071  
1.780291074  
1.396961872  
1.228325418  
0.5899277559  
1.876576414  
2.271359065  
0.03727295977  
-1.045749393  
-2.648267791  
-1.22769573  
1.213902683  
1.292072585  
0.1858490158  
-0.5238665944  
0.7542948999  
0.690586765  
1.633168396  
0.8332832885  
-0.2846677285  
-0.5203562123  
-1.191111425  
0.257738238  
1.967689037  
1.5853006  
-0.1181590191  
-1.140314324  
-1.011313584  
-0.8542268083  
0.8346382301  
2.010464578  
0.8393622653  
0.2853318285  
-2.330227747  
-1.068580315  
0.9853613602  
1.15774658  
0.3098482833  
0.711619462  
-0.68242607  
0.2690050322  
1.698056205  
1.622216495  
-0.5719584773  
-1.023538633  
-0.3419511349  
0.5171286362  
0.8833429606  
1.629127029  
0.1432109188  
-0.9848351146  
-1.740655704  
-1.107261743  
-0.7661185832  
0.4744563356  
0.5995046353  
0.4943928825  
-0.3629338151  
-0.981020479  
-0.855436371  
0.06188027706  
2.018541257  
2.268798306  
1.77328075  
0.03197196767  
-1.251051065  
-0.9032944471  
1.410831633  
-0.6404947133  
-1.18538495  
-2.765904273  
-1.489060236  
-0.3037271398  
0.4317168105  
0.3348071713  
-0.8177779122  
-1.459611386  
-0.455184885  
0.0731272431  
0.8076801116  
0.3605709132  
-0.854199933  
-0.9887184305  
-0.07292561805  
2.094614491  
2.442554369  
0.2603273598  
0.09802135359  
-1.923797818  
-1.24141302  
-0.3047824673  
-1.890683887  
-1.955936127  
-2.737316953  
-2.908993574  
0.1198830385  
1.908038886  
0.1866087641  
-0.7639755912  
-2.022649694  
-1.689374618  
-0.7943874918  
1.209397325  
0.01380142309  
-0.41486502  
-0.4209480678  
-0.006315827318  
0.8382470178  
2.359165994  
2.212117692  
2.708287307  
1.338858935  
0.09845868646  
0.2428829516  
0.1972046109  
0.7245042014  
0.436795483  
-0.06482427184  
0.3168283479  
-0.2430095803  
-1.331581035  
-1.851879628  
