-0.5390026712  
0.8815171167  
-0.1934600558  
-0.9122985533  
-0.1987101028  
0.9296881653  
0.9620033027  
-1.063075291  
-1.112736834  
-0.405762702  
-0.3451551715  
0.3625394827  
-0.6845943444  
0.682021999  
-0.743223163  
0.1354972654  
0.001672602462  
1.648415293  
-0.2196919157  
1.193365826  
0.3925639924  
-0.2575028625  
0.1651671973  
1.2130738  
0.4172470734  
-1.1251676  
0.6606002857  
0.1043033045  
0.4810417946  
-0.7769009272  
-0.912254625  
-1.767971527  
-0.07794801345  
0.3099652691  
1.353482091  
-0.3410984667  
0.2957211601  
-1.791569539  
-0.2844894126  
-0.6706792438  
1.401905016  
0.7611502167  
1.901883765  
-0.3207094122  
-0.0278756054  
0.3302650239  
1.142533528  
1.187837558  
0.5381647433  
-1.415678572  
-1.482111555  
-1.014902183  
-0.01995951278  
-1.504471675  
0.5066286562  
-0.6088131767  
0.579911694  
-1.215919612  
-0.8279857955  
-0.1395138689  
0.4473535864  
2.227939768  
0.5794324016  
0.8147304033  
-1.305367437  
-1.450064518  
-2.262317542  
-0.6830973655  
0.3248476468  
1.625472317  
1.442730199  
-0.6043854521  
0.6581267053  
-0.2433251267  
0.4798592763  
0.4719726989  
-0.7850459979  
0.2420366261  
0.177388988  
0.2274506007  
-1.220163645  
0.3447004803  
0.4218017828  
1.572473873  
-0.1257311602  
-1.752995966  
0.2170199591  
-1.521800399  
0.5154368793  
-0.8303205871  
-1.279969828  
1.631758534  
-0.7709542008  
0.2700312477  
0.8268583233  
-1.057449021  
1.608259519  
1.250331228  
0.7780785156  
0.1700515652  
-1.06595559  
0.03366105683  
-0.2144443115  
1.345828894  
1.752728488  
-0.02483328529  
-0.6246869694  
-0.3379163303  
0.9590146618  
0.7017414599  
-0.6590671641  
0.543471587  
-0.1430531383  
-0.8167989191  
-1.273446426  
-0.3687460073  
0.4745014763  
1.395366176  
0.9473448943  
-0.09981064384  
0.9681257121  
-0.8666924315  
0.4799767508  
-0.4986440915  
-1.768833468  
0.3647461036  
1.201154994  
-0.2694112401  
-1.372387169  
0.2901370317  
-1.229364612  
0.07975373971  
-0.1347532848  
-1.0855454  
-0.5785482837  
-2.549475422  
-0.6553402651  
-1.181586678  
-2.0704885  
1.000342513  
-0.09914109255  
2.240759964  
-0.3675922848  
-1.165597876  
-0.561484997  
0.6818430086  
0.2990661117  
-1.747489403  
0.2213571382  
0.3884149424  
0.8817286452  
2.074490248  
0.469414539  
0.5510051299  
-0.1873988539  
0.8268717446  
0.6321358963  
0.01806642454  
-0.5526590761  
-0.7293917824  
0.2413086053  
2.333822272  
1.166306927  
-1.335247439  
-1.615756345  
-1.153156207  
-0.6035788105  
0.2915833121  
-0.9168882698  
1.226264759  
0.500600888  
0.4399734744  
-0.2013264419  
-1.980693825  
-0.2475385715  
0.6613043671  
1.497525331  
-0.2021963367  
-1.262036251  
-0.4234100679  
0.2945246534  
1.608776779  
0.3563223357  
-0.4090369469  
0.8446189863  
-0.9669414015  
0.598589034  
-0.5360320598  
-0.09908144124  
0.4169561808  
1.885975388  
0.1362940202  
0.239171919  
-0.8456810196  
0.9463767466  
-0.05288224329  
-1.357315687  
-1.011755236  
0.895729146  
1.117745381  
-0.01396362925  
-2.159786534  
0.2843070852  
-0.5574131664  
-0.2130509635  
0.2333615454  
-0.2525785893  
0.7281552391  
-0.03630393367  
0.3708624441  
0.08646021143  
0.2001410942  
0.8060335567  
-0.194269473  
-0.3150952534  
-1.974244949  
-0.0444411675  
0.4923307268  
1.565777612  
-0.3077865167  
-0.5813463765  
1.411350961  
0.7061698998  
0.7169247402  
-0.2972046204  
-0.2120003914  
0.1425733015  
0.1357353615  
0.09721655007  
-1.853874487  
-1.242084337  
0.003342473954  
1.30806892  
0.9586844797  
-1.743532187  
-0.4266585741  
0.1307343336  
0.9856989237  
-0.2076871597  
-1.138182646  
-1.516019744  
0.5945560356  
0.0008560868886  
-0.2817783789  
-0.6111111007  
0.09123111397  
1.397131079  
0.5907398906  
0.7345151549  
1.099472888  
-1.390201486  
0.2058979628  
-0.3967130303  
1.436472783  
-0.6737467673  
-0.4466755181  
0.8497058868  
-0.5246830563  
0.2041807654  
0.5847819071  
-0.6301402641  
0.9293706673  
0.3983329653  
0.4999665458  
-0.993566433  
-1.239260671  
0.5638767391  
0.1123595806  
-0.1172453687  
-0.3872672439  
0.4097699842  
0.07013861525  
1.909926321  
0.8852204836  
-0.833079659  
0.1802572283  
-0.1123490785  
0.1349291657  
-0.6612309232  
-2.144765554  
0.7847037169  
0.947455877  
1.129343974  
1.522318019  
-0.9050336328  
0.2394926577  
0.6954143292  
-0.6545808404  
0.176731416  
-0.9126481422  
-2.05989736  
1.149882592  
0.2646809153  
-0.04017340665  
-0.8277385437  
-1.299017423  
0.5346676602  
-1.455486328  
1.886396357  
0.793821016  
0.4052405499  
1.321236963  
-1.067741524  
-1.90482858  
-1.269501818  
1.316621587  
0.2351263949  
-1.066047917  
-0.505235368  
-0.367472227  
1.168142655  
1.090662458  
-0.4641661891  
0.439175396  
-0.3254551253  
0.4409068249  
-0.9471249208  
-0.5515718037  
0.9915460313  
1.998163476  
1.39022813  
-0.6926609276  
-1.228233217  
1.004294102  
0.7673822048  
0.4629836228  
0.639051488  
1.068136416  
-3.177500717  
-2.558801229  
-0.4282774361  
-0.4447643387  
1.19488121  
0.6915794258  
-0.01059394966  
-0.6798481385  
-0.08995365314  
0.4181588129  
0.5278769342  
0.5648910182  
-0.6884187076  
0.9790675365  
0.1223542567  
0.001715345383  
0.9960864462  
-0.7729168071  
-0.9741542325  
-0.6848935469  
0.02457489164  
0.5116692977  
-0.1817504674  
-0.3804858884  
0.1072557961  
0.1619524699  
-0.01920788947  
0.7270913166  
0.05252229479  
-0.7732488606  
-0.4146634005  
0.8281523404  
1.049951916  
0.8927295578  
-0.4720281556  
-1.317197499  
0.2584060884  
-0.2819881322  
-0.8217932736  
-1.594435872  
-0.5791594655  
0.9147365873  
1.573026613  
0.8718497686  
-0.1530643811  
-1.338666008  
0.7316418235  
0.6797680734  
0.7736649179  
0.2668923837  
-0.975445142  
-0.6267439758  
-0.800525953  
-0.3678680845  
0.6883613292  
0.04148664906  
-0.9181449641  
0.190851104  
-1.544241232  
-2.989064724  
-0.777052677  
0.4916049011  
0.590998597  
2.168804539  
0.3377219671  
-0.4818020495  
-0.9920231758  
-0.4444439281  
-0.2017494187  
1.028953685  
-2.64131199  
0.5301031586  
0.6696084511  
-1.226773879  
-0.4707233526  
0.4438287119  
-0.1848565327  
0.8451352182  
1.022631294  
2.05545442  
0.2695032825  
-1.506568325  
-1.585367541  
0.5064898516  
-0.3917401928  
-0.9513090546  
0.4502797294  
0.5071751808  
-0.6809453387  
1.839722461  
1.101042358  
-0.2160458456  
0.9197028949  
-0.1332178887  
-1.064306374  
-0.7745358975  
1.47267756  
0.3192535754  
1.660760292  
0.7167761384  
-0.2861325027  
-1.953344903  
0.8786952206  
0.7034882069  
-0.09718749856  
0.609088452  
-0.8513823562  
0.9174186538  
-1.012752385  
-0.645637502  
-0.3639284611  
-0.5376848572  
-0.2428684267  
-0.3280485954  
0.03769938808  
-1.675332811  
0.3081418697  
-0.1851227113  
2.038691025  
0.1057065533  
-0.4543886747  
-0.7342733066  
0.2539819298  
0.1201646454  
-1.508794067  
0.5852761399  
0.1709196205  
0.4134400398  
-1.023785576  
-1.301669907  
-0.4552698849  
-0.4581457436  
0.1620117149  
0.0351587452  
1.023263469  
0.2608387383  
0.3621702245  
0.4088949256  
-0.8988973344  
1.759651662  
1.90387918  
0.7674070227  
-0.07058020253  
0.9671136178  
-0.4235128758  
-0.1504058355  
-0.7578321024  
1.261049357  
2.212708834  
0.4072598665  
1.754871842  
0.7689883347  
-0.1071796839  
0.9278482204  
-0.7174159986  
-1.167740781  
0.2614665311  
-1.074889535  
-0.104017592  
0.566931914  
-0.6290903006  
-0.9503091926  
0.9084586953  
-0.5058055767  
-0.2466550509  
-0.7931497902  
-1.782199322  
-1.705472142  
0.9724919211  
1.16927821  
0.06605920347  
-0.2207173806  
-0.3576143024  
-1.629676288  
0.552264554  
0.8960539935  
0.3042737237  
0.5373067866  
0.2134333239  
-0.7834426701  
1.554022393  
1.577973706  
1.55195157  
1.596955439  
-0.0766305106  
-1.137687897  
1.472738014  
0.8934420925  
-0.7619708354  
0.6665140784  
0.6054929643  
-0.4063258677  
-1.065134757  
1.128247169  
-0.4837405431  
0.001017171807  
1.065052784  
0.4082257385  
-1.272894094  
-0.6076508277  
-0.4607528905  
-1.060900453  
-1.33069833  
0.7813650913  
1.173228643  
-0.4370254917  
1.552784533  
-1.041487438  
-0.9373101828  
-0.8650476969  
-2.538200006  
0.4174795288  
0.3046531519  
0.884210616  
-1.015694134  
-1.061730639  
-1.155174185  
0.5107367777  
0.2441735788  
1.239244909  
0.6393593056  
-1.391454848  
-2.165040592  
-0.09857187679  
0.5017840125  
0.530012502  
0.225720756  
-0.2519039356  
-1.064410919  
1.370569012  
-0.1107533608  
0.2141072271  
-0.3191855152  
0.1974417892  
1.032337921  
-0.4058108108  
-0.9444373761  
-0.1710453588  
-0.3310395849  
-1.083113553  
0.6062886577  
0.8035294922  
0.1353086412  
-0.5064824272  
-0.8642615695  
-0.6325702947  
0.6494410636  
1.847844988  
1.174945  
0.9177564995  
0.3120013591  
0.3034869935  
-0.6350876563  
-0.4233994242  
1.119891245  
0.09460888523  
0.7093160548  
0.8758534653  
-1.739785375  
-1.774059071  
-0.2137713318  
-0.2464102368  
