-0.2341769306  
0.1362411954  
0.3843407169  
0.528109261  
-0.4365167239  
-0.8251434469  
-0.5225717099  
-1.011596859  
-0.180125342  
2.900468575  
-1.92562943  
-0.5730264067  
1.130341691  
-0.379157908  
-1.914886403  
0.8866007163  
-0.4533477033  
-0.05315382284  
0.5540034205  
-1.097395166  
0.09961221467  
2.597651185  
0.2633345063  
-0.1064645412  
1.880737361  
-0.3358761987  
-0.6392458492  
-0.609516711  
1.6400395  
0.2398289972  
0.1687572519  
2.2510271  
-0.3831263571  
-0.3314433757  
0.4809775832  
-1.785846658  
-0.4163808008  
1.589359088  
-1.308089629  
-1.799769662  
0.3388304815  
-0.6256591574  
-0.521838848  
-0.4736255248  
-1.914641531  
-0.2196702447  
-0.3268058179  
-0.6964505168  
1.594747457  
1.291425671  
0.7997677781  
-0.3561502826  
0.6609544634  
-0.893130486  
-0.6959724018  
0.2719238676  
-1.091818053  
0.5355654013  
1.270797123  
0.05834519247  
-0.9241052493  
1.696534796  
2.07552926  
-0.766656472  
-0.09054528998  
-1.224936861  
-0.4189478242  
0.2769242292  
-0.6394207863  
-1.513687513  
0.4934605256  
0.2804044415  
-0.7865979603  
-1.029620669  
-0.5523753451  
-0.2392238581  
0.6475607657  
-0.3968814108  
-1.318378119  
1.515225048  
0.7334159784  
0.2136400739  
-0.07709086897  
-1.401786194  
0.4540197624  
0.954665215  
-0.03626253303  
0.6615349439  
-0.8709742686  
-0.5661340201  
-0.1258180018  
-0.453673843  
0.773547643  
-1.586448576  
1.16114403  
2.500657258  
1.51761703  
1.020270068  
-0.402883617  
0.4437159344  
0.4824021477  
0.1653508545  
0.357051715  
-1.878663807  
0.8171252584  
3.118610467  
-1.028155866  
-3.053573894  
-1.01533609  
0.4716870989  
2.09396182  
-0.8585424991  
-1.824249626  
0.6348804954  
-0.3147008042  
0.7780014205  
0.2955643448  
-1.191978423  
0.670859207  
-0.3968028265  
-0.5733504307  
-0.7921663929  
-1.34586369  
3.052623733  
1.058867417  
-1.770464441  
-2.915270613  
-0.3692413404  
-0.297914198  
-0.1226922108  
-0.01201816419  
-1.692690517  
1.534829436  
1.089283828  
-1.477549587  
-1.480684522  
-0.9872783017  
-0.8373802182  
2.682137026  
0.2079243821  
-0.6103750695  
0.5778687358  
0.1487181749  
0.00131177007  
-0.1375335952  
-1.588131038  
0.4407836723  
0.1624196101  
1.591003536  
0.9989285442  
1.038843212  
0.5873997862  
0.8607894616  
-0.5378242724  
-0.2886507099  
-1.086694137  
-1.477600597  
1.145057278  
0.4457437109  
1.145609956  
-0.1990888519  
-1.418508186  
0.3947490069  
0.4888632098  
1.63315099  
-0.02113910555  
-0.8174727246  
0.522033315  
-0.3525308964  
0.8562356202  
-0.1221868235  
-1.447192238  
0.5637668455  
-0.3518868318  
-0.5836053334  
-0.5729274603  
-0.5587943332  
-0.384868336  
0.7757887197  
3.476389663  
0.7721599553  
-1.116704977  
1.276336853  
1.231371162  
0.08790604801  
1.431569939  
-1.117462138  
-0.3126768286  
1.170748836  
-2.040909072  
-1.552929803  
-0.2068981978  
0.567428101  
0.004006069443  
-2.287017675  
-0.8835088886  
1.457537876  
-0.2628538742  
-0.1203172475  
-1.198149639  
0.06038601021  
1.471469616  
0.02367983045  
0.7931194084  
-2.142368802  
-0.852184806  
1.342694451  
-0.5282340791  
-1.207109262  
-1.01721073  
-0.8757794923  
1.764612556  
-0.4738937203  
-0.2163228555  
2.078031843  
0.347988366  
1.422319382  
3.077611529  
-1.03827267  
-0.9343172062  
0.336856724  
-0.4290347282  
-2.611134845  
-1.184051629  
1.975515579  
0.9518880517  
2.030622742  
-1.401364621  
0.2976226647  
-0.6509295094  
-0.1911078135  
-0.08535532822  
-1.044698379  
1.429463202  
1.076291807  
0.2424419725  
0.1425057262  
-0.07983090684  
0.563348184  
-0.37937472  
0.6957898403  
-1.10091044  
-1.749515821  
-0.435737612  
0.8838476913  
2.326581232  
0.2189790063  
-0.8424928067  
-1.247827082  
0.8637250685  
0.7061283739  
0.1907017335  
0.4119743621  
-1.621364565  
-0.2705287638  
0.1658765291  
1.116339158  
0.2879546089  
-1.527604317  
-0.2686003716  
0.7582266797  
1.724720069  
-0.6877705219  
-1.650405222  
-0.2470187013  
3.218825696  
0.551950561  
-1.306900644  
-0.0184195713  
-0.1872801847  
0.03877403535  
-0.487014314  
-1.960440813  
-0.4620763422  
0.1735409236  
1.718435272  
0.1422205629  
-2.948482192  
-0.7648005909  
0.9845990876  
1.651180996  
-0.1011583713  
-1.981193795  
1.056337756  
0.7980470455  
0.2774926945  
-1.090547279  
-2.02460147  
-0.5893743409  
0.08203853656  
1.265455394  
1.312088615  
2.580926488  
-1.018725542  
-0.5834878739  
-1.907803171  
1.742802826  
0.1426723614  
-0.806858196  
-0.7794601162  
-1.668119776  
-1.988890656  
0.8694257595  
3.157466151  
0.4505595017  
1.485145527  
-2.030508171  
0.9909747061  
2.161743883  
-1.133331115  
-0.8099914225  
0.691698141  
1.521570105  
-1.319882158  
-1.168832292  
1.042812431  
-1.310634634  
-0.5006915695  
1.475746704  
-1.634422623  
0.3317853394  
-0.1767683267  
2.121471269  
-0.1684173942  
-0.5076453083  
-2.152776975  
-0.8667631777  
0.4617322946  
0.7878697137  
1.06312856  
-0.2613665115  
1.526272433  
-1.063574962  
0.2748511015  
0.4886536146  
3.395239826  
-0.3374163021  
2.058754891  
-2.051805275  
-0.885698793  
0.7976159477  
-0.4420572609  
0.5974116412  
-1.336029784  
1.15955207  
0.2500164387  
1.039729903  
-1.226000293  
-2.215009556  
-0.7640253513  
-1.081854218  
1.767968878  
-0.1859581584  
0.571047311  
-2.398174689  
-2.604511767  
-0.6056767746  
1.727256308  
1.420737933  
0.03335603486  
-1.213638115  
-0.8233929895  
-1.323830604  
1.245880435  
0.6177231559  
-1.45742336  
1.311435196  
0.7870176926  
1.916304894  
0.3234928401  
1.800715437  
-0.8192819777  
0.2824265065  
2.265510277  
1.023724306  
0.5694877713  
-2.403928743  
-0.6956015288  
2.902051614  
-0.8008557147  
-2.252809469  
-2.378387696  
-0.3480074066  
0.4823050807  
-1.677105891  
-0.5945889575  
-0.8751421575  
1.010482731  
-0.5176030889  
0.09075852454  
-1.110667297  
-1.274519475  
0.1620969828  
2.829652256  
-0.06650683369  
1.268266507  
-0.973157637  
2.10356395  
1.249212299  
2.180826077  
-0.4622212307  
-2.418518165  
-2.46319605  
-0.3432584832  
2.064467186  
0.4112562819  
0.09174975185  
-1.448876002  
-2.454482149  
-0.3661662014  
0.5197288879  
0.3327141239  
-0.2032132991  
-0.9840809948  
-0.5254081231  
-0.3408003479  
-0.1968311602  
-0.08766132645  
0.2463569983  
1.906767166  
-1.257307776  
1.541278658  
1.327482496  
1.632968309  
-0.4314639518  
-0.9640567316  
-0.954729849  
-0.3631266126  
0.3718150838  
0.6406173814  
1.250912442  
2.914286929  
-1.237579627  
1.097517394  
-0.1228898141  
0.3252212235  
-0.6513518893  
-1.026371049  
1.144603866  
1.702522502  
2.114922179  
-2.152606866  
1.7920913  
0.4328838518  
-0.3414094646  
-0.9758217671  
0.001391203465  
-0.296331501  
1.72192224  
-1.422324416  
-2.953119513  
-1.082151105  
0.2134492988  
-0.3841296422  
-2.847099285  
-2.060920039  
0.2342884224  
0.3838646783  
0.8689587078  
-1.219882643  
-0.7400093163  
0.1917552332  
0.7081645167  
-0.4772064929  
-2.316152666  
-1.274619008  
1.360198141  
2.558090263  
0.980056431  
-1.216182615  
-0.03250797348  
0.6882169356  
1.177498195  
0.1350796585  
0.4346665108  
-0.7324544687  
-0.0319606144  
3.675673625  
1.357096021  
-0.3570831062  
-0.5907870462  
1.435389597  
0.478462315  
-0.3812020333  
0.6677728093  
0.05210219708  
-1.544066104  
-0.2094525561  
0.4469851654  
2.98704392  
1.633458416  
-0.283157738  
-1.582394748  
0.5381777965  
0.1355316351  
0.7860033374  
1.18639912  
-0.8557719444  
-0.642945195  
-0.7478932934  
-1.371097502  
1.116649868  
1.158265547  
-0.04578775036  
-0.7694174449  
-1.983944861  
-0.1884754742  
2.498120806  
-0.2590189492  
-1.367701075  
-1.905080064  
-2.410548537  
-2.641933123  
0.8327739783  
2.933816298  
0.1121600876  
-1.700681584  
-0.4447249051  
-0.09181956281  
-0.3801066553  
0.9522467223  
0.8885589186  
-0.2548159253  
-1.923191054  
-1.136766072  
-1.124701428  
-0.4910050689  
0.3288792721  
0.5934066707  
0.7581185292  
-1.658447507  
-0.353727795  
-0.3820755024  
1.270944238  
1.368060696  
1.09212783  
0.7221262998  
-1.248456011  
1.569943325  
0.4797730086  
-0.9808498705  
-1.927733447  
-1.717163621  
0.9691520916  
0.7959633873  
1.448144612  
1.977699325  
-2.133950325  
-1.444703274  
1.149734413  
1.43835581  
0.5704854786  
-0.01460397546  
2.055083599  
-0.1307655066  
-1.44815095  
1.64012556  
1.577210779  
-0.3974873096  
-0.1666784477  
-1.715333037  
-0.1475143847  
0.7251943514  
0.254627429  
-1.372891529  
-1.310229785  
-1.093653271  
0.3452035855  
2.102700964  
0.02508463125  
-2.868001587  
-0.995935366  
0.6220301686  
1.668473995  
0.07559169482  
-0.931892656  
-0.7613762655  
-1.76504431  
-0.08659686793  
2.264449497  
1.998694873  
0.6995567663  
1.218624161  
-2.130961991  
-1.769729428  
0.5292892593  
-0.6060474909  
1.578549285  
0.7649288451  
-0.9973329331  
