-0.9614225663  
-0.6707075447  
-0.978870947  
-1.735166694  
-0.9016073441  
0.3417596001  
-0.5925977165  
-0.8592543679  
0.9195056527  
0.8028511845  
1.146194664  
2.337721224  
1.200527675  
0.5895373064  
0.5804714488  
-0.6731538711  
-0.2367435906  
0.07669606012  
-1.086901687  
0.2975709897  
-0.1208719752  
-0.09340490411  
0.805875193  
1.328532583  
0.1759729779  
1.638862248  
1.972242819  
0.317948655  
-1.266140479  
-0.776189199  
0.6451924959  
0.20442182  
-1.217167892  
-1.841892393  
-1.031574345  
-0.6698217372  
-0.9099610271  
-0.2709166995  
0.4963073533  
0.8347069971  
-1.060011189  
-1.516790265  
0.3973700519  
0.9277194717  
-0.5000909071  
-0.14954496  
1.583249902  
2.227864475  
0.5212957748  
0.3566936354  
1.315273263  
1.643234512  
-0.9553141297  
-0.6569326435  
0.4325574423  
-0.003981911647  
-1.42980471  
-2.603367044  
-2.842317947  
-2.046438625  
-0.9932120547  
-1.259187685  
-0.4071799357  
0.6813458069  
0.2970643833  
1.095532009  
-0.2298320896  
0.3259509159  
0.7323646155  
-0.3437145863  
-1.221178406  
0.5056842566  
1.532254332  
1.932819419  
-0.4481311798  
-1.057109816  
-0.8880961509  
0.7845916639  
1.901079165  
-1.423972039  
-2.733647855  
-2.421986947  
0.110771957  
0.6634846883  
-1.466115542  
-0.6217238225  
1.163844288  
1.58044088  
-0.07180558863  
-1.030788955  
-0.1270896296  
2.872383716  
3.309420715  
3.767573144  
0.543056734  
-0.7555362569  
0.4199132321  
1.355463864  
-1.01377493  
-3.200259517  
-2.649240515  
-1.027587511  
-0.7283107763  
0.05246899022  
-0.671569928  
-1.455184702  
0.03383709295  
1.09159927  
-0.1739849848  
-0.6700675133  
0.2835625564  
0.5314777157  
1.620022668  
0.9093582294  
1.005713538  
1.866166737  
1.954734306  
1.829357322  
0.8186983232  
-0.315830326  
0.05000801909  
0.4993918893  
0.2951518374  
0.01966755821  
-0.8575102645  
-1.127510846  
-0.3303451525  
-0.8296154235  
-1.385333934  
-1.232377456  
-0.862519486  
-0.9708304531  
-1.896310384  
-0.927202015  
0.2059494553  
0.3073058762  
-0.7267422722  
-1.375883606  
-1.176475722  
-0.09147214991  
0.06254980155  
-1.609279446  
-1.113565831  
-0.383690422  
-0.09997131734  
1.240269362  
0.4984596981  
2.325571174  
1.558228521  
1.70793579  
3.363712252  
3.810562258  
2.053590637  
2.097202954  
2.325081787  
2.161856309  
2.487362347  
0.3025249559  
-2.216474785  
-3.159329436  
-1.538323524  
-2.670890401  
-4.304980236  
-1.091910249  
0.501304563  
0.2457370658  
-1.314348769  
-2.231214488  
-1.82718773  
-1.154941607  
-1.078155494  
0.3647857575  
0.09544622889  
1.135904696  
2.269227344  
3.297868753  
3.199219937  
1.986270136  
0.8337986771  
0.1171208269  
0.05220451868  
-0.9756104629  
-3.039140314  
-3.6448772  
-2.98260674  
-1.605135685  
-2.277893636  
-2.543662884  
-1.458976944  
0.1061334929  
0.9881495309  
0.2986255958  
-0.01459952351  
0.8750865897  
0.8367491325  
1.850635249  
1.891305969  
2.216555697  
1.673769583  
0.895266394  
-0.741255302  
-1.611020086  
-0.0821641967  
0.792335751  
-0.03532956829  
-1.288675785  
-1.866014235  
-0.9278883662  
-0.384095539  
0.06392675033  
-0.2041456229  
-0.5018933217  
0.1553899957  
1.568295333  
0.7776376952  
0.9875878867  
2.415770582  
1.473631345  
0.4531812261  
-2.109949581  
-2.146933828  
-0.7195239505  
-0.08889546608  
0.6690673244  
0.6008090563  
2.081475629  
2.349933607  
2.13439716  
1.22977157  
-0.3406152187  
-1.338895601  
-1.594271399  
-1.628244858  
0.1046292977  
0.5476347089  
0.4461043856  
-0.9827654697  
-1.4858937  
-1.765014077  
-1.029916521  
-1.626321895  
-0.5285860477  
0.0979460552  
0.09547630773  
0.5456155114  
-0.1619820474  
1.021329383  
0.9701445549  
0.3724771476  
-0.8072602368  
-1.126374434  
-0.04148428189  
-0.7281331448  
-1.063145929  
-1.34020309  
-1.168713826  
0.4914556491  
1.005221308  
1.309352141  
0.8633927391  
2.052394957  
3.309531189  
3.59040559  
2.493345067  
1.195435  
0.3074826045  
1.892956842  
0.9116017434  
-0.1241459322  
-1.758542762  
-1.000538408  
0.1122266233  
-0.1329732619  
-1.818414983  
-1.870181183  
-3.129752828  
-0.6669351406  
-0.5599427679  
-1.740099235  
-1.842795195  
-0.6143404416  
0.2821036458  
1.01381812  
1.986659281  
2.652198257  
2.520067612  
2.32402928  
2.520489842  
2.152744231  
0.6247786778  
0.1356655015  
-1.357140343  
-3.047773553  
-2.50058172  
-2.67392517  
1.656915471  
0.1472035989  
-0.288958014  
-0.4891386774  
-0.6945786165  
0.9945631472  
1.089529007  
-1.123481205  
-2.636025661  
-0.8924813243  
-0.7502409593  
-0.8447946908  
-1.330929178  
-0.7741328121  
-0.1022555975  
1.023218571  
0.7261871516  
-0.626380083  
0.4459748779  
1.561213476  
0.4133973607  
0.3229486246  
1.037708204  
0.5928950375  
0.2032613023  
-0.270604536  
0.4861874022  
0.1503929907  
1.585098998  
1.441204752  
2.094645677  
2.009394208  
2.131902404  
2.255579502  
1.513637412  
-0.1318115273  
-0.7788111151  
1.102655031  
-0.9015107922  
-1.422715542  
-3.17983073  
-2.164700742  
-2.081237641  
-2.586071821  
-3.618054275  
-3.544207819  
-1.513718831  
-0.1357477654  
0.3054541787  
-0.5896339312  
0.3658359175  
0.651125181  
1.64415519  
1.107610261  
0.5157022447  
0.08395441317  
-0.4976537413  
0.5886654206  
0.9340894057  
2.955885315  
1.95079992  
0.9067375141  
1.330386558  
0.9169591694  
1.080828888  
1.32743739  
0.4873575319  
0.06342493544  
-0.8011921566  
-1.341072884  
-1.861753933  
-1.960759333  
-3.67700244  
-3.909324544  
-1.193497817  
-1.882498193  
-0.6724532895  
-0.03442337718  
1.236690573  
1.536491951  
0.3378181899  
-0.2242103287  
-1.351762509  
-0.7136335203  
1.113259486  
0.4980842854  
-0.7628149022  
-1.49507031  
-0.8886907239  
0.3845023841  
0.5253754221  
0.4734566383  
0.1723527966  
0.6437096292  
3.404360506  
2.70823707  
2.025632534  
2.025197655  
-0.1080654599  
0.7888501729  
0.8651105546  
1.754265242  
0.5653447616  
-0.7540332263  
-0.6439197158  
0.5189285716  
-0.3690820348  
-0.6111484212  
-0.3563517494  
0.2855535112  
1.221019564  
-1.215240281  
-1.880375885  
-2.638073541  
-1.359592747  
-0.5938423368  
-0.7857533609  
0.7204661588  
1.413921696  
0.03837735525  
0.171061761  
1.928356397  
2.615841458  
1.105566829  
-2.637079935  
-1.321564278  
-2.467471256  
-0.9506078284  
-0.1006653388  
1.878434942  
3.424595182  
2.274468996  
1.388083012  
0.1356015301  
-1.694838634  
-0.268765756  
0.7255631671  
0.3778506876  
0.06792798232  
0.6721500307  
0.2431998989  
0.0114337075  
-0.5703332806  
-1.357631422  
-1.312897948  
-1.378726817  
-1.111583916  
-2.104250974  
-2.224788081  
-1.309994883  
0.2898177427  
-1.872092202  
-1.659147801  
-0.8763291072  
0.4562472683  
0.264332182  
0.007041539769  
1.043596024  
2.888143649  
1.166886302  
-1.83303257  
-1.504137114  
-0.3510538954  
0.4054698263  
0.08170496878  
-0.705682508  
-0.02078101329  
0.3377988595  
-0.4020338047  
-0.1238264107  
0.2007077469  
-0.1616013043  
0.4795725698  
0.500724177  
1.263481166  
0.3431649419  
0.06848881214  
0.2999800637  
1.176953538  
-0.0515865962  
0.1600705679  
0.5508837172  
-0.5216342149  
1.526483302  
2.794093008  
0.6381761839  
-0.3158478159  
0.1324982217  
0.5881765139  
1.612898885  
1.337649466  
0.1618443506  
-0.6977374018  
0.8294712102  
1.78721934  
3.199896626  
2.580074596  
1.533505143  
-0.3235819514  
-1.427651868  
-1.096682004  
-0.6747261388  
0.7646104855  
-0.8175844657  
0.5432991747  
-0.7553065458  
-3.050740064  
-0.7140239836  
1.21102032  
0.5239968002  
0.7091164829  
0.1637068796  
-0.8837549154  
-0.5118795996  
0.9403788574  
0.7145065964  
1.232243342  
1.398112104  
0.01723243625  
-0.6322088087  
-0.06158507002  
0.3781106463  
1.645538718  
0.1300926008  
-0.6545639121  
-0.319538787  
1.210024784  
0.385036639  
-0.9475421425  
-1.352335354  
-1.001376971  
-1.542490302  
-1.418973334  
-1.43135967  
-0.4324925141  
2.065232589  
1.380302156  
1.280462302  
0.1138568634  
-1.05730757  
-1.210743519  
-4.102542233  
-3.897026855  
-2.452375268  
-1.04295971  
0.01621793772  
0.1699615384  
0.7366940588  
0.6866259813  
0.8765145623  
1.700065346  
3.173501481  
1.233437089  
0.08822964878  
0.5261806965  
0.4442282936  
0.957858686  
1.529327542  
-0.2116602057  
-0.9855767573  
-2.022960097  
-2.766815651  
-1.554460141  
-1.588953194  
-2.465420029  
-2.526308173  
-2.047689707  
-1.861974203  
-0.2212209966  
1.88775468  
0.2451150888  
-1.312469405  
-0.6555115983  
0.1730107726  
2.256056802  
2.517090145  
0.4920400612  
-1.833585827  
-2.593180098  
-0.7746654342  
1.64997015  
2.113841526  
1.987671569  
1.65132427  
0.2105705212  
-0.2305480559  
0.8543798688  
2.049079384  
2.74740803  
1.733558023  
0.6985362128  
-0.02508061133  
-1.834849442  
-2.193041796  
-3.917053447  
