-0.02230579425  
-1.512461259  
-0.8981892977  
1.999776801  
-0.5760349112  
-1.538263494  
0.3769341534  
0.3831299452  
-1.809216437  
-0.3055236931  
0.4703393496  
1.523128196  
-0.3835036459  
-1.08349144  
0.2295197206  
4.226243268  
-0.05089744726  
-1.605624973  
-1.116521482  
1.234479336  
0.6892637458  
-0.8454848001  
-1.039350807  
1.852022049  
-0.5568545531  
-2.283653946  
-2.39046671  
-0.02869848319  
3.246400769  
-0.458325748  
-2.252748978  
0.0705008128  
3.310135654  
2.111740706  
-0.3561816017  
0.8605770394  
1.839558794  
-1.909444362  
-2.957282355  
-1.121781571  
3.716233437  
0.9137986498  
-0.3243770137  
1.008811045  
3.516974304  
1.093099681  
-0.2187619709  
-0.4634108534  
1.597214097  
-0.4378218643  
-2.45803042  
-1.442534845  
1.479308861  
-0.4416776075  
-1.373192879  
0.1042667269  
2.878652712  
1.732594274  
-1.404170628  
-1.464624105  
-0.7503428823  
0.1243547594  
-1.520598885  
-1.344198038  
0.9570782966  
2.452870683  
-0.9322970462  
-3.324816724  
-0.2433359139  
1.034357225  
1.704619304  
-1.351372453  
-1.574747426  
1.013010077  
1.129372018  
1.008011809  
-1.005845582  
-2.354762474  
-1.128520538  
1.643081479  
-0.4183862716  
-1.261590486  
0.8187220519  
-1.196207846  
-0.1024541516  
-1.148121665  
-1.058979346  
1.510897071  
3.820182523  
0.4039857789  
-2.298486614  
-0.3561875988  
0.9214257626  
1.775640937  
0.9784509648  
0.8875672087  
-1.45751017  
0.9832077969  
2.471342036  
0.04194619488  
-1.127666619  
-1.238708696  
0.2650531388  
1.845844651  
0.8006606755  
-0.9881811212  
-1.159332868  
-1.457011993  
1.317011113  
0.01430704316  
-2.867772812  
-1.139591755  
0.644461154  
3.017735627  
0.1591481901  
-0.7745580381  
0.1898115191  
1.415185374  
2.987306191  
1.262567735  
-0.2680136215  
-1.650989829  
-0.4769887218  
-0.2954336061  
-2.059114813  
-1.237638053  
0.4104533434  
1.961424394  
0.1988225465  
-1.052907941  
0.6446139013  
2.16135302  
-0.2192370659  
-3.144590095  
-3.410818123  
-1.376343396  
0.8444860034  
-0.02232018413  
-0.9636189538  
-1.627725187  
-0.1586897115  
2.004566859  
-0.9353339103  
-1.516220605  
-0.2002800259  
1.29323959  
0.2504945208  
-0.2069200776  
-0.2770780119  
-1.586072226  
-0.2228737047  
0.02618546994  
2.744504988  
1.050733616  
-0.5009973351  
-0.9580723164  
0.2508933241  
2.734213612  
0.1264536988  
-0.4961975272  
0.3505734651  
2.208731706  
1.708003218  
-0.1006930541  
-1.367177704  
-0.05211562457  
0.001148078008  
3.375610809  
0.9747810867  
-1.689057438  
0.0793190598  
-0.5717769764  
0.6296711881  
-1.602120699  
-1.997979513  
-1.497204041  
1.21959221  
2.770124847  
-0.05530031967  
-1.477129212  
-1.374527167  
-0.4890887414  
0.6910377833  
-2.066608034  
-2.482080785  
-1.076432827  
2.116411082  
0.2102592105  
-0.9789439662  
0.1052753679  
2.503206131  
-0.7254294052  
-2.150664162  
-1.600699357  
1.347761524  
2.096210255  
0.4661032116  
-1.106436337  
0.08187548301  
1.108709516  
1.543351648  
-0.4829514057  
-0.4072587487  
1.916088767  
2.214240754  
-0.04430960823  
-1.035971501  
-1.325171548  
-1.154199038  
1.718048824  
-0.1826032637  
-1.814017737  
-0.8121769042  
-0.2385705403  
0.7243623192  
-0.8217707775  
-2.340258024  
-0.3731818966  
1.666988523  
-0.2874845569  
-2.229592055  
-0.524083369  
1.016197925  
1.3550028  
0.5412304586  
-0.9370000917  
-0.6186356678  
-1.10846859  
2.818524656  
0.586163002  
-1.327568467  
-0.9307058632  
0.4047825834  
1.97628454  
-0.7790197752  
-1.87422418  
-0.1595134132  
0.4188736195  
1.288157122  
0.4851361151  
-1.130807591  
-0.8633350769  
-0.07995389728  
2.215056309  
0.4959664527  
-0.8767787509  
-1.552770696  
0.5957224127  
1.62821794  
2.170638744  
-1.586077796  
-2.754247394  
-0.2074868583  
1.906500862  
1.211214898  
-1.237808586  
-2.400637475  
0.9457228975  
1.743222973  
2.484870366  
1.336859827  
-0.7430348869  
-0.2618639402  
1.205234313  
0.7166315551  
-1.370047682  
-1.055680091  
-0.9500499179  
2.294824586  
-0.166670333  
-1.73134799  
0.1384445856  
-0.4312697337  
0.6611218802  
0.4052674979  
-0.5068308834  
-0.1159726266  
-0.4175401602  
0.7396339982  
-1.382993334  
-1.866714487  
-0.649806571  
0.3088953606  
2.183654881  
-0.05881965143  
-1.337225151  
-1.592817611  
-0.1124385615  
1.752539827  
1.01222332  
-0.4368360797  
0.03293299903  
-0.2295308404  
-0.06465597085  
0.3496272596  
0.2393885475  
1.276188831  
-1.185371073  
-0.4315977498  
0.1649687847  
0.2015823488  
3.311020081  
-1.506438513  
-2.862390306  
-2.598780837  
1.09741131  
1.031997694  
1.235895767  
-2.120331527  
-1.265164854  
1.619478533  
1.213464712  
-0.6754389726  
-1.218637268  
0.06265810993  
3.027778502  
-0.8786628064  
-1.478572983  
1.06771876  
0.7504709653  
1.363799484  
-0.1567520412  
0.09001067351  
-0.2608219801  
-1.01686119  
-0.05818293741  
0.845950633  
0.4701242181  
-0.9058189404  
-1.001271275  
-1.361976016  
0.9159031159  
1.566993272  
5.087208432  
1.856308846  
-1.987075705  
-2.235111128  
0.5900725014  
1.539573743  
-0.8672280142  
-2.08233619  
-1.146464397  
0.02831458704  
-0.3960325483  
3.634000335  
0.7843019483  
-0.9416036418  
-1.48650031  
-0.1267489363  
2.765601043  
-0.3576743407  
-2.373672077  
-3.313678917  
-1.200375467  
0.08022038437  
2.733781943  
2.520490699  
0.1091540555  
-0.3939204016  
-1.176020043  
1.099117165  
3.317268677  
0.544240214  
-0.6809385579  
-1.060499007  
-1.069065574  
0.8756213333  
-1.400457507  
-0.8171600425  
-1.158005497  
0.5932912069  
2.664512076  
0.1438801462  
-1.643107288  
-2.354100137  
-0.8099525367  
2.233387206  
0.5371463409  
-1.611954689  
-1.41713485  
0.3574575775  
1.719839723  
-0.6484532691  
-1.035927356  
-1.005625408  
1.269363738  
-0.6676211967  
-2.07892928  
-1.492815938  
-0.382924474  
1.353056936  
5.262371565  
1.255728908  
-1.054848327  
-1.296128757  
-0.1032894417  
-0.09281187024  
0.1297380128  
-1.326492013  
-0.6841581816  
-1.614207824  
-0.3593863245  
0.865839702  
0.4671951404  
0.04021906529  
-0.3083584937  
-0.7209867137  
0.3686426573  
2.174575976  
-0.1837809381  
-0.8271676803  
-0.3558254601  
0.1379145764  
0.6769162481  
2.988961403  
1.520867924  
0.8480764825  
0.4177443572  
0.7643290836  
1.074336252  
2.673162283  
2.011697001  
-0.510082872  
-2.755393353  
-2.416778544  
-2.481899498  
-0.250007361  
2.55944479  
0.7576829598  
-1.904417645  
-2.459096289  
0.3799068804  
0.5325952011  
1.692892671  
-0.6450249935  
-0.74900966  
-1.768601311  
0.2177469983  
-0.474909355  
-2.400718222  
-1.719056707  
0.4033092563  
-0.1065233876  
-2.751276818  
-2.399677996  
-1.311814644  
3.058075448  
-0.373383415  
-1.474813357  
-1.060805586  
0.7439067531  
0.8562730904  
-1.304399425  
-0.007550796066  
1.518445747  
3.888292449  
-0.0344417007  
-2.101534156  
-1.257043099  
0.02346349166  
0.8993954844  
0.9684143335  
-1.068958614  
-0.5330089411  
1.464910478  
0.9379972615  
-1.219631427  
-0.8945498586  
1.272066446  
1.459045189  
2.627404117  
1.914889334  
0.584069168  
-0.7467570251  
0.8747799743  
3.38778357  
0.9668411051  
-0.114861913  
-0.09761340563  
-0.4596026539  
1.568913308  
2.632691613  
0.3296345518  
-1.51745405  
-1.067084238  
1.347168931  
3.591697293  
2.259405761  
-0.5542434027  
-2.037641767  
-1.826455106  
0.9140352808  
2.542228837  
1.937268734  
0.6272180788  
-0.6804659606  
-2.390104398  
-0.9084636305  
-0.6554999846  
2.9700774  
-0.05826903526  
-1.194388828  
-0.9515646071  
-1.604532985  
0.4561086323  
2.063796858  
0.8650017539  
-0.00749049444  
-1.35745743  
-2.398098963  
-2.298934432  
2.156816872  
0.8786728685  
-0.2499587763  
-2.332324401  
-2.094297757  
-1.16791463  
0.8140533097  
3.441613597  
1.236732101  
-1.300548111  
-0.7269671552  
-0.281369839  
-0.2372059948  
1.97154528  
-0.900559578  
-0.7498836594  
-1.408125542  
-2.314058125  
-0.8122362721  
-0.2951358502  
2.599179981  
1.592044782  
-0.009901383386  
-1.148617361  
-3.024738063  
0.4136364444  
-1.609600705  
-3.092976346  
-3.224277284  
-1.441699432  
2.036544862  
4.159038068  
2.122295876  
1.073822387  
-1.98906106  
-0.8188889577  
0.3960705129  
0.5602870881  
-0.723299256  
0.1383867822  
0.2573776533  
-0.3470430252  
0.9488009685  
1.796463788  
0.9448872262  
-0.6594030915  
-1.862191487  
-0.5176836248  
0.7655348461  
-0.9730489362  
-1.439923991  
-3.620477266  
-3.066467633  
-1.446551146  
1.746987827  
0.07734080697  
-0.8131046817  
0.07539500276  
-0.2957652054  
1.250891776  
3.401604577  
0.1716988263  
-1.310678624  
-2.147862031  
-0.7442022823  
0.5230103075  
0.9304733662  
2.847971518  
1.630498714  
1.245985828  
0.2376593905  
-1.019363804  
0.2597341854  
0.3842440398  
2.489797215  
0.04630302526  
-1.147567166  
-2.189121535  
-1.141490334  
