1.349781285  
1.10167015  
-0.8372088033  
-1.633238051  
0.8674881368  
0.4504081461  
-1.708325656  
-1.089319229  
1.476079801  
-0.01250785837  
-0.5868450324  
1.532559658  
1.894425112  
-1.165864214  
-1.27221322  
-1.30989295  
0.3452892283  
0.8534034036  
-1.390671288  
-0.1453304714  
1.960108359  
0.9834589349  
-0.6604653751  
-0.2248672442  
-0.1799308163  
-0.534517631  
0.2905638646  
0.763615872  
-0.4471070991  
-0.4217917109  
0.6166057262  
-0.8750157122  
-1.44382859  
1.257196782  
1.122794505  
-0.7509673817  
-0.4783336052  
-0.05561688775  
-0.5810887375  
-0.9936751579  
-0.9925399981  
1.042343118  
0.2695747718  
-1.26288998  
0.3855880511  
0.04446556179  
0.5793467626  
0.5630940087  
0.5264173521  
0.7354126697  
0.5906284099  
-0.3595016127  
-1.753683088  
-0.4898113538  
1.187155951  
0.05567698558  
-1.59975308  
1.355540243  
2.232465133  
-1.61981806  
-1.123348089  
-0.7826268716  
0.2177221573  
0.06527651468  
-2.078989023  
-2.105005041  
1.043004973  
0.2741510732  
-0.7298388634  
0.8973420426  
0.2070905414  
-0.5939647346  
1.016565864  
-0.8774119039  
-1.019338044  
1.436132748  
1.519875808  
0.2764679593  
0.5380929363  
0.6406773127  
0.02537086711  
0.8670040539  
-0.8959797338  
-0.382357242  
-0.8860588408  
-0.1635488778  
0.7343231892  
-0.388757503  
-1.878144382  
0.004766958495  
-0.1802888796  
0.2974544115  
-1.088292433  
0.3326800831  
0.120726441  
0.5395752066  
1.532940156  
0.4905917859  
2.159050023  
1.026979082  
0.628587563  
0.7899493713  
-0.569940408  
0.6191844734  
1.47500745  
0.9639359561  
-0.1436862637  
-0.6758302586  
-1.94082027  
0.09857505044  
0.4853577127  
-0.5522740659  
-0.7288271514  
-0.7505734625  
0.1662137987  
0.6216158954  
-0.8407746042  
-1.267847677  
0.1459926163  
1.971330568  
1.219362568  
-0.6454832927  
-0.1852855706  
-0.2599698247  
0.06659669216  
-0.8134719741  
-0.9574911479  
-0.3568896649  
-0.3486584398  
0.7799027482  
-0.1686849422  
-0.7077086988  
-0.8999246299  
-0.6325522262  
-0.123949971  
-0.170062527  
-0.3226810518  
0.2350739958  
-0.03913984161  
1.540921415  
0.9944527353  
-0.6230186215  
-1.474827074  
-0.63154039  
-1.464216911  
0.4198019779  
0.1465380471  
1.975656185  
-0.3427362012  
-0.6291877156  
-0.2949836016  
0.5066568494  
0.2543652216  
0.3524506818  
1.354611591  
0.5012944278  
-0.6802005866  
-0.9874322905  
1.542632658  
0.7125473692  
-1.024882118  
-0.5534358  
-0.6725561647  
0.782581215  
0.5036081471  
0.5863604997  
0.2367945832  
-0.7406751535  
-0.6842705379  
0.6763307611  
-0.9263447217  
-0.6153296368  
-2.261029412  
1.202052901  
1.126797695  
1.591514509  
0.3366715343  
-0.4730305815  
1.18039625  
1.531878058  
-0.2734168106  
-0.5057596403  
-0.07950715531  
-0.3762568105  
0.8722659107  
-0.7458729425  
-1.212509548  
0.2043981315  
-0.2776177408  
-0.3698555678  
-1.426849642  
0.2777993706  
-0.02364537949  
1.021319785  
-0.6159679073  
0.5630453647  
-0.3112265285  
1.054265158  
0.1912101787  
0.7009381887  
1.024584358  
-0.01493668353  
0.4566237685  
-1.918802005  
-1.017385025  
0.5989033767  
-0.4004944642  
0.3570962254  
-0.2302081653  
-0.9833931611  
1.108807566  
1.2827404  
0.16503888  
-0.6181937129  
-1.285018737  
-0.7863244563  
0.8460641914  
-0.1125542631  
-0.5318757159  
-0.5799138287  
0.6726530697  
0.1927664977  
-0.4431939705  
1.16260871  
-0.599745878  
1.591094769  
-1.119310156  
-1.003428905  
-0.8416417122  
0.487135398  
1.167156487  
-0.7085823236  
0.408943837  
-0.6418735189  
-0.079209528  
0.4015652514  
-0.2127155381  
0.581750662  
0.1103335276  
1.270415873  
1.673865732  
1.456672353  
-0.02430869961  
-0.6186851571  
0.2665252954  
-0.38957152  
-0.8002817888  
-0.4529153084  
-1.237121387  
-0.3263603743  
-0.313650969  
0.8603125748  
0.6180263923  
-0.2338971272  
-0.8393310445  
-0.353344674  
0.2359538509  
-0.4173721846  
0.1433841102  
0.2482454288  
2.078033157  
-0.4080398942  
-0.8211074663  
-1.232751809  
-0.1392044271  
1.0320122  
-0.1036937433  
-0.2862440123  
-0.1384249944  
-0.3185667191  
-0.3504261123  
-0.7669165165  
0.102221256  
-0.333329399  
1.469369934  
1.817994364  
-0.9162487825  
-0.643848503  
0.3651725504  
-0.2704280704  
0.1897694799  
-0.3295436624  
0.09542690015  
-0.8130236061  
0.8249935595  
-0.08859966074  
-0.05717343915  
-1.417097342  
0.7062610049  
1.30348197  
1.106684951  
0.9466100214  
-0.2817208461  
-1.241591952  
-0.7882595107  
0.6854433638  
-0.3006810468  
0.8870054463  
0.6923676594  
-0.8354207412  
-0.6567681112  
-0.5694110398  
1.172278977  
0.8950304374  
-0.1250920404  
-0.8158556653  
0.674853301  
1.834097229  
0.3412860749  
-2.098714126  
-1.602899052  
0.7654425337  
1.179540089  
-0.859683664  
-1.160043612  
-1.570896351  
-0.8658579132  
0.1268710207  
-0.8806508412  
-0.2823211496  
-0.1437166788  
1.460687229  
1.044202301  
0.6269702178  
-0.1167308438  
-0.8494348211  
1.360596781  
0.02011912163  
-0.1901694571  
-0.5499212537  
0.1530125233  
0.2490749137  
-0.3892491428  
0.2288958363  
1.22343183  
1.137074656  
0.9815490853  
-0.1844053306  
-1.564926119  
0.1780122264  
-0.3758268374  
-0.6430071902  
-0.05015271607  
-0.2320024357  
-0.7935680547  
1.408928988  
0.9432766016  
-0.3913517752  
-0.1101063476  
-0.1634155775  
0.04023649996  
0.1116110654  
-0.2706925144  
-0.1918304761  
-2.069819294  
-0.8174975268  
-0.7552685722  
0.3125284084  
0.304227674  
0.4673762787  
0.2656920941  
-0.3819752697  
1.977454882  
3.432718825  
-0.598445266  
-1.504196607  
-1.712573956  
0.3840485287  
1.25988613  
1.000918926  
-0.4489444753  
-0.5550629969  
-0.5468659298  
0.6135130395  
0.4647223337  
-0.7675078982  
-1.760745615  
0.62921967  
-0.03425739377  
-0.7509783984  
-0.6300007282  
-0.7188395433  
0.9669120274  
0.6360284936  
-1.377147836  
-1.252473995  
-1.761883277  
-0.2235401799  
-0.131968412  
-1.038798399  
-0.469456243  
0.6360356012  
2.224610179  
1.584343746  
0.9929737942  
-0.6144031656  
1.062931859  
-0.2928810519  
0.9562117773  
0.4258295086  
0.805552694  
0.4595383739  
-0.8191845183  
1.301735288  
1.448553727  
-0.5625603296  
-0.9364059617  
-1.459240307  
-0.7439371135  
0.4981675144  
1.04024488  
-0.1523039831  
-1.442195093  
-1.970590834  
-0.6820759431  
-0.2313307336  
1.446610491  
1.537968564  
0.9576748095  
-0.5395091304  
0.3858041092  
-0.2965728453  
0.02397476535  
0.9647490181  
-0.417304818  
-0.8972494745  
-0.7618020896  
-0.8281956641  
1.085281442  
0.3305581192  
0.8285117392  
-0.2179857654  
1.279707189  
0.05369671508  
1.490400063  
1.489889104  
-0.326680908  
-0.8912235108  
-0.4399880281  
1.174753127  
-0.3715148233  
0.2879109614  
-0.5819768401  
0.1320590895  
0.3832598565  
0.06077054852  
-1.300491967  
0.6642948409  
1.338733923  
-2.360064044  
-2.063233334  
-1.287069164  
0.08419471311  
-0.4199593091  
-1.002102055  
0.9732847647  
0.4132805367  
1.104998225  
0.04978275861  
-1.031087685  
0.1441779242  
0.6834867612  
0.553336643  
0.8614608293  
-0.4915252292  
-1.006637184  
0.6582519855  
0.4076847582  
0.2354166026  
-0.175135361  
0.04324765206  
0.474559748  
-0.5318611809  
-0.78869472  
0.6968234891  
0.3402181354  
1.397883879  
0.2717815485  
-1.29532058  
-1.732757716  
-0.5572678534  
-1.026601628  
0.3246873383  
0.2501315257  
0.8894066745  
-0.3574562449  
0.8495855082  
0.5607058705  
-0.3027508944  
0.6046516439  
-0.2792798823  
-0.9498510042  
0.38085517  
0.9096744683  
-0.4564479652  
1.050352684  
1.730728812  
0.4047813807  
0.9876652164  
0.07663980168  
0.04065014496  
-0.7997419903  
-0.6954224515  
0.08618940869  
-0.6000035262  
-1.12266354  
-0.1921598097  
0.1123979922  
0.392161088  
-0.6847039515  
0.6568191556  
-0.5025721739  
-0.4975633184  
1.804758779  
2.171864216  
0.5975976718  
-0.9424120396  
0.4464518302  
0.3422664139  
-0.3242006028  
0.5020522349  
1.63381654  
0.3292182622  
-0.7962235999  
-0.9098661793  
-1.320815437  
0.6439228715  
0.9446493007  
0.2746522541  
-1.049483713  
-1.115155031  
-1.150025402  
-1.138056468  
0.4281834217  
0.7647134735  
1.218744813  
-1.388242974  
-1.161391614  
-0.4843733457  
-1.208508052  
0.2943595204  
0.2051869564  
0.9146528303  
-0.004579131113  
-0.4046718486  
0.5185505283  
0.7096658981  
-0.3277523429  
-0.293227761  
1.119694333  
-0.6468906348  
-0.5469402211  
0.1782585448  
0.1184306202  
-0.9252146851  
0.3381488484  
0.1430351908  
0.672277464  
0.7533678929  
-0.9933235869  
-1.03546428  
-0.04991543049  
0.4716003364  
-0.9506179442  
-0.9879567875  
-0.9431807323  
-0.8133799093  
0.8159167884  
-0.06010696254  
-0.6303384315  
-0.002704822486  
-0.07693963682  
1.167521706  
0.4268982072  
-0.528132649  
-1.449830372  
-0.7021671143  
-0.2950352505  
-0.1425029987  
1.177458084  
0.9109888577  
1.209299599  
1.525162828  
-0.8225881482  
-0.443631269  
-0.4589115006  
1.722313726  
0.1428355685  
-0.5654047868  
-0.6101988593  
