0.681561834  
0.2976529916  
0.8469097633  
-1.332483659  
-0.06692053906  
-0.6206923133  
-1.311779681  
-2.073221553  
0.1964330869  
1.396543044  
-1.19296785  
-0.2994345148  
1.232388065  
2.174008735  
0.9378112981  
0.8641179026  
0.08671250439  
-0.237197429  
1.052352301  
-1.524918975  
-0.8488480894  
1.767102592  
0.6985305944  
-1.924432331  
0.5310977436  
0.4928754023  
1.23147304  
0.4042285028  
-0.8537148368  
-0.06999003723  
1.278569595  
0.7434844419  
-1.803830553  
-0.9160588786  
0.08081453778  
0.8120426817  
-0.8295782942  
0.4507482504  
-1.208548339  
-0.6275247053  
-1.776325396  
-1.075959543  
-0.3030031597  
-0.7634783249  
-2.937596847  
-1.868992657  
-1.621897555  
-0.3017064591  
0.369257783  
1.020445962  
0.9416980406  
-0.1658173451  
-1.077813292  
-0.1544231787  
1.512120216  
1.098839028  
-1.605398672  
-0.1596799254  
-0.05517953745  
1.10207331  
0.1944203132  
1.078419103  
1.751090185  
1.743911381  
1.79217684  
-1.550479312  
-1.382969913  
-0.7285940963  
0.5920176453  
-0.6662568862  
-1.367426457  
-0.3123507579  
0.8566104546  
0.3422540625  
-0.5209117909  
-0.9982325832  
0.2512886587  
1.258596844  
1.021552469  
-0.3164581037  
0.04684179101  
0.8915210774  
1.247607779  
-1.168504608  
-2.179655406  
-0.2203829741  
0.6283051589  
0.9232212194  
-1.491711196  
-0.6240197354  
1.321540835  
0.5467809434  
1.546438082  
-0.5425792287  
-1.152185663  
0.3008430541  
0.2425726275  
0.2525320187  
-1.474026356  
-0.2375479279  
-0.3433503518  
1.266192835  
1.901143947  
-1.165915372  
-0.7207918884  
1.169147022  
1.662393485  
0.8883075378  
-0.7813119642  
0.9471919107  
1.973077732  
1.310918831  
0.4904536317  
-0.7338745268  
-0.1393803749  
0.6361569717  
-0.2436096746  
-2.282099822  
-1.940512926  
-1.3279424  
0.1184419778  
1.034346633  
-0.746009686  
0.2437635313  
-0.09803036186  
0.3486950678  
-1.671608515  
-2.524817955  
-0.1255888058  
1.592457044  
1.629476185  
-1.348676103  
-0.548877969  
0.2485137714  
1.170605522  
1.111050622  
-1.146274119  
-2.273213176  
-0.9403569543  
-0.05582218233  
0.4748481054  
-2.515906084  
-0.3904341662  
1.59276267  
0.9899093714  
-1.139178374  
-0.6591871602  
-1.491852331  
0.6737009927  
1.582827843  
2.764544377  
-0.3984739335  
-2.409016448  
-2.033983578  
0.3736264229  
1.813888157  
1.146060189  
0.04721810162  
0.6286810411  
1.575100906  
2.170184165  
-0.5818406054  
-1.362766177  
-1.381817722  
0.4702911729  
1.640545957  
-0.1563338234  
-1.720863227  
-1.01563873  
-0.5397562689  
1.517561354  
0.1572645268  
0.6667528249  
1.287057364  
2.43062828  
2.250926619  
-0.005860604203  
-1.373212571  
-0.7987364083  
0.8272363673  
1.60121328  
-0.3312402751  
-0.7272111068  
-1.017915588  
-0.5224343715  
-1.93441175  
-4.450191761  
-1.598656005  
-0.4761965376  
0.5627718129  
-0.6919678946  
0.2945032748  
0.9687447059  
1.222075603  
0.2153154096  
-1.071001646  
0.1712474278  
-0.4846512071  
0.8133738087  
-0.8159335734  
-0.4739271254  
1.609119439  
1.447984483  
2.522075939  
-0.06198118541  
0.5645125708  
2.211040899  
2.072713433  
0.1500010826  
-2.764059729  
-1.695835081  
-0.738996363  
-0.491761588  
-1.13913095  
-2.435475178  
-0.5377378468  
-0.06823468744  
-0.3924676123  
-1.968612055  
-0.7103430484  
0.08748191319  
1.096176361  
1.311633556  
-0.5330832691  
0.2278768993  
-0.05223147438  
2.822308771  
1.298080558  
0.2281064664  
1.153999573  
2.119373507  
2.378749295  
-0.1330992746  
-1.37748272  
-0.119935287  
0.917230072  
1.133561178  
-0.3918682437  
-0.7479167232  
-0.2514465383  
0.8463854331  
0.750667995  
-0.383862408  
-2.615802909  
-1.570167711  
-0.2489949718  
-0.2209554826  
1.116070357  
-0.3194654381  
-0.5506306109  
0.7002517452  
1.476765571  
0.7980121447  
-1.707722742  
-1.318988018  
0.002517135147  
0.4542492474  
-1.336556396  
-2.770964018  
-1.55723708  
-0.2985848934  
2.326122627  
1.759200385  
0.7752819268  
1.955083994  
2.113294912  
0.4882934815  
-1.329326735  
-2.393154269  
-0.48590526  
0.7225612536  
1.871186371  
0.06493076335  
0.05344131158  
2.326315743  
2.515981612  
1.073231834  
-1.599591627  
-1.923715223  
-0.7964963483  
0.5166190343  
0.2635285028  
-2.039889305  
-0.7637932893  
1.053610678  
1.860276886  
1.272617367  
0.9852589601  
-1.210974831  
1.0184104  
1.285468357  
0.5261287545  
-0.5603135438  
-3.135517811  
-2.106743533  
-0.7250997828  
-0.8178464379  
-0.7625000475  
0.6742382957  
0.1358020367  
-1.605129753  
-2.383858234  
-0.4597571232  
1.327554144  
2.349227739  
0.5166388826  
-0.3306139737  
1.349684056  
2.174152702  
1.457074684  
-0.2416165535  
0.03366316062  
0.518509629  
0.02650011672  
-0.5190875363  
-2.12570723  
-1.832530543  
0.1383810257  
1.751100232  
-0.9873055043  
-1.754422525  
-0.5450317319  
0.2895975904  
0.7813757657  
1.268206137  
0.2240833588  
-1.160728448  
0.5882232862  
1.40398656  
1.364401175  
1.218975808  
2.240642686  
-1.033313773  
-1.012290208  
-0.7763273512  
1.956674262  
1.374583439  
-0.481134452  
-1.647733458  
-0.03407085454  
0.907963174  
1.001034941  
2.230450748  
0.3545697621  
-0.7115141297  
-0.1561769117  
1.585418417  
0.6987826384  
-0.3472301353  
-3.302585643  
-4.390572563  
-2.605636543  
-0.1265279563  
1.404706272  
-0.1095482824  
0.1528754048  
0.6775130284  
1.633778536  
2.183665201  
2.491247094  
1.032107344  
-1.428105572  
-0.6833543894  
0.385759693  
1.006747243  
-2.311224517  
-3.91407386  
-1.378340208  
-0.6594199644  
-1.155402361  
-3.328091934  
-5.486448853  
-2.846809024  
-0.5352963247  
1.503223022  
1.226336122  
-1.042916246  
0.2584944021  
1.879250929  
0.9988002649  
0.1462962316  
-1.984269091  
-0.01869257496  
1.508547376  
1.742816094  
0.3305101777  
-0.8863480332  
0.02069958938  
1.354049444  
2.1218892  
1.970465661  
-0.8128717853  
0.9146555976  
2.14505422  
1.236519579  
1.163966833  
-0.8235122932  
-0.8366816823  
0.6975573674  
2.74643543  
1.665482618  
-0.5549054472  
-2.462066015  
-0.6735063321  
0.9722105793  
1.407391278  
1.493466371  
-0.09601364076  
-1.462512181  
-0.7631227948  
-0.2986994065  
1.709451354  
2.831468383  
0.292293852  
-2.432593678  
-2.088510398  
-1.161877953  
0.1959949562  
0.9742119695  
0.3212388873  
-2.252921217  
-2.103655874  
-0.4171204666  
0.7699687245  
2.087959321  
2.635921978  
1.277607224  
-1.325784439  
-0.3822080583  
0.7439786465  
0.3967810542  
0.5909090541  
-1.955941653  
-1.199958774  
-0.2539042845  
0.2745191185  
0.5871380501  
-1.61132533  
-1.673837629  
0.5812908019  
1.814069017  
-1.958474021  
-0.9494421026  
0.006862719064  
0.4720732759  
1.173207846  
-0.09404091428  
0.2543789599  
0.7124341732  
1.001776112  
-0.7032054533  
-0.5092751315  
0.2699270792  
2.137554692  
0.0138252586  
-0.3721195051  
2.064884285  
0.5786965355  
1.017343113  
-1.787697195  
-2.014305782  
-1.256147428  
0.2428937201  
-0.1449723454  
-1.764027392  
-0.8678651187  
1.00537898  
1.602974027  
2.21354606  
0.1266816152  
-0.4575698551  
0.779798564  
1.961608787  
1.448076866  
-0.02991374849  
-2.513675154  
-1.036274129  
0.4302568509  
0.6355105732  
1.145804326  
-0.7504141613  
0.01463639005  
0.7109194092  
0.2031652535  
1.122953523  
0.8503623232  
-1.571129116  
-0.4770536749  
0.3581737123  
1.795768116  
3.947234974  
1.543710108  
-1.600744068  
-1.200871287  
-1.687209652  
-1.63519447  
-0.2716535718  
0.6726794236  
-0.1506663256  
-1.278964126  
0.4555698131  
1.315893271  
0.7955170245  
0.4949478423  
-1.048507167  
-2.731780424  
-1.106774062  
-0.05381623555  
0.540238676  
1.388816284  
0.446877331  
-1.260911038  
-0.1770971112  
0.8636866516  
1.351127155  
2.624895713  
1.146110493  
-0.8673544178  
-0.09768962487  
1.049952302  
0.4155997127  
-0.8673152112  
0.5738292466  
-0.1198038574  
-0.6223813648  
0.03997016807  
0.05035926663  
1.395763472  
2.708270943  
2.26627506  
-0.9125103152  
-2.633765149  
-2.395355536  
-1.357667308  
-0.475452189  
-0.1891953507  
-3.045718601  
-2.832612879  
-1.36319922  
0.2539701856  
0.9013812632  
0.4753638509  
-0.255454313  
-0.4471338008  
-1.599426137  
-0.3869045624  
1.047931539  
-1.522139628  
-0.947643435  
0.9698814746  
2.968631226  
2.238843382  
2.328600757  
1.896839698  
-1.751836739  
-2.378494898  
1.121661926  
0.01470542062  
-1.191914224  
-3.148033209  
-2.456358756  
-0.7188653993  
-0.5054855254  
-0.9590855542  
-2.724231462  
-2.777625532  
-1.37011068  
-1.732082171  
0.2447595474  
0.9393632942  
0.7514073076  
-0.5811313522  
0.300801811  
1.623490804  
1.722069281  
1.177118111  
0.2400831423  
-0.3071968181  
-0.3308817217  
0.141807835  
1.068640317  
0.6688926286  
1.837528765  
-0.08614936102  
-1.584729435  
-0.9735896429  
-0.9028777555  
1.773895371  
1.385747574  
0.1383852352  
