-0.3268872248  
-1.282528145  
-0.5720590315  
0.2099815643  
-0.6082303395  
-0.943392289  
0.9486823708  
0.6689225212  
-0.5293540811  
1.103032364  
0.7427573779  
-0.9796493183  
0.4813546939  
0.1623213232  
0.6699356555  
1.020500059  
-0.8358244005  
-1.517242146  
-0.1363395533  
0.1510401555  
-0.7427867869  
-0.09112008667  
-0.04951014681  
1.195839205  
0.6862280846  
-0.6703224176  
-0.2886513623  
0.3489264694  
1.305016727  
0.1146583168  
-1.472659414  
-0.5973606244  
0.8199207248  
-0.3217812346  
0.9975117955  
0.6857392918  
0.1634231936  
1.57438306  
0.1700293067  
-0.767159233  
0.1989128926  
-0.1668205314  
-0.02168368623  
1.047086591  
1.126210003  
0.4427273851  
-0.3492090242  
1.552908942  
0.6265130702  
0.8654429595  
0.09784439117  
-0.502282222  
-0.1900211383  
-0.9485919197  
-2.053286534  
-0.3044059121  
1.470464549  
0.05137627019  
-0.8942547717  
-0.2662258075  
0.4606602914  
-0.288179785  
-0.7279278169  
-1.97020769  
-0.6868906053  
0.2414652188  
-0.6457413167  
-0.02719549207  
-0.7284252653  
1.244688447  
1.657234736  
1.102791  
-0.3089911917  
-0.3403424168  
0.8571934929  
0.2282503131  
0.4445921108  
-0.05567865415  
1.255400469  
2.052447041  
-0.5645625122  
-2.011923071  
-0.512865634  
-0.01991098826  
-0.4051811014  
0.09444389662  
-1.804716614  
-0.06064080509  
0.9885850069  
-0.5974705954  
-0.2799648522  
-2.800268715  
0.4040658551  
1.638710867  
0.8216046733  
0.7049706943  
-1.077282966  
0.7450518776  
0.950371159  
0.9462510903  
0.794630659  
-1.637285056  
-0.6036413441  
0.9158210062  
-0.1340242262  
0.4581796868  
-0.4444208607  
1.121745344  
0.8667679911  
0.1263723042  
1.154100378  
-0.5042902296  
-0.5647449456  
0.547726122  
-0.4713473553  
-1.167014423  
-0.3942948639  
0.4170728672  
0.831648017  
-0.9255976498  
-0.8920959909  
0.2682791775  
0.435191069  
0.2632489488  
-0.8796629571  
-0.603241593  
-0.09568480482  
0.7885669774  
0.08605084447  
-2.13004347  
-0.07336510196  
1.383915066  
1.325144312  
-0.1444821851  
-0.4039122204  
-0.1317728591  
0.7977646604  
0.7939341323  
0.08224884624  
-2.393910532  
-1.683444146  
-0.1186836801  
0.8400991834  
-1.301109929  
0.3138423998  
0.9219674602  
0.9405525682  
0.1158326598  
0.7171294129  
-1.202231124  
-1.097332494  
-0.2643899625  
1.581930094  
0.1419964468  
-1.053065317  
0.6876475152  
1.800349133  
2.929372623  
1.057401661  
0.2874431109  
-0.8313081279  
-0.7975314412  
-0.3440320499  
-1.987140052  
-0.4496692847  
-1.819343847  
-0.2879936203  
1.228386606  
-0.2861110441  
-2.14944277  
-0.7029024246  
0.9031751097  
1.111742582  
0.3955836199  
-0.9820302007  
-0.4871143599  
0.1079694377  
1.245113706  
0.3265047385  
1.135232214  
-1.326086323  
-1.198665654  
0.5759756842  
0.02119260585  
-0.7703374498  
-0.5665479921  
1.835283487  
0.6105770473  
-0.2272124769  
-2.395523167  
-0.3477203183  
1.052187225  
-0.5508960822  
-0.4066637812  
0.3973877458  
1.150160205  
0.05023880888  
-0.6421067187  
0.1874048844  
1.192539183  
-0.1145049775  
0.3944187163  
-2.448798668  
-1.486333648  
0.1159336766  
0.7310997411  
0.1035682459  
-1.285620973  
-0.4262093374  
2.227148147  
1.39888945  
0.01351232696  
-1.024737289  
0.5180528964  
3.016147432  
1.687651807  
-1.716082638  
-1.117202276  
0.1012127812  
0.4852081673  
-1.171352103  
-1.512512535  
-0.3188296642  
0.9823390645  
1.884245962  
-0.9493179312  
0.1219416678  
1.387024833  
2.262461425  
1.99147756  
0.3959126904  
-0.4505942783  
-0.09163288337  
0.1996953443  
-0.1731249999  
-1.117410123  
-0.6518817908  
-0.4431718706  
1.45991879  
-0.5554814881  
0.3340772053  
-1.973093194  
-0.3070575911  
1.285288954  
0.1737085319  
0.01512127329  
-3.007817626  
-1.380224288  
-0.2021548378  
1.651415444  
0.1788718181  
-2.849762043  
-0.3517195668  
1.465571585  
0.6017076624  
-1.115674701  
-2.683379039  
-0.8001331435  
-0.4187502361  
0.9815773361  
-0.2357085218  
0.1677616705  
-0.8001580648  
-0.4332947382  
0.7567278952  
1.262819537  
-0.9141954641  
-0.3964919237  
1.620784818  
0.8504026844  
-1.4825799  
0.04504691947  
1.143814569  
1.883961107  
0.6684749476  
0.1953047951  
-0.8059600901  
-0.6519778447  
1.282109329  
-0.3932213122  
-2.740256873  
-1.29596861  
0.6231884911  
1.04275126  
0.3162170486  
-0.9800037275  
-1.499212647  
0.03077120091  
2.12676977  
2.257192189  
1.731151351  
-0.424334838  
-1.766175497  
-1.385447516  
-0.4645179591  
0.7604308769  
1.601375838  
-0.4041234367  
-1.833274098  
-1.548319936  
0.7056629296  
2.098271321  
0.5989166161  
0.07086309423  
-1.851195375  
-1.121058685  
0.02185935479  
0.5399680774  
-0.1358841863  
-0.5871146637  
1.01976669  
1.472197439  
0.4510178832  
-0.5163458577  
0.8593964417  
2.270765382  
-0.7780705791  
-3.056209897  
-2.090804898  
-0.3037160428  
0.7429409289  
-0.6041936733  
-0.05241538959  
-2.774494086  
-0.717894186  
-0.08721428249  
0.7774373204  
1.577280671  
0.3380433361  
1.514293598  
-0.1769347946  
0.7008049156  
0.7874035774  
2.259420139  
-0.2805174174  
0.7487589322  
-1.50960276  
0.002371516621  
1.609915371  
0.1303055052  
-0.2919819519  
-1.559060964  
-0.4082725191  
0.03573091519  
2.636469552  
2.233792724  
0.5970151053  
-0.9028569831  
-0.3967194646  
0.5920927009  
0.2716043342  
1.471346696  
-0.9353223371  
-0.8679341284  
-0.6479148076  
0.008191935498  
0.858421871  
-0.1152373582  
-0.9228745641  
-0.6595239906  
0.1097277215  
0.731063614  
0.1346060455  
-0.0139680229  
-1.627443238  
-0.9567818306  
0.2699651869  
0.6182564019  
0.3333916787  
-2.089663464  
-1.497568681  
0.4660172785  
1.390127356  
-0.8299112171  
-2.704695785  
-1.577173876  
0.08265654225  
-0.6606035649  
-0.07913199145  
-1.646275193  
-0.5387510506  
1.355278908  
0.5660498324  
0.587908336  
-0.4994176195  
0.3468538658  
1.024577508  
0.1482348366  
-0.4412136391  
-0.7396961164  
-0.8001512135  
1.265102828  
1.835217471  
2.270576675  
-0.4903897497  
-0.509883301  
1.200367385  
2.169530987  
0.08066722909  
1.138147121  
-0.5292304363  
0.288148614  
0.6405076148  
1.024517638  
0.1486548573  
-2.25948113  
-1.002327829  
0.7550371541  
0.8391705317  
0.4850137197  
-0.337664366  
-3.057751574  
-1.477124795  
-1.154845604  
0.6425893873  
1.857129162  
0.592337988  
-0.4839583521  
-3.173187982  
-1.198494457  
0.7131948948  
2.132144901  
0.3231287752  
-0.6635471529  
-0.6820221374  
-1.126283981  
-1.741106367  
0.9730253121  
0.9951615724  
0.3658303694  
-2.142663063  
-1.262827588  
0.6310569653  
2.012092517  
2.515797359  
0.9460677333  
-0.1093486501  
0.5086692407  
0.9456267896  
-1.724569825  
-1.434998656  
-0.8146115654  
-0.02058126415  
-0.110414238  
-1.571773463  
-1.593087182  
2.206652693  
1.334331287  
0.5329874003  
-0.3703230566  
1.645652071  
2.209368716  
0.06806148692  
-0.4527097296  
0.7838861067  
1.770547048  
1.732286845  
-1.06655649  
-1.897337226  
-0.1213665625  
-0.1298673202  
-0.6540547277  
-2.834533294  
-1.7051874  
0.5631283709  
0.1052312559  
-0.2231649955  
-1.19838305  
-1.077877763  
-0.1733675566  
1.327113645  
0.9717685748  
0.3234521771  
-1.06204824  
-1.102861871  
0.9415691107  
0.7826691931  
1.061018688  
-0.5125254168  
-0.05961070698  
-0.08331859859  
1.368972642  
2.052250298  
0.3120483023  
0.1989452909  
1.741019304  
2.025300007  
1.849129087  
0.8349912496  
0.4961230746  
0.03212473691  
0.0305974183  
0.4807283281  
1.432258591  
0.5724284327  
-0.8912311907  
-1.065239328  
-3.594494988  
-2.598518752  
0.2777407517  
0.4255869511  
0.3560606577  
-2.071576832  
-1.596328175  
-0.2902185143  
1.192736784  
0.6107237865  
-0.6151660592  
-1.316698677  
-1.388259433  
-0.7836256809  
0.6489612459  
0.8347967327  
0.9493536536  
-0.1920121513  
0.04983508138  
0.4735995749  
0.06907069367  
1.4522368  
2.348234209  
0.8892048197  
-0.9458517036  
-0.1651301559  
1.222283507  
2.262730064  
0.6237442367  
0.01560070516  
0.2023310916  
-1.309292683  
-0.2287076423  
0.2081102529  
1.402324126  
0.3794688223  
-0.2474879749  
-1.91323478  
-2.130079503  
0.3173643004  
-0.4608898959  
0.004250171503  
-2.783373303  
-1.97177404  
0.429948949  
1.616589542  
1.48047079  
-1.158400578  
-1.458390285  
-1.375592288  
-0.6702310485  
1.278045596  
0.9394097824  
1.305576017  
-1.74876559  
-1.938880208  
-0.7236217243  
1.102790371  
2.332259236  
2.050953892  
-1.999555243  
-3.461931259  
-0.69340967  
0.6620422094  
-1.028513029  
-1.145278727  
-0.04412883962  
-0.6652632073  
1.211128742  
1.819107083  
1.084363568  
-0.4672874083  
-2.562988149  
-1.012838681  
1.721226926  
1.384534463  
0.2664057442  
-1.143950173  
-2.665910074  
-1.8071085  
0.8701910115  
2.259567651  
2.388420147  
2.106795088  
0.2662904318  
-0.4030755582  
-0.4258466203  
0.8542680287  
2.803927591  
0.9690527448  
0.2700095123  
-2.491415981  
-3.411354226  
