-1.64319982  
3.025881328  
-1.725637396  
-2.272756244  
-1.557320223  
3.049769649  
-2.082139051  
-2.461620129  
3.172843479  
1.698150126  
-1.742199707  
-0.07031933863  
1.180107721  
0.7638976046  
0.08182214569  
-2.580428371  
-1.627264601  
4.130347341  
2.265511483  
-0.7206274137  
0.6390895678  
1.787205455  
2.170894857  
0.9569664794  
-1.274817272  
-1.140619432  
-1.889943969  
-1.131946732  
-1.851356187  
-1.705346563  
0.9066374799  
0.5352956905  
-0.5972476145  
1.502956322  
1.234645386  
0.6984147815  
0.7059871418  
-1.303644439  
-0.1965246518  
2.25948526  
-1.924707435  
-1.291134985  
4.348158102  
0.4195269993  
-1.757466073  
0.4491602842  
2.105975587  
1.854744135  
-1.337040161  
0.09583193414  
0.4330000237  
-2.338704847  
-3.215433048  
-1.383058761  
0.1839273944  
-1.201028867  
-2.31935185  
2.247738652  
2.98792993  
1.282430728  
-2.162277061  
-1.253119749  
-0.2393843883  
-1.170132994  
-0.05945403897  
-1.413667216  
-0.6041278094  
3.360261995  
1.766659479  
-0.5224277397  
-1.062390728  
0.305106815  
-0.6319820599  
-0.2423993922  
-0.8143235112  
-1.834969403  
1.899090864  
2.317140591  
1.726573364  
-2.025128647  
-0.5147557319  
3.736517396  
1.994015651  
-2.633571193  
-3.192054308  
-1.34602416  
-1.348535433  
0.2496758359  
-1.572751555  
-2.430378582  
2.256824339  
0.9204186307  
0.1732660639  
-0.02756938619  
0.141190326  
-0.2235009533  
-1.076803814  
-0.9490102121  
-0.7544339231  
-1.71092909  
0.06150584786  
1.661188993  
0.9725186394  
-1.201410053  
0.5097765712  
0.07287635222  
0.7724495406  
2.205065027  
0.5625805794  
2.340131802  
1.602081152  
1.021018382  
1.822881738  
-1.408725956  
-0.733777584  
4.108654947  
2.885537193  
1.610413331  
-2.280547361  
-1.285658639  
3.653252094  
1.444835931  
-2.350578274  
-2.124422659  
-0.4711409569  
-0.1751485528  
-1.397538405  
-0.3726201397  
-1.0520021  
-1.218148574  
-0.8829654854  
-1.779885174  
-1.793047299  
0.002824174383  
-0.695417891  
2.685331521  
-0.9380328957  
-3.067753653  
0.6060824655  
0.3270650081  
0.2122067873  
-2.187512275  
-1.092319938  
-0.4623792938  
-0.4190446323  
-0.3476629165  
-0.3326433366  
-0.581681124  
0.9499004505  
1.013576186  
2.140019135  
0.433270482  
-0.583943116  
-0.5712904243  
4.116241267  
2.275598721  
2.551969141  
-0.7041810613  
-1.891621102  
1.683712794  
1.141526965  
-2.537652798  
-2.755059679  
-1.059428265  
1.421793078  
1.590171374  
-1.435383638  
-2.564091569  
-1.180592298  
-1.321656466  
0.01290932751  
-0.6108931671  
-1.644333736  
-0.3626945811  
3.665524527  
1.320733331  
-0.53700877  
-0.874751129  
-0.5835162031  
1.149881921  
1.680252489  
-0.8021050449  
-2.955344725  
-0.6425735134  
-1.733560409  
-0.2428562652  
-0.1674624014  
-0.4355674792  
0.7925186544  
1.148087588  
1.334895787  
0.686526059  
3.800927199  
2.59406883  
1.011213548  
0.4517422581  
0.1744222068  
0.7405649795  
2.041285951  
-0.4872219302  
-0.1275177192  
-0.7223839756  
-1.256098912  
-1.823645851  
-1.91871787  
-2.712165313  
0.4279431783  
1.788775595  
2.424288391  
-0.5662605494  
-0.8623986971  
2.056377127  
1.607883977  
-0.7484118382  
-1.19035912  
0.03307229106  
0.5026234498  
0.9382332217  
-0.8508769318  
-2.035991028  
1.208790007  
3.674085436  
0.2145329251  
-3.210276825  
-1.939746043  
-0.8554436898  
0.8096355991  
-0.795833709  
-2.758242402  
-0.7717985235  
4.564568375  
2.406671378  
-2.340892159  
-2.03185668  
0.4070518231  
3.837999375  
2.62355662  
-0.6148426254  
-2.793166032  
-1.150596429  
2.366915027  
1.252266288  
0.147730809  
0.1871139895  
-1.384674799  
0.0420313556  
0.196782975  
0.9157825929  
-0.08839232232  
-2.228999279  
0.440204376  
-0.7928578809  
-0.8559910313  
0.4369477975  
0.8963919153  
-0.8341279578  
-1.067223577  
-0.5191558369  
-1.652526808  
-1.380421679  
-0.3934409272  
1.877562445  
1.049151953  
-0.9884180266  
2.411806904  
1.799063614  
2.094994898  
-0.2251884094  
-2.657320353  
-1.17030443  
0.9522761662  
0.2618229903  
-0.8910670897  
-2.656652802  
-2.222340138  
1.494910917  
1.517994845  
-2.597586698  
-0.9483519972  
0.7411288291  
1.86005319  
-0.4479328377  
-2.099358531  
-2.246480152  
-1.438783492  
2.679039074  
1.477699914  
2.454582187  
0.3543619958  
0.738510867  
0.5223292785  
3.802261198  
0.8701445037  
-1.572337958  
-3.519337267  
-1.458513441  
-2.203013873  
-0.1102345276  
4.219587018  
1.460990558  
0.04243478105  
-1.462180625  
0.901170066  
0.7941874612  
0.01583641765  
-2.942133976  
-1.195800129  
1.421071532  
1.627045567  
0.7270494979  
-0.795696193  
-1.105227892  
1.530554319  
1.397320609  
0.5781562049  
-3.114749318  
-2.13953114  
3.443053252  
1.553676544  
-2.104816351  
-2.702137634  
-1.210852719  
0.3776027678  
1.245385334  
2.196127068  
3.101474099  
-0.4683940411  
-1.402784387  
0.5374939442  
0.8750291298  
-0.008980728453  
0.6649735548  
-2.647748394  
-2.503077757  
1.812522948  
-0.6271630627  
-0.8621344339  
-1.024857466  
-1.128107314  
-0.006617442346  
-0.540989557  
-0.4768788442  
0.3837577539  
-1.788820654  
-3.173400003  
-1.731488178  
1.234019887  
2.812515835  
1.371074023  
-2.042435185  
-2.324026533  
-0.7479948652  
-0.783813958  
1.622821139  
2.232376895  
-0.884165859  
-0.6414922026  
-0.7656521028  
4.02918836  
1.930067279  
2.424329367  
-1.418734638  
-1.996980411  
2.785720827  
1.21720954  
-1.551015802  
-2.322329774  
-2.181742761  
1.121148206  
1.042198338  
-0.4469684172  
-0.1687560289  
2.755191095  
1.228057566  
0.5685500836  
-0.4721525414  
-2.526140791  
-1.591593025  
-1.190017629  
0.1560858887  
0.6355662723  
-0.973064888  
0.6237019021  
-0.4904704694  
-1.983928295  
-2.799022353  
-1.871172785  
-1.080262215  
3.691547483  
0.9390792153  
0.4391108409  
2.660476951  
-0.1415404213  
1.950570474  
0.9387673524  
-0.4678184573  
-0.280293717  
-2.260420701  
-1.49559395  
0.04912130822  
0.4279974217  
0.8726287538  
-1.336767856  
0.6650395642  
-0.743208889  
0.1319778085  
1.426945623  
1.888802392  
-1.648513429  
0.4521309964  
-0.5052426488  
1.091911356  
2.06999439  
1.41000295  
-1.549516602  
0.2291901165  
-0.657709994  
3.251457389  
1.025013496  
-1.2650705  
-0.9640138513  
-1.956785608  
-1.342715525  
0.5836661458  
4.765053875  
0.7778805297  
-1.14282933  
0.4087620323  
-1.279730155  
2.437471555  
1.266211544  
1.077497094  
-1.991474947  
-3.319557491  
-0.3838884769  
3.572334219  
2.308578944  
0.5892476924  
-2.911830299  
-1.791934862  
-0.4401083293  
-2.488415959  
-3.875603645  
-1.528370123  
3.465992421  
0.6662523141  
-3.826392431  
-1.485288041  
0.364241794  
0.9834719693  
-0.8447551809  
1.030979108  
-0.3250641233  
3.910652776  
-0.4019397422  
-2.062603885  
-0.3933235392  
-0.4362179649  
-0.05025110613  
-2.009589642  
-2.315816355  
2.730255497  
0.2853005409  
-0.8050815131  
0.6051149339  
0.1333069654  
-0.03128962913  
0.5065849631  
1.399486925  
3.970196681  
-0.5986113608  
-2.067839923  
2.018050922  
1.908881437  
1.014488478  
-0.5470773808  
-1.214241443  
0.04963531048  
4.540295742  
1.563444379  
-1.659160063  
-1.398907435  
1.437093786  
-0.3264958398  
2.607012471  
2.976795162  
0.009067927572  
-0.6052763056  
-2.558385108  
-0.4341983556  
1.746064695  
2.366725515  
-1.147434819  
-1.596957072  
-2.75102592  
-1.610349616  
0.8643190971  
1.322823451  
-0.5979514294  
1.461776915  
-2.1809189  
-2.716677645  
0.9407436201  
1.183006653  
-1.09442591  
-0.7053002107  
-2.461227422  
-0.7350704482  
4.027805607  
0.7004475948  
-1.155377537  
0.4940427247  
-1.52412479  
-1.388505513  
0.7875699958  
3.62946358  
4.076988337  
-0.8501253663  
-0.9570565402  
2.46051464  
-0.4959572749  
1.004055584  
2.519548534  
-1.621439683  
-2.086923195  
0.1102454838  
-0.8945048484  
1.953492144  
1.006310714  
-0.3410513823  
-1.005888178  
-2.411174178  
-1.047568309  
-0.9576787422  
2.814498325  
0.6046471457  
-2.804471254  
-2.206813072  
-0.7706782556  
-0.1293062438  
0.3573804605  
-1.232637517  
-1.581827658  
-2.891246681  
0.2307013133  
1.125093711  
3.149246175  
-1.378253358  
0.6132336902  
-1.711186742  
-1.014578991  
2.509757608  
2.26816804  
1.660299664  
1.701930144  
-1.326253364  
-1.09380772  
0.6052082498  
-0.3556559256  
-1.749611277  
1.000103771  
-1.908795625  
0.2739505935  
2.725959821  
-1.295567527  
-1.625558557  
-0.1040699008  
-2.017479599  
-0.3248825475  
1.44840607  
-0.6971631767  
-0.3615251185  
-1.849713585  
-0.4652229455  
3.684677727  
2.599862287  
1.297811613  
0.0865855593  
-0.608677425  
-0.8490226918  
1.381205899  
0.4445713831  
1.731681485  
2.242697437  
-1.656810388  
-2.920574698  
-2.72171717  
-0.5840824235  
0.9627436502  
0.4811704532  
