-0.4985205348  
1.488339116  
-1.82504059  
-3.298097484  
-1.354309458  
0.1434051506  
-3.08212571  
-1.553961688  
1.417179988  
1.090237475  
-1.679091967  
0.5790513992  
2.42750763  
2.385382496  
0.8551778465  
0.06908745036  
0.9159830766  
2.274659988  
-0.09542286013  
-0.4492942859  
-0.6847493059  
1.578878392  
0.3798233049  
0.3118191205  
1.441790643  
0.5971273484  
0.8398257424  
-0.295578756  
-0.05996856924  
0.973126572  
2.551652734  
-0.4855034609  
-1.957866983  
0.05897091724  
1.820425381  
-2.037983127  
-0.756730552  
1.71370741  
1.185902905  
-0.5267266016  
-1.893000058  
-0.09210601767  
1.444287359  
-3.310187143  
-3.950966338  
0.9994094788  
1.381118635  
-0.8737941746  
-2.329369985  
-1.846102682  
-0.4318804343  
-0.06951368773  
-0.3130451556  
0.2637811085  
0.5121927888  
-2.24873589  
-1.945379251  
0.9705188865  
2.42981484  
0.9408614201  
-0.2378453297  
-1.358062581  
0.4757564042  
1.700834816  
-0.6328297616  
-1.502758265  
0.1291546881  
2.012208116  
0.6313959962  
-0.4323861697  
-1.125532467  
0.7761399605  
1.300584269  
-1.269887887  
-2.371610625  
-2.014431119  
2.092838772  
1.648595998  
1.300224874  
1.443106855  
1.318758584  
2.294389061  
2.029592624  
0.1360550897  
-1.54859237  
-0.02208730806  
1.581299319  
-1.227091199  
-3.311712017  
-2.131602833  
1.048562953  
0.9263072601  
-0.8797136626  
-1.093970151  
-0.7082029573  
1.841010038  
0.4870032578  
-2.20418584  
-2.661475622  
-1.251697468  
0.3005800635  
1.443382313  
-1.145206957  
-1.127366425  
0.6053512859  
1.911020288  
1.065007513  
-1.515711361  
-2.689593145  
-0.0157798762  
3.153246499  
1.84469203  
-0.3799048794  
-1.137900792  
-0.3087169603  
2.463803329  
2.974868929  
1.413791239  
0.01020130385  
-0.5237874628  
0.6316548466  
-0.9792970965  
-1.165521538  
1.028760086  
0.2719221745  
-0.2287379205  
-0.9740433756  
-1.515583072  
-0.9753011019  
1.777183134  
-0.3931582584  
-1.413647848  
-0.5856304097  
0.4888953792  
2.152825143  
0.240844535  
-2.226778754  
-1.9469324  
0.4841062209  
0.4950929068  
-0.1716430458  
-3.110806478  
-2.894676632  
-0.1745000269  
-2.187598327  
-0.9437479545  
-0.2783899634  
-0.02704672136  
1.896489684  
3.886926197  
1.872619691  
-0.6184982801  
-1.002363396  
-1.101587997  
1.398986457  
1.717820543  
-0.3145026829  
-2.129148045  
0.2053560098  
3.53858878  
2.46862166  
-0.2286833958  
-0.8289932141  
-0.5351574825  
2.448193046  
2.538074419  
0.3204260092  
-2.127219981  
-3.329865342  
0.1606659128  
-1.202971691  
-0.7031570036  
-0.05976874344  
-0.3124621166  
2.572107932  
1.035463544  
-0.6193822415  
-1.480363059  
0.8459415128  
2.75580859  
1.317036896  
-0.2739381123  
-1.307216529  
-2.437758317  
0.6680794746  
-0.9276743559  
-2.48600436  
0.220584279  
1.347912043  
-2.159239519  
-2.03374097  
-1.183281567  
2.56251452  
2.271641428  
-0.05613871178  
1.04293455  
0.9024855037  
1.290862269  
-0.2195373324  
-2.239133922  
0.03531818194  
1.295035144  
1.857288212  
0.01983767497  
-1.605361519  
-0.9423982596  
2.324575844  
1.763367094  
-0.8610041669  
-2.346455147  
-0.5210770782  
0.516690438  
-0.4676780974  
-0.4264414254  
-1.629561585  
-0.4746104997  
2.41231738  
-0.5274193893  
-1.44254596  
-0.7596374644  
1.428055317  
1.979803039  
-0.7071308881  
-0.313979652  
0.2315273633  
1.404653791  
0.618766339  
-0.561395694  
-1.658906762  
-0.7440570453  
1.482370901  
0.5818143019  
-0.5955475078  
-0.9739036858  
-0.1033968536  
1.257002427  
0.4231249814  
1.110762229  
-0.074473458  
-1.51192561  
1.704543894  
0.7222887983  
-0.8407839567  
-1.467793503  
-0.5101891507  
1.221869588  
1.446999186  
-0.00382840048  
-0.8645533457  
-1.582664659  
-0.934133366  
0.8668769915  
-2.015860188  
-2.697881907  
-0.60737962  
1.616786698  
2.630988006  
-0.9580619179  
-0.783687859  
-1.116902187  
0.2938667132  
2.370455327  
1.682296263  
0.03345514843  
1.2197552  
3.148011054  
2.001792555  
0.3063234127  
-0.9464273599  
-1.235408143  
1.328208527  
0.02718458014  
-0.5571407427  
-0.4053012267  
-0.04648301834  
1.547130387  
0.307671008  
-1.140945237  
-1.406917139  
-0.02750285178  
1.878811839  
-1.758053145  
-3.084862044  
-2.079882898  
-0.5052787895  
1.640116297  
0.5640107879  
-0.1542343362  
-0.5184757707  
0.4995802899  
0.5166915001  
2.300943596  
0.3019826819  
-1.235398189  
-0.5587224604  
1.488678919  
-0.07406212199  
-0.3581258542  
1.563603198  
0.4963399472  
-0.8745579516  
-1.77369912  
0.1583809109  
1.35515405  
0.7542151581  
-1.441107669  
-2.219628889  
-1.046174543  
0.02337841146  
-0.777838595  
-1.447936477  
-0.01996509761  
1.230238712  
0.7556325804  
0.4636393475  
-0.55437398  
-0.1753455885  
2.39154038  
0.08698641515  
-1.932108492  
-0.6561227187  
-1.1435008  
0.8228298495  
3.213702726  
0.841822715  
-0.9003729047  
-2.832890552  
0.02875922899  
0.9824697936  
1.06166723  
3.096664885  
2.063491052  
-0.06250433816  
-0.9598456201  
-0.3431342324  
1.459907919  
1.921250242  
-1.3276132  
-2.522045302  
-0.5313921881  
1.691761962  
2.072867428  
0.00062495254  
-1.877303666  
-2.397730049  
-1.77222517  
1.317949059  
0.4629722721  
-1.318640203  
-2.805725803  
-1.300670793  
1.468862645  
2.134839127  
0.3007707699  
-0.5612543512  
-1.51223504  
-0.3699197292  
0.7323954088  
2.420544681  
1.688712601  
0.9821868832  
-1.991766833  
-1.431358165  
1.645047855  
0.8899317762  
-0.5167533296  
-1.785751293  
-0.02300354911  
1.692084426  
1.061966711  
-2.192734477  
-2.932394294  
-1.152916389  
0.6852350142  
1.397474639  
-1.663298703  
-3.769741201  
-1.292687511  
3.407494616  
2.761165853  
-0.2835168357  
-2.566650844  
-1.458643881  
0.1486570034  
-1.168097831  
-2.158344714  
-0.6036350071  
0.1761984932  
2.490414371  
1.855961141  
-1.620306734  
-0.923427752  
0.05136552244  
1.771464542  
2.342267796  
0.1044028566  
-0.6430433607  
0.04229971739  
-0.2920745748  
1.360444709  
1.622953163  
-0.9547720582  
-2.58703938  
-0.4756874294  
0.464095209  
1.331253401  
0.04719676762  
0.195191667  
-0.5551190374  
0.7214612463  
0.6897691315  
2.75076766  
1.657075708  
0.5691080316  
-2.79171414  
-1.591009449  
-0.8566406568  
2.001182906  
0.04680972536  
-2.81715819  
-0.9467601999  
-0.7895818839  
0.1189963727  
1.825193801  
3.682591658  
2.001066275  
-1.105925556  
-0.3598342632  
-0.588678623  
1.069455343  
2.063414794  
-0.4714792553  
-3.083167527  
-2.800438988  
-1.730828604  
1.554469392  
0.5212871133  
-0.09046813011  
0.7412616527  
2.186849916  
1.668017711  
-0.7356328245  
-1.030639822  
-0.8689605593  
0.7810046419  
-0.4461834026  
-1.550441078  
-0.9020982269  
1.201580853  
1.083098748  
-1.145240229  
-0.4200471015  
0.8545311424  
2.16973889  
-0.7070451778  
-1.020873135  
1.377006355  
2.238174488  
0.6671555799  
-2.108283586  
-2.873838009  
0.4252579768  
1.258033395  
-1.055312004  
-0.5800624134  
-0.805186049  
0.7768563614  
1.257329847  
1.43951709  
-0.5600558968  
-1.011203495  
-0.8276906502  
1.011938308  
1.984303305  
-0.6833642437  
-0.9727468829  
-0.3441170653  
1.009814642  
1.9820549  
0.8415815011  
-1.258820473  
-0.4500056893  
0.1698529403  
0.6920302594  
0.0781525753  
-0.4137922232  
-1.21168898  
0.1298822562  
-0.8481463475  
0.4141187716  
0.8797667551  
-1.321679584  
-0.9351481154  
-0.07393137553  
-0.7069253878  
-0.2301215499  
2.040870803  
1.388538104  
-1.208064407  
0.07957322931  
-0.7040016953  
0.8179666018  
2.224219833  
1.553003127  
0.710904526  
1.690259974  
0.4271313016  
2.017947666  
2.131247101  
0.2786044851  
-2.293791601  
-0.8374442617  
-1.158142852  
-0.1146649763  
1.773873597  
2.87317709  
-0.01794038  
-1.802615211  
-1.516472917  
-0.03491245329  
0.8865809257  
0.6651857333  
-0.7434302419  
-2.264541533  
-1.930762165  
-1.55375624  
-0.9543059736  
1.479243854  
0.32892321  
-1.051148668  
-1.183176789  
-2.428759192  
-1.335149891  
-0.03573812187  
1.924652568  
-0.03477200079  
-2.72482728  
-2.35283086  
1.228596925  
1.15276896  
-0.9375907743  
-1.069997521  
-0.9874231457  
-1.061228166  
0.4710154  
1.204905812  
-0.4764783148  
-4.477203371  
-1.788501631  
-0.07070553155  
1.753749761  
2.282997317  
2.685576909  
1.342604038  
-1.157846284  
-1.272278186  
2.313345159  
2.912018443  
0.7107175891  
0.6151826548  
0.1331886385  
-0.1132832864  
2.853540849  
2.149774443  
-1.238683449  
-2.928175847  
-1.130843122  
-0.3781736192  
0.7536246688  
0.5427994817  
-1.37076193  
-0.3968513071  
-0.5902987894  
1.955941864  
1.851753976  
0.6055902127  
-0.5282797682  
-1.034221903  
0.2138572334  
1.172714172  
1.334994206  
1.530836128  
0.8677795876  
-1.736852128  
-3.075865202  
-2.675066044  
-2.343469424  
-0.2248518835  
1.87107943  
0.9281372809  
