-1.161820598  
0.2885083965  
0.6160323947  
0.3247893634  
-1.036884941  
1.089085629  
0.4429137275  
-0.8449045339  
1.333718027  
0.3040237759  
-0.5965594509  
-0.1506889564  
0.25475168  
0.8687779078  
-0.5833120148  
1.606355938  
-0.03840767138  
0.9423151814  
0.1720769019  
-3.797986825  
-1.464645186  
0.01223010319  
0.2811219447  
-2.028197677  
0.4613340674  
0.8145238963  
-0.8816107906  
-0.0287375465  
0.6121624184  
0.6023393695  
1.59987405  
1.086053515  
-0.3786064017  
-0.9849703531  
0.5206283293  
-0.3138703682  
-1.277082358  
0.3921969913  
2.17374436  
-0.1652015868  
-1.218798993  
-1.618781533  
1.220310745  
1.294996258  
0.7394423967  
-0.2800914434  
1.83043491  
-0.5454694869  
-0.2151393771  
0.02565720224  
1.777983601  
-2.585277157  
-0.7305227116  
-0.1244946368  
0.2542624517  
0.1871435762  
-2.427113241  
-0.7916149043  
1.336330728  
1.87905203  
-1.560491985  
-0.1657921423  
-0.3001830135  
-0.135463437  
0.6665500333  
-0.6142961647  
0.5433428327  
1.770895912  
0.4087296007  
-2.459619029  
-0.8845121696  
0.5143183702  
0.3656648345  
0.5976178327  
0.1405366818  
-2.062997075  
1.634304339  
1.889603482  
-1.011410733  
0.2512443732  
0.2074187633  
0.2689782414  
-0.2378045772  
-2.712284854  
-0.1465409571  
0.6720812562  
-0.4769885461  
1.078468828  
0.2902892273  
-0.4673445379  
1.949001412  
1.110873075  
0.9343684125  
-2.182048316  
0.09896942185  
0.4214159802  
0.2122040881  
-0.37749074  
-1.529563132  
-0.1224823708  
0.413135394  
0.8413315829  
1.146789955  
-0.8758861393  
0.3794618302  
-0.003214858763  
0.6170288102  
-0.0605506918  
0.07869626337  
0.348156801  
1.503210073  
-0.1859934728  
-1.524236608  
-0.3228004945  
-0.1732893303  
0.4070824396  
0.404373813  
-1.751232111  
-0.8031313454  
-1.474668805  
0.2487636204  
0.5922339511  
-1.380741906  
0.3396822729  
1.491007167  
1.216529327  
-1.363356579  
-0.9139231059  
-1.362423314  
-0.05851873729  
0.7781779388  
-1.686328332  
0.5893066964  
0.767449761  
-0.1910499265  
0.6530119327  
0.119387129  
-1.053209651  
0.8159171319  
-0.7567045665  
-0.3822977499  
-0.2212045411  
-0.4423119045  
-0.5337113323  
1.015676847  
-1.19926223  
1.289684016  
-0.03642137969  
1.234385516  
0.2958276118  
2.022891185  
0.9077364975  
0.3243063488  
-1.331421683  
0.2787453208  
0.6813761731  
-0.5079215935  
0.3785198744  
-0.8074361765  
1.4211906  
-0.4978587082  
-1.896906133  
-0.1433470956  
-0.6216566562  
1.503804358  
0.9882250357  
-1.602725446  
0.03005003437  
0.8464097115  
-0.2781934092  
0.2085540497  
-2.794678676  
-0.1662663275  
1.045268971  
1.539306096  
0.6265090982  
-0.4503229999  
-0.5506839264  
-0.6379611969  
0.2254245429  
0.3506299344  
-1.454517077  
-0.3227863535  
1.575823176  
0.05012492179  
0.4988962051  
0.1237922348  
0.6636330836  
2.199771498  
0.4710080898  
-1.947143641  
-0.3251303829  
0.9358018576  
2.114306637  
-1.093172565  
-2.573275195  
-0.3139457855  
-0.07376574738  
1.019759571  
-0.6134149179  
-0.34567846  
0.118105771  
-0.1991087939  
-0.2351176259  
-0.2701579899  
-1.748600749  
1.401178238  
1.456142345  
0.8996324362  
0.7346875495  
-0.977270276  
0.6793278436  
0.1747911078  
-2.002222904  
0.5909267632  
1.814950599  
0.5763478918  
-0.1345606327  
-0.2972492931  
-1.251104348  
1.47565275  
1.632065056  
0.42304235  
-1.41961078  
0.9093662279  
0.2933322531  
-0.06768819363  
-1.980623738  
0.9193574233  
0.2051701178  
0.9289009026  
-0.2764927032  
-4.019164737  
-2.554920812  
0.2475753527  
-0.1795865136  
-0.3593838766  
-0.7817921446  
0.4123808294  
-0.615528509  
0.9689002048  
0.06902921995  
0.06264614713  
-0.07654953356  
0.4232072845  
1.583643704  
-0.1875986006  
0.3638450454  
-2.023407375  
-0.7020094285  
0.3732650564  
-0.4958799865  
1.185402158  
0.3806761391  
-0.1709482116  
1.059770044  
-0.175598635  
0.4408911763  
-1.122889299  
0.386713992  
0.7145962422  
2.334965645  
-1.897479866  
-0.02723815869  
-0.1104483965  
1.733251801  
1.77699172  
-0.6503355159  
-1.115356143  
0.4403917102  
1.026046985  
0.5743701431  
-2.377533263  
0.1940003993  
-0.7264076461  
0.7065255072  
-1.755880051  
-2.883641981  
0.09751362122  
0.4002044552  
1.130573984  
0.2422688403  
-1.971393051  
-0.9508892102  
0.2107227885  
1.395244761  
1.961798929  
0.7069497723  
0.8698632251  
0.4119258197  
1.248861592  
-0.4941548202  
-0.9065712289  
-0.06660761378  
-1.274427351  
-1.419928959  
0.07393015096  
1.033155455  
0.1666072223  
0.5518781959  
-1.832481412  
-0.4670744284  
1.387949124  
0.2750922736  
-1.089678306  
-1.251812896  
-1.048372024  
0.1353723898  
2.181705398  
0.5885197482  
0.447040383  
-1.468435116  
1.34618771  
1.412672453  
-0.1995884653  
0.3540026635  
0.2621492577  
1.344732181  
-0.2111573643  
-2.187227225  
-0.7820805092  
-0.1909111474  
0.1735762708  
-0.6055101016  
1.814717856  
0.2926426265  
0.08116729435  
-0.01456522536  
1.210071253  
2.021943855  
0.5415172748  
0.7330924343  
-3.042463376  
-0.729197017  
-1.442429623  
-0.1711856112  
-0.5689156529  
1.700621555  
0.6854564754  
-0.1769994796  
0.3116923187  
-0.3911991655  
-0.08541709787  
-1.767919087  
0.1538985571  
-0.8349324057  
1.67842848  
1.058519368  
-1.643862718  
-2.134544524  
-3.417293946  
0.6354154689  
0.8901549221  
1.466215974  
-0.004401893536  
0.2673228977  
-1.347504275  
0.3303661078  
1.429611767  
2.043139029  
-0.4175343544  
-0.1541951706  
-1.261867017  
0.7853865894  
-0.2592432784  
-2.630487211  
0.05709968405  
-0.1167105649  
1.213923505  
0.8930368433  
1.712708829  
-0.4193756444  
-0.9956251125  
0.3336445831  
0.7348387235  
1.653171981  
-0.408797407  
-2.186721008  
0.2857302534  
0.8114851109  
0.1019937791  
-0.7716919593  
-0.2313022748  
0.5603927883  
-1.741026419  
-1.224930845  
-1.939761349  
1.509105174  
1.051600467  
-0.7693650429  
1.417649657  
-1.869868764  
-1.575762968  
1.968676771  
1.58824457  
1.012481237  
-0.07593779222  
0.08816954142  
0.5130207626  
0.9840351132  
0.8672544208  
-0.3324191307  
-0.5299713342  
-0.1768342176  
-0.7392758356  
-0.419647284  
0.7450219256  
-1.004145855  
0.1366943484  
-0.03270759996  
0.780283422  
0.6798070647  
1.220279289  
-0.2714484666  
0.6305155985  
-0.2255785488  
-0.528598614  
0.2950912348  
-1.729441035  
0.664896464  
-3.477581715  
-0.4603776469  
-0.8989377832  
1.466001843  
0.1188449744  
-0.5123815666  
1.272142127  
-1.504229253  
0.5340633905  
1.325677276  
1.739271062  
1.26127599  
-1.310119368  
-0.3158322793  
0.585375173  
0.8916983715  
0.9017504653  
-2.236198174  
-1.133806266  
0.4087177416  
0.3647378236  
-1.672721707  
-0.5050171459  
0.08391266508  
0.9144253303  
-0.2956483273  
-0.3239130713  
-0.5727082346  
0.662090607  
0.0194433  
1.039561413  
-0.4403320567  
2.426008505  
0.92619323  
-1.7876758  
-0.2410756542  
0.02285886846  
0.4870188108  
1.499927376  
-2.118824527  
-0.145758912  
-0.1452836496  
-1.142391351  
1.201242774  
-0.3625960913  
-2.034438556  
0.7864612851  
2.345018284  
1.434971136  
-0.910358492  
-1.35997337  
1.051654129  
0.8621217223  
0.4210443593  
1.937155055  
-1.150096775  
-2.339047949  
0.2756535797  
0.2807719279  
-1.193507302  
0.8437474852  
0.5428824319  
-0.03804830927  
-0.193346604  
1.448466246  
0.1682988265  
-0.2333791981  
-0.136812365  
-0.5653861966  
2.444790692  
2.318224379  
-0.8932009984  
-0.8982981138  
-1.42895732  
-1.954838455  
1.7220462  
0.7941756333  
-1.588423821  
1.907036676  
-1.680508248  
-1.729849063  
1.173331593  
1.760715103  
1.752498411  
-0.1155489197  
-3.279885093  
-1.228891155  
0.02938948764  
-0.04243242099  
-1.43276486  
2.136062031  
-0.364960385  
-0.604184485  
0.7125323213  
1.6287734  
1.978008375  
0.394653675  
-1.95617981  
-0.2387387843  
-0.5724832108  
0.5681524822  
2.502435892  
0.3432691523  
-1.248760166  
1.362040944  
-0.4852735423  
-0.6047272393  
1.537506426  
1.908993588  
-0.2329305893  
-1.978074367  
-0.2228997537  
-1.461268722  
-0.32531556  
-0.8270602619  
-1.208603402  
-1.172698823  
-2.020151297  
0.4476756112  
1.055707415  
0.9481738217  
-1.343757227  
-3.156753529  
0.8739699035  
1.324412753  
2.302834863  
-0.2378446376  
-0.5813346936  
-1.577590937  
-0.3591288917  
0.8470495784  
1.319773232  
1.710669498  
0.5468756063  
-2.044208638  
-1.325281331  
0.01474287144  
-0.5799609775  
-0.007671556181  
0.1203292939  
-1.122974325  
-1.613397594  
2.260619369  
0.01798597429  
-1.347361634  
0.5795094394  
0.1654430834  
1.194508526  
0.7370474004  
-0.5200769988  
-0.07545850248  
-1.600195455  
0.02644697945  
1.582663919  
1.426045154  
-0.4178424584  
-0.6810039044  
-1.393035427  
0.4991259821  
1.320336617  
1.155489747  
0.9650663683  
1.703339331  
-0.5960081956  
-0.5113816284  
-1.026154711  
-0.9994216534  
1.384961104  
-0.1593471432  
-2.032463844  
