0.8820669529  
-0.5132909367  
0.01156385368  
1.003463878  
-0.5767215701  
-0.437563438  
-0.4247083971  
1.617442297  
1.045192532  
-0.1762002765  
1.940857038  
0.00326488098  
-1.342637605  
-1.629359068  
-0.3798588932  
-0.0307682671  
0.1546660087  
-1.299342215  
-0.9869042927  
-1.332211798  
-0.8056558156  
-0.9130564416  
-0.6033638475  
2.183076348  
2.840744314  
2.111557453  
-0.0957496248  
-0.07639790239  
0.9390654755  
1.226822617  
-0.08803867448  
-1.182993783  
-0.267209657  
-2.188019899  
-1.281283946  
-1.538019232  
0.4191198738  
1.009334464  
-0.5198897997  
-0.3038453499  
0.911818751  
-0.2624653358  
-0.959338329  
0.09481904816  
0.3447548757  
0.9507707637  
0.01416760349  
-0.7379794168  
0.2682554026  
-0.9295017708  
0.02270567358  
-0.5446603325  
1.2000936  
1.08253675  
-0.6971738754  
-1.060823502  
0.1492225578  
0.7963911904  
1.590552889  
2.114393869  
3.478937515  
1.051069909  
-2.014266895  
-2.825501514  
-1.032481085  
1.259985137  
0.2578494475  
-0.4076801145  
-2.407006157  
-1.059701905  
-1.341185737  
0.7211196394  
-1.041092013  
-0.4283983534  
1.870523396  
0.2569058521  
0.6747819609  
0.171443179  
0.01340385014  
1.656980954  
1.727242611  
1.127368677  
-1.134242784  
-1.935286824  
-0.5845073386  
-0.9768505396  
-2.625891039  
1.21116155  
0.9535313602  
0.5243109064  
1.190239069  
-1.446061537  
0.1136923309  
0.704547656  
2.296083486  
0.4434370678  
-1.520023008  
-1.364881408  
-0.9942988467  
0.4150115112  
-0.03164620865  
0.3581219289  
1.085691677  
-0.3382798255  
-0.09626498688  
-1.013274863  
-2.590271753  
0.02714034279  
1.697163564  
2.303782534  
1.987778399  
-1.999694447  
-0.8943876026  
0.4199614409  
-0.03298749904  
-0.4959243298  
-1.429081697  
-1.522379256  
1.137149668  
-0.7998448624  
-2.516633518  
-0.9848803754  
1.831204914  
3.046186217  
0.8404049949  
-1.666365945  
-1.123911327  
1.325351275  
1.4144968  
0.4346461924  
0.2637522369  
-1.346217057  
0.9057469037  
0.2091724138  
-2.06288997  
0.555082515  
1.042365366  
3.738993647  
3.43916653  
-0.8860522975  
-1.251405496  
-2.510185504  
-1.316066812  
-1.068062955  
0.004127847378  
-1.3341936  
1.278544664  
-0.02819459789  
-1.773324183  
-1.450181792  
-0.1298613605  
0.8538500492  
1.906545407  
0.02675131363  
-0.6596276397  
0.09747207682  
0.6792774904  
1.87025529  
0.615841526  
1.210574337  
0.01193363092  
-0.8244090506  
0.6834758039  
-1.355265761  
-0.2275697416  
-2.46509688  
-0.2938501418  
-0.2502204271  
0.6854175763  
-0.5394844828  
0.3423549194  
0.378880372  
1.124277842  
1.153935913  
-0.5470579288  
-0.7009414682  
-1.031689201  
0.2158292775  
0.1686920775  
0.3926047005  
-0.5048634458  
-0.1839250377  
1.281916175  
1.679093491  
-1.535538041  
0.4432786561  
1.82409489  
1.037737456  
0.3610975545  
-1.397274615  
-1.653248367  
0.03332332566  
-1.096777342  
-1.501808784  
-0.5754557615  
0.7789422759  
0.3252495594  
-0.9597584423  
-1.479250445  
1.231123058  
2.711739537  
3.724206727  
-0.1080522838  
-1.351661126  
2.177628911  
0.9260217246  
-1.462269707  
-3.002169627  
0.06177921162  
1.040028175  
0.4659471961  
0.3659977937  
-2.401449188  
-1.104708897  
0.8737761201  
2.359588684  
0.625686899  
-0.1699339326  
0.02845773354  
1.806825382  
2.249843401  
-0.8029813833  
-2.274764405  
-0.5663077335  
0.9723552859  
-0.1787946875  
-1.658175992  
0.5751135944  
2.234086203  
1.122421275  
0.8232125824  
-1.336916089  
-2.250156986  
-2.865432273  
0.3494561936  
0.216747327  
-1.595247319  
-0.5829302791  
1.987662189  
-0.6093727665  
-0.5383725173  
-2.816750978  
0.2786511206  
2.126650433  
0.5549744443  
2.930237202  
0.03169127841  
-1.536985955  
-0.5653094921  
-0.03396337651  
0.4714843799  
-1.74091522  
-0.73965991  
-0.1169998049  
-0.987051599  
0.2034771933  
-1.221499376  
-1.991025718  
-0.2164144684  
1.080944192  
1.342127076  
-0.1869191058  
-2.125649577  
-1.021051583  
1.670315333  
3.065916678  
0.8427357872  
1.57611978  
1.381778083  
0.5956859749  
-1.247917769  
-1.08316962  
0.2650630713  
2.132559038  
0.8540355392  
-1.749947292  
-3.000324113  
-2.831287886  
0.0739655914  
1.789233043  
1.054872902  
-0.3940220023  
0.2995151263  
0.2753684234  
-0.9559965773  
-1.01200055  
-0.4725504135  
-0.8422536611  
0.06808833375  
1.201720811  
1.568391192  
-1.698223287  
-1.150747176  
1.645390049  
1.510520852  
1.310919603  
2.657083988  
2.655430234  
1.695546554  
-0.7486294935  
0.1317860752  
-1.218257748  
0.2523071544  
-0.3676671184  
-1.396036581  
-2.154003464  
0.09605228707  
-1.802477854  
-0.3425538168  
0.1825473198  
0.9356395877  
-0.7655893133  
-0.4384209682  
-1.553572265  
-1.325239958  
0.09584048585  
0.9866632967  
1.414540081  
0.07923843426  
-1.236684687  
-0.3662520344  
-1.924148817  
-1.318976403  
-2.410754989  
-0.8359062284  
-0.5081972142  
1.889741642  
2.671372184  
2.424349109  
1.576987746  
-0.050677663  
0.1536246762  
-0.2647261653  
0.7194359855  
-0.7821488862  
1.171968554  
0.0830636482  
0.8741911608  
1.799436563  
0.7440257729  
1.279671601  
-1.366264383  
-1.813986904  
-1.006720628  
0.400054065  
0.7669606751  
0.8986401489  
-1.563596945  
-1.164535154  
-0.3312767945  
-1.352902809  
0.4369544054  
-0.2825934286  
-0.4630380063  
0.8436581371  
1.578482393  
2.390441748  
1.494014737  
0.1418337166  
-1.525065812  
-1.233903812  
-0.5664806859  
-1.197197002  
-0.2630872634  
-2.173340557  
0.881843984  
3.051977011  
1.143019708  
0.3965234875  
-0.9378734229  
-0.9152554886  
-0.6623145884  
-0.4367893097  
-0.7773565357  
-1.159178597  
-1.435447827  
-0.782889997  
-0.7885075643  
-1.335348542  
-3.289813658  
-2.768215544  
-0.9600425434  
-0.7432757189  
-2.067548244  
-2.266250777  
-0.2424261517  
2.541797382  
2.945273991  
2.498273923  
0.02602735753  
-1.426235246  
-1.532335265  
-0.1291252459  
0.2483211323  
-1.719431769  
-0.2195616983  
2.108029494  
2.145547759  
1.77256142  
1.407766276  
0.2872210667  
1.379775635  
1.640798467  
2.976723591  
1.114777192  
-0.6001759229  
-0.6065210667  
-0.1031455148  
1.753383301  
1.871915507  
1.034690941  
-0.9385256236  
-2.241451244  
-0.7165536399  
0.9765256444  
2.787201185  
1.274108558  
-0.1582225774  
-3.017200122  
-1.197233564  
-3.137889106  
-2.214458485  
-1.123997436  
0.9740109409  
0.2429817412  
-0.3127708508  
-1.235954841  
0.7374448838  
3.099202439  
2.005190163  
1.07739689  
1.30754764  
1.866166821  
1.240916676  
0.7676404528  
-0.4160135715  
-1.646281863  
0.2467072317  
0.7929360025  
-1.395645174  
-1.781456561  
-0.04684434948  
0.7779057878  
1.276275015  
-0.1250670086  
-0.09928051193  
1.036581466  
0.04602297274  
-1.488285222  
-2.299625145  
-0.4636890276  
0.4836291384  
1.293933949  
0.01274828441  
-0.4386619999  
0.2668645285  
0.06408297927  
-1.244336057  
-1.061057182  
-0.1744786245  
-0.5108127174  
-1.109884596  
-1.724491615  
-1.105783899  
0.5001411057  
0.3450451863  
2.661120033  
0.04155076798  
-1.694659072  
-0.3141101696  
2.007647705  
2.296851529  
0.8646656952  
-0.3003830434  
0.5532265174  
0.08278438726  
-0.9335798707  
-0.2019940025  
-0.9391886899  
-1.088549071  
1.848263303  
2.674922438  
0.8270369307  
0.005193249297  
-1.500504699  
-1.347478705  
-0.7068608578  
1.942467366  
2.226738852  
1.87331848  
1.686020133  
0.2120622666  
0.4212323712  
-0.4899960521  
-0.2029926289  
0.7860779233  
-0.3428518602  
-2.954790486  
-1.135031912  
-2.503831512  
0.04323304518  
1.482295101  
0.6223811729  
-0.7582065925  
-0.841404503  
0.5423870474  
1.161173273  
0.5008774476  
-0.2124941553  
-0.3350334655  
-0.3593335005  
0.6848275297  
2.211874082  
1.167017928  
0.2283796079  
0.6779527896  
0.7268750439  
-0.6312131546  
-0.57760294  
-0.09382033641  
1.112939512  
-1.730833646  
-0.7093741419  
0.9335679701  
1.878887596  
0.4420491663  
-0.459008783  
0.1724365979  
-0.005532255397  
-1.041222608  
0.666526745  
0.5183923968  
-1.364625288  
-0.8901374869  
-3.073100032  
-2.443518172  
-1.0255347  
-0.8774289435  
0.4032024377  
-1.50266677  
-3.074481605  
-1.412469457  
-0.6140300308  
3.21374083  
0.3793291428  
-0.3009935697  
-1.111510513  
0.408913253  
1.814816116  
0.5227277147  
1.613571669  
-0.2833228984  
-1.33902078  
-1.287978018  
-0.8318153907  
0.772343133  
2.113342492  
-0.8024977193  
-0.31842032  
-0.07268773673  
1.300616067  
-1.272945552  
-0.9901088659  
-0.5896522827  
-2.87579094  
-1.5884827  
1.855017277  
1.403746411  
0.06480132376  
-1.955821801  
-1.662667601  
1.483206398  
1.587877499  
2.724137264  
2.57232532  
-0.08445372495  
-0.6756627936  
0.3902930281  
1.83583006  
2.406310795  
2.341574753  
-0.4921632282  
-1.817483702  
-1.707009509  
-0.3335677511  
1.531472952  
-0.05171129186  
1.299065113  
-0.4706306134  
-5.329269918  
