-1.491595842  
1.385349644  
0.8885159942  
0.2771513731  
-1.241050477  
0.5855244149  
-0.2756422975  
-1.597399296  
-1.238622948  
-0.131619819  
-0.4928660972  
-0.5491569515  
-1.144355499  
0.9644055973  
1.563443053  
1.51784921  
0.5019682054  
1.225221146  
1.977346187  
1.163825915  
1.130486263  
0.500779457  
2.300736316  
1.324131925  
-1.361824191  
-1.788026999  
-1.785423828  
-1.661876382  
-1.345217943  
-0.1012911586  
1.074800513  
1.554493388  
-0.608302984  
-1.933048389  
-0.1221527919  
-1.357829507  
-2.220262204  
-2.132131705  
-0.2729729264  
-0.1921559968  
-0.2638996397  
-1.262724878  
-0.204059127  
0.7926300923  
-1.543800531  
-0.2943109645  
2.349117907  
1.307537472  
-0.5025445355  
-1.630548195  
-0.6505179795  
-0.6392495686  
-0.5307089961  
-0.2681211127  
2.221332988  
3.232797149  
1.828698679  
0.8622248951  
0.9520098113  
1.177084244  
-1.575741892  
-2.440851656  
-1.654759288  
-0.1901338871  
-0.238876038  
-1.669051188  
-2.936344499  
0.1316131736  
0.283504426  
-0.6750021167  
-1.049504459  
-0.3400977  
1.737510015  
2.338401486  
0.4891102915  
-1.136226987  
-0.2992313833  
1.24054276  
1.459348795  
0.5161300219  
0.9649651637  
2.171322638  
3.189476756  
1.970354612  
1.140915265  
-1.199528262  
-1.585986131  
-2.242931731  
-3.269231018  
-3.757166379  
-2.647010081  
-0.7219670477  
0.3858843237  
0.5626231306  
0.5650729053  
-0.07492717267  
1.383151973  
1.506206965  
1.513494644  
0.1890236382  
0.02621909971  
2.015853826  
2.536321027  
1.677824783  
1.060348167  
0.6836569586  
0.5155515054  
-0.9030914448  
-1.810003848  
-3.154034604  
-1.970224117  
-0.4894185072  
-0.7316643852  
-1.17722431  
-0.615922445  
1.139004725  
2.15693146  
2.625515243  
2.119909084  
0.7146773908  
1.451748698  
0.80198924  
-1.312224224  
-2.015740135  
-2.584656056  
-1.17054949  
-0.02594856297  
0.01634019815  
-0.03506531795  
0.7879210893  
-0.4454417722  
-0.6984926885  
-1.697682715  
-1.477063384  
-0.104962842  
0.2181768123  
0.09565138197  
-1.92801288  
0.04478567117  
2.437519272  
2.948710494  
2.169319868  
0.4257011647  
1.77706632  
1.602848617  
-1.272956773  
-4.056263755  
-3.975101252  
-2.361933145  
-1.226164612  
0.870877802  
1.06701225  
0.04299781754  
-0.6685660425  
-0.1423344562  
0.7286308326  
1.745376396  
1.557140449  
0.06975533149  
1.059636171  
2.74338865  
1.020211437  
-0.220703515  
0.4200102693  
1.689440259  
1.462117074  
0.287919436  
-1.432827792  
-2.425712011  
-0.6586777456  
-0.8534018363  
-0.8548009373  
-2.493843025  
-3.15758413  
-0.9365616417  
0.1197109432  
1.933342591  
1.374110949  
1.068145261  
2.110180322  
1.494407351  
1.251978796  
0.3883997234  
-0.6600829287  
-1.111983146  
-0.9999567186  
-1.65929367  
-2.790647311  
-1.181013011  
0.322810067  
-0.6473976084  
-1.799943711  
-0.3379136776  
-0.3773692688  
-0.445304902  
0.5009084364  
0.9418367023  
2.109009147  
1.199099392  
1.243177939  
0.5946938859  
-1.047372533  
0.5370466062  
2.276615411  
1.030550075  
-0.03983681557  
0.5037923395  
1.429286466  
0.2566775749  
-1.09356509  
-3.128079456  
-2.358512232  
-1.93386989  
-0.3802852365  
-0.903930886  
-2.21382984  
0.04614783839  
1.594203593  
1.759507458  
0.006889352729  
2.009305071  
2.340900907  
2.550529748  
-1.224958822  
-1.830831592  
-0.6679371492  
0.8150041697  
0.3457572931  
0.8564541644  
0.2396995127  
1.495893948  
1.463757905  
0.5802391714  
0.8994811544  
0.675301835  
1.095704977  
1.79071195  
0.3201807971  
-0.9683428364  
-1.006559087  
-0.04919271625  
0.02667781681  
-0.3453607366  
-1.683707389  
-3.599210246  
-1.313620383  
0.699155119  
0.8722732338  
2.135647621  
1.115841472  
-0.1510453995  
0.5729025526  
-0.3903702843  
-1.243155896  
-2.140708901  
-2.133354707  
-1.194401633  
0.7404219705  
0.07605293661  
-1.101667579  
-1.021702395  
0.2426484466  
0.8806664145  
1.131150449  
-0.5220686652  
0.1255028132  
0.4411333731  
0.3997382532  
0.718010249  
-0.6560510133  
0.8041957622  
1.531338703  
0.2616799634  
0.5435839728  
-1.540031985  
-0.8170254735  
0.2419969738  
-0.1090030163  
0.1508140834  
-0.120063398  
0.4849115434  
2.505100282  
2.638202252  
2.025772667  
0.3229778289  
1.081362481  
0.3475130516  
-0.0855616465  
-0.1601842652  
-1.221961092  
-1.950155648  
-1.368173239  
-0.2345981604  
0.1272250567  
-2.442238901  
0.3153192523  
-0.170261069  
-0.5192547727  
0.7243556511  
1.87537426  
1.167717815  
0.9419718393  
0.3337658591  
0.2644353942  
1.350526969  
1.123426805  
0.08368764262  
-0.1832373131  
-0.6013537617  
-1.178646453  
-1.629842536  
-3.287969425  
-2.252979566  
-0.9572081382  
-0.5891950744  
-0.7091935431  
-1.820722087  
-0.1281341102  
0.4035949447  
0.2072603645  
-0.3161184771  
0.3312399912  
1.903308695  
2.388831345  
2.215044839  
2.338947198  
0.4333714918  
-1.851384425  
-2.540900586  
-2.74279986  
-1.554191589  
-0.4552184765  
0.7888618141  
1.474694115  
0.9383494056  
0.7246177376  
1.306210156  
2.012720579  
-0.224634767  
-1.087901139  
-1.011806105  
1.018855542  
1.858191302  
1.35106253  
0.3886139376  
-2.576359455  
-1.497838884  
-0.5437816918  
-0.00986265784  
0.710583139  
0.0005865280877  
0.937297731  
-0.03319328752  
0.06626988914  
1.910205761  
1.054040465  
0.3015145625  
0.03969155415  
-1.076984971  
-0.04588825858  
0.6056407437  
-0.6942269728  
-2.234253584  
-0.6940740536  
0.7955615288  
1.826111468  
-0.3912559079  
-2.377425954  
-1.255746056  
-0.9146632375  
-1.03496716  
-2.704160685  
-3.565415365  
-4.410067117  
-3.01201524  
-0.8787331401  
-1.264733325  
-2.227127353  
-0.3764028477  
1.722618117  
2.309401421  
1.384219346  
-0.7201282206  
-0.5608891776  
0.207004035  
-0.2638408523  
-0.1782968057  
-0.4241426157  
0.8181102867  
1.441778518  
2.314006763  
1.183235341  
-0.5102100516  
-0.4839682416  
-0.002063522797  
0.6595640586  
-0.0238864389  
-1.10825007  
-0.5741994747  
1.396547584  
2.471413367  
3.31702839  
3.069018272  
2.103616628  
1.425874262  
2.25523339  
3.345885215  
1.780030833  
-0.3165378041  
-1.902699293  
-3.008721139  
-1.888412626  
-1.110141391  
-1.104476555  
-0.4971310033  
-1.118516744  
-1.498288667  
-0.1191479206  
0.9649545281  
1.92224217  
2.174072616  
0.5459820018  
0.0430024188  
1.270904352  
0.3068251968  
-0.3720920096  
0.427260884  
-0.01194409669  
-1.120416306  
-0.6518867652  
-0.06771966475  
0.4618986586  
0.1185117726  
-1.297760985  
-2.098798265  
-0.7706038725  
-0.3897676971  
0.3950288939  
0.5993057269  
0.8199310691  
2.083477694  
1.627650362  
-0.7586941853  
-0.9634965736  
-0.166949325  
0.3487574816  
-0.917381412  
-2.014329622  
-0.9929279525  
-0.4017621963  
0.05488998194  
-0.8931924182  
-1.187216504  
-0.3950347507  
-0.3184634246  
-0.6332068844  
-1.470465974  
-1.430449704  
0.4873124344  
0.7275775777  
-0.06464654369  
0.07084281535  
0.8747071127  
2.39082693  
2.114684698  
0.3620979989  
-0.2513533375  
0.1650096798  
-0.1580551279  
-0.1724089026  
-0.6901895547  
-0.5054826995  
-0.03477642666  
1.357309417  
3.408942675  
3.274626233  
1.330567802  
0.639743087  
1.781345856  
1.735089789  
1.20216281  
-1.13517393  
-2.414836588  
-2.25692216  
-0.3635123845  
0.6070601148  
0.3000118269  
-0.796969157  
-0.9054238474  
1.207963591  
1.788419842  
2.394059664  
1.506174866  
0.8809593324  
0.3740636839  
0.3614415218  
-0.1937518019  
-0.05724468597  
0.9465353404  
0.5388424502  
-1.298078037  
-1.923081159  
-2.170689626  
-1.368716509  
-0.1529270724  
-0.09662502429  
-0.1963126155  
0.7249862862  
1.644978671  
-0.03400658774  
-0.1205693803  
-0.524101438  
-1.869290975  
-1.597477033  
-0.4303137982  
0.1321511348  
1.166659044  
-0.3339162557  
-0.5354534005  
-1.823204243  
-1.223634214  
0.26502107  
1.221205739  
0.6774441617  
0.1474711244  
-1.864859632  
-1.438759863  
-1.963371721  
-1.560473711  
-0.8466551317  
-0.2282053386  
0.8552221762  
0.3270421059  
0.6013006563  
1.620908057  
2.573821186  
1.153082462  
-1.136165023  
-0.700193995  
0.1437370368  
0.7590319347  
1.220043983  
0.6872812502  
-0.4455117115  
-0.3711029216  
0.8376829029  
0.8085781619  
-0.1657713586  
-0.6189722487  
-0.09279134503  
0.08001978916  
0.795969168  
0.385777684  
0.02807490118  
1.535567087  
1.302670841  
0.4927510173  
1.052633386  
-0.5802778444  
-1.927551291  
-2.491428952  
-3.042547811  
-0.5175249124  
-0.7500881473  
-0.2701582621  
-1.149338064  
-2.005362117  
-0.8284890405  
0.2218939991  
1.279175198  
2.480642837  
1.622175518  
-1.144737611  
-1.9143437  
-1.008898714  
-0.1664202131  
0.3867815748  
0.4458157324  
0.1443665037  
-0.5807902313  
-0.3619529438  
-0.06322920814  
0.05152974632  
0.2141350523  
0.3571332872  
-0.03547058365  
-0.8451337171  
0.3110273754  
1.836255755  
1.884794334  
