1.064599324  
1.383436366  
-2.209861441  
-0.7954133396  
0.5592445784  
1.696878754  
-1.241918865  
-0.519391244  
0.2796034213  
0.7579308028  
-1.524334936  
-0.739825693  
1.58745772  
0.9772536629  
-2.459614602  
-0.6992441434  
1.529048446  
2.135083  
-0.2277498814  
-2.719722317  
-0.09248368485  
0.8202852266  
-0.6026552375  
-3.269125489  
0.5024091126  
1.164988684  
0.6816532757  
-1.471294148  
0.6542173661  
1.732204373  
1.775473197  
-0.9824519392  
-2.347480595  
2.183190745  
4.001577831  
-0.3781555278  
-1.67795116  
1.323395219  
0.1428994808  
-1.923314664  
-0.1256120451  
1.758322151  
1.653590306  
-0.7432869983  
-2.380601182  
0.6897106585  
0.2368765688  
-2.24848182  
-1.001180773  
1.941041937  
0.9014377303  
-1.577751341  
-0.9360892866  
2.005122267  
1.869195162  
-1.810002413  
-2.660316167  
0.2304066344  
1.505792468  
-0.4648118209  
-2.356467616  
-0.1589570062  
1.165051585  
1.406754569  
-0.7870082241  
-1.587231426  
-0.06301233046  
1.182437442  
-0.3568916838  
-0.7819111663  
1.091842899  
2.370514936  
0.6025526739  
-1.978145391  
-1.950769858  
-0.8986586726  
1.478217869  
1.234000755  
-1.911501113  
-0.397925666  
1.473669663  
1.336304765  
0.07419653418  
-2.837141447  
-0.6542498834  
2.187708702  
1.462120512  
-1.712951257  
-1.732927766  
-0.3308942605  
1.476995365  
1.101015033  
-1.073711144  
-1.21135846  
-0.7844570929  
1.876250235  
0.7255782841  
-1.481632135  
-1.241858742  
-0.09530247266  
2.325681466  
3.28987267  
-0.1276981467  
-2.976378124  
0.2402689196  
2.341450134  
1.133553395  
-1.933873328  
-2.292844914  
0.07315968893  
1.250885696  
1.073108125  
-1.504930611  
0.8029197137  
0.729626334  
1.630968605  
0.3074953489  
-2.68085361  
-0.2990329218  
2.183313515  
2.045164578  
-1.371821061  
-2.998626963  
1.067683599  
2.523031992  
0.9186227402  
-2.353664992  
-1.595684656  
2.170435729  
1.135258473  
-2.389860684  
-3.023118334  
-0.4185205202  
2.031341412  
0.4939615409  
-1.255974062  
-2.24823119  
-1.56341878  
2.25476615  
1.485137401  
-2.171679744  
-2.009037955  
-0.03485843747  
1.827082453  
-0.4622082894  
-1.713873466  
0.7756099192  
0.941633872  
1.76298242  
2.517585917  
-0.2212868505  
-2.263882179  
-0.4940887386  
1.113226892  
2.318820294  
0.2356741989  
-1.37199491  
-0.9192945995  
-0.3925511489  
2.276370931  
0.4793320153  
-2.851564938  
-0.7330864737  
2.124039431  
3.604513233  
0.1279284684  
-3.467182889  
-0.8641586121  
2.202804184  
1.560922336  
-1.788802849  
-2.392228919  
0.3372607206  
1.706973617  
1.177840918  
-1.206418402  
-2.210119105  
-0.3938973778  
0.5627884656  
2.32915856  
1.28882376  
-3.080940923  
-0.6284191384  
2.635123481  
1.007456495  
-1.770421393  
-1.02312323  
0.5369691269  
0.5067250695  
-1.222868784  
-1.705970077  
1.386879529  
2.033920627  
0.8222764537  
-1.692127299  
-1.125280396  
1.061658944  
1.653412221  
0.3612624624  
-1.60672758  
-1.631693407  
0.8140814143  
0.5752133266  
-2.221106347  
-2.102163017  
-0.210466667  
2.514317252  
1.140937021  
-1.805040047  
-1.21764607  
0.1781056727  
1.738886923  
0.4368133687  
-1.353772931  
1.158611549  
2.00736441  
0.3201815756  
-1.545946275  
-1.045022105  
0.3413567619  
1.403745167  
1.601054133  
-0.8781738061  
-2.852796665  
0.5827425313  
0.7387396874  
-0.9593117557  
-2.285160631  
-1.285926319  
2.161629557  
2.133552289  
-0.8012435598  
-1.644104704  
-0.1243248268  
1.701358621  
1.058470758  
0.1552353857  
-3.118434317  
-1.810705837  
2.127426032  
1.617070213  
-0.1986895313  
-0.9003773326  
0.1289345064  
0.6155605423  
1.306004873  
2.491313894  
0.4906062945  
-1.466501521  
-1.382131021  
1.936977474  
0.7267193166  
-1.718620893  
-1.581201668  
-0.1086710835  
1.432564171  
1.822774594  
-0.6403600507  
-2.121850653  
-0.8635031298  
2.209435341  
2.480747294  
-0.5720688042  
-1.861259826  
-0.03037883804  
0.7810878641  
0.5974435959  
-1.693820968  
-1.130887685  
1.955817005  
2.294181182  
-0.00318764076  
-0.8074590408  
-0.4261296485  
1.373723847  
1.370708393  
-0.7764538363  
-2.531547017  
-1.737063695  
2.226469836  
2.595003254  
-1.421547521  
-2.766051185  
-1.490719073  
1.188658675  
1.610517264  
-0.06518959815  
-2.347355153  
-2.062576315  
0.1921067943  
2.275117194  
1.607332633  
-0.1209302673  
-0.5010901099  
0.2973755359  
-1.381200416  
-1.251295282  
1.455880777  
1.347229265  
-0.8486513944  
-2.961563484  
-0.8991618604  
1.064113636  
1.682503775  
1.162214308  
-1.220320392  
0.101278627  
1.650984878  
1.768953024  
-0.3632158808  
-2.00832986  
-0.9638329529  
1.081183593  
0.6504904052  
-1.744283743  
-1.154472091  
1.681871321  
1.39306193  
-0.1653623035  
-2.027144858  
-0.602427574  
1.247667948  
2.356804457  
2.94069809  
0.0001660279999  
-2.646457101  
-1.917233576  
-0.3696145758  
1.492363852  
2.004173278  
2.40328198  
-0.2227411564  
-1.915746976  
-1.705245418  
0.2668513994  
1.476909931  
1.405075255  
-0.7164610867  
-1.03562405  
0.2331823113  
0.8574290263  
1.906766315  
-0.444744479  
-3.34190118  
-2.262456642  
0.2952047809  
1.458302971  
1.163182737  
-1.452204219  
-1.461084935  
-0.7912882134  
0.7897703511  
2.281828204  
-0.213084084  
-1.800177652  
-1.46837331  
-0.7269131516  
0.7385774058  
0.5974455151  
-0.2608952907  
-2.289803793  
-1.945514181  
1.568731024  
2.873426357  
1.402681288  
-2.470180784  
-1.726583107  
2.230585917  
2.234109547  
1.272336192  
-1.371003606  
-1.120022705  
0.6661548821  
2.75022744  
1.805670755  
-1.415657309  
-2.768576258  
-1.451173436  
1.177031955  
1.11093452  
-1.631355299  
-1.283449181  
-0.1335803733  
0.7058405443  
-0.4816365493  
-1.270069204  
0.05973206494  
1.566386509  
2.113370649  
0.5433590517  
-1.934813731  
-1.710183408  
0.8994190904  
2.800566676  
0.5230508925  
-2.620666876  
-1.904814793  
0.04009356146  
2.112495788  
2.5076109  
0.7098988763  
-1.648621421  
-2.603383841  
-1.65449793  
2.117071661  
1.457710818  
-1.760298974  
-2.060960583  
-0.4490756871  
0.1947761033  
2.201018315  
2.376056621  
0.4571739353  
-0.8333675173  
-0.6484386853  
0.2092728496  
3.028911086  
1.837910567  
-1.09992781  
-2.298620808  
-1.925342984  
-0.4090223221  
1.760679629  
2.028020417  
2.937281799  
-0.1727613556  
-1.058078403  
-2.250870678  
0.3255927564  
1.055807206  
-0.5563460041  
-1.77198094  
-1.744345648  
-0.4958878533  
1.587638044  
1.409740385  
0.3223354214  
-1.011072784  
0.9393117036  
0.8477551489  
0.159186603  
-3.127093172  
-0.3997106154  
2.094961562  
1.80985557  
-2.204197186  
-2.910777534  
0.6995380245  
1.043979508  
1.061688981  
-1.705629077  
-0.2331322989  
1.767837637  
2.208506888  
-1.053775842  
-0.6463585208  
0.606955799  
1.006667247  
-0.3851147335  
-3.457679112  
-0.948335625  
2.187985891  
2.220697085  
-0.9275321016  
-1.54215569  
0.9575525393  
1.143687696  
0.6446052407  
0.5964481112  
-0.3048543797  
-2.064722485  
0.7842917444  
1.562636966  
2.057777229  
-0.9658168018  
-2.975320383  
-0.09842534206  
1.370495872  
2.222307766  
0.5656442014  
-1.83167178  
-1.691091434  
1.213688852  
1.039750898  
0.3335729157  
-1.923532885  
-1.451478062  
-1.001282107  
0.9881380266  
1.357974311  
1.723388727  
-0.6983618535  
-2.758061534  
-0.4594437726  
0.762489204  
0.9319138802  
2.569864616  
2.210613757  
-0.8739658884  
-1.968727386  
-0.3156919087  
0.7168687478  
2.174965268  
-0.3777409351  
-3.069730672  
-2.637411106  
0.5514349348  
2.44054159  
2.347576988  
-0.28268036  
-1.473161283  
-2.234187416  
-0.8403347148  
0.04891907954  
1.406153687  
2.225183776  
-1.591441413  
-2.197027671  
-0.7388368246  
1.470961276  
1.968493153  
1.109325089  
-1.139338469  
-2.838299145  
-2.114046777  
0.8935603446  
1.999938683  
1.82005818  
0.6429293579  
-0.944513372  
-1.396477792  
-2.139117662  
-0.101819226  
1.493315062  
2.364823087  
-1.312075443  
-2.028975172  
-0.3469164935  
-1.088210531  
1.274211882  
-1.571132388  
-1.922936797  
-1.627305528  
-0.53587991  
2.15100855  
1.195156415  
0.7650879891  
-1.082673366  
-0.4409488051  
0.7266941808  
0.4889358225  
2.491549223  
0.5440129409  
-0.923471705  
-0.7848827522  
-1.408696249  
2.007031439  
1.263889674  
-3.082871968  
-2.482232871  
-0.4722792413  
1.332105588  
1.134708886  
1.771605682  
-0.4027386392  
-2.332241877  
0.1087180519  
1.944504452  
1.992840472  
1.811149066  
-1.237006669  
-1.654806801  
0.6893038194  
1.081794273  
1.937513585  
1.135492763  
-0.8993713476  
-1.937440959  
-2.212427564  
-0.1740565246  
0.7099853772  
0.5748286831  
0.1257647864  
-1.082441928  
-1.988673801  
-0.6833125743  
1.064209258  
1.694732549  
1.386207122  
-1.624412238  
