-0.3781449509  
0.6828336883  
1.075367596  
-0.2060309467  
-1.620147467  
-1.038383273  
0.5919740278  
1.228250169  
-0.9535536328  
1.258911588  
2.019770233  
1.427496872  
-1.870719771  
-1.355185282  
0.7510418441  
0.6225986612  
-1.945980614  
-2.419661709  
-1.833180845  
0.9578876062  
1.124842005  
-0.5304725757  
0.6987111575  
2.10478105  
1.34488862  
-1.191488591  
-0.8252668356  
1.275675436  
0.07843532399  
-1.57882109  
-0.7687513666  
-0.09894614744  
0.5242652479  
-0.3423918508  
-0.7496795079  
0.7074012622  
1.61919387  
-0.4347740923  
-2.041125222  
-1.1574517  
1.091287224  
0.2663015826  
1.21568759  
3.029447237  
2.570459978  
-0.01055811766  
-0.6651680694  
1.017483101  
0.4371829861  
-1.794402672  
-2.653309858  
-0.1084831233  
0.4966550185  
-1.775012981  
-1.70041144  
-0.6498988735  
0.2633348386  
-0.7565181814  
-0.5428881033  
-1.081969337  
0.7965119018  
1.535686993  
-1.059922021  
-1.166874621  
1.45315402  
1.29950132  
-0.9171443297  
-1.527324623  
-0.3152505261  
2.397423796  
2.563649257  
0.1942786805  
0.1339274233  
1.621352253  
0.7954415856  
0.8301360481  
-0.4915031997  
-1.047689321  
-0.2462324947  
-0.06045118478  
-1.86674779  
-2.408217454  
-2.180572999  
0.3331027553  
1.817109685  
0.3044709335  
0.5144519977  
1.662287829  
0.5947104336  
1.126807464  
0.480986922  
-0.6555420946  
-0.1389349673  
1.942484134  
0.4630329165  
-1.663094068  
-1.873352912  
1.467506769  
1.329611006  
0.3105288073  
-1.679507741  
-2.463216116  
-2.168306685  
1.393886827  
1.44470804  
-1.051137024  
-0.02319892377  
1.011440538  
1.157002093  
-1.005766461  
-2.231251779  
-0.04258882767  
1.875767346  
2.544692354  
0.7143516223  
-0.8048206129  
-1.093484965  
0.6509486934  
0.2138990971  
-0.3635088879  
0.4448252644  
-0.2825164842  
0.1655036859  
-0.4356713687  
-3.455981807  
-1.504539723  
1.030003605  
1.505908441  
0.6251847548  
-0.1563063338  
1.869334611  
1.059369999  
-0.3486602806  
-1.205605722  
-2.55964136  
-0.6225913763  
2.311508292  
0.04323086635  
-2.063234385  
-1.080673305  
0.9977952466  
2.59866731  
-1.505987296  
-1.845124798  
0.253532215  
0.6495031552  
-0.6996360587  
-1.67081474  
-1.308692102  
0.2849348514  
-0.5349466754  
1.926271651  
1.822217842  
-0.1821854746  
0.1101509925  
0.01111751745  
1.654648903  
0.9601026422  
-0.4291885791  
-0.4381040639  
-0.609428231  
0.8494528846  
0.5452737813  
-0.7889282567  
-0.9504708063  
-0.5590889128  
0.6608236029  
1.731702638  
-0.1554487686  
-0.6562567508  
0.1425370057  
1.476135457  
1.438504408  
-1.500704179  
-1.633686957  
-1.616194962  
1.287412867  
0.527517688  
0.04776746778  
0.2876226864  
-0.5333820725  
0.3256252056  
0.07185777807  
-2.326096712  
-0.1941073031  
3.910219979  
2.968724987  
0.1884398763  
-1.453645577  
-1.498418971  
-0.06756611722  
-0.8132433283  
-1.781549968  
-1.893684877  
1.121046116  
0.8342172111  
-0.6928664614  
-0.9142688885  
-0.7663141206  
1.234730362  
1.056270024  
-1.482194002  
-1.034796295  
1.661331504  
-0.1405106627  
-0.5828098935  
-0.9398277301  
-1.45043858  
0.8049919635  
1.370011477  
-0.1469194468  
-0.8597914535  
-1.123416544  
1.29379407  
2.881083184  
1.146023642  
-0.7715775953  
-0.01450827177  
-0.9330406255  
-1.928750697  
-0.5104014728  
0.3216251809  
1.515004289  
-0.1443844516  
-0.04758330384  
-0.7024211622  
0.6457045663  
1.369958112  
1.676173743  
-0.1804331667  
-1.32903062  
-1.910521902  
0.874397367  
2.399329388  
-0.1965017912  
-0.7422355024  
-0.8152613216  
1.026702091  
-0.154737642  
-0.194443097  
-1.977613172  
-0.1812642721  
2.506867824  
0.8857667397  
-0.7194613471  
-1.745043409  
-0.8877587292  
0.6442901875  
1.574143294  
2.90833369  
-0.8031335828  
-1.860432947  
0.8631036411  
0.1731441657  
-0.6324424261  
-0.9180773341  
-1.057417208  
1.145833832  
0.8900441928  
0.06001846083  
-1.155256837  
-1.660587084  
-1.314946137  
1.800392746  
1.593343162  
-0.1847743203  
0.4572853013  
1.015596571  
1.452900174  
-1.543561789  
-2.031309513  
-0.2599011737  
0.6827639415  
0.9143971198  
-0.4661212721  
-0.4668887294  
-0.6176087503  
0.1504651476  
1.856709047  
-0.2323413724  
-0.3441825086  
0.3661207709  
1.101812881  
0.3656483502  
-0.7892262971  
-1.149648867  
-0.6745582141  
0.2167817681  
0.3095347764  
0.4115933154  
-1.117424598  
-0.1216344979  
1.716630871  
-0.3489272945  
-0.5784078551  
1.698062069  
0.7460682583  
-0.14497951  
-0.2398892826  
-0.2960568225  
1.906584902  
1.315691095  
-0.4069293897  
-1.365326211  
-1.396368429  
1.568187265  
0.7557268638  
-0.5232722859  
-2.715994096  
-1.199474375  
-0.3932295245  
0.4323293536  
-0.8162190614  
-1.001467601  
1.643810034  
2.984605812  
0.3771288894  
-0.8926502726  
-0.2369363993  
0.1176634692  
-0.4802564577  
-2.587469112  
-1.072708094  
-1.547357852  
-0.910733452  
0.5514537532  
2.15476144  
1.467834442  
0.2400030289  
0.1862559764  
-0.9972965891  
-0.04750854028  
1.220408824  
1.265595036  
0.7625162566  
-1.599342003  
-1.916739286  
0.5627120468  
0.193249599  
-1.129343778  
-2.456077913  
-1.988457024  
0.9524267216  
2.454036323  
3.090300151  
0.6705094626  
-0.9451938767  
-1.00722591  
0.9633765443  
0.9494819372  
0.1084929436  
-0.2794044351  
-1.407933025  
-1.354281549  
-0.1075001025  
-0.8475572898  
-0.3335230605  
0.02385167776  
-0.1065758703  
-0.6623370287  
1.437494198  
-0.3726747304  
-1.506547143  
-0.9205768699  
1.024753131  
1.736881352  
1.794452019  
-0.02456164292  
-0.40281082  
-0.1300801814  
3.966858601  
3.91100243  
3.667979217  
1.234680178  
-1.587115691  
-0.4701333127  
-0.5018328056  
-2.265958098  
-2.900856829  
-1.93508171  
-1.101659257  
-0.2939461895  
-0.8643531663  
-2.803945543  
-1.720949789  
0.9565836539  
0.2456426054  
-0.2743421756  
-1.560867043  
-1.522616226  
-0.2810542108  
3.100480526  
0.1435242655  
-1.502846949  
-0.5122443976  
0.8963941021  
1.661523862  
1.227582822  
-1.755567589  
-0.9816010765  
-0.5973709897  
0.6070409194  
0.3964149203  
0.05231877334  
-1.511428819  
-0.8210736951  
-1.015435674  
1.655390383  
1.850458625  
0.692728195  
-1.874408904  
-1.850094452  
-0.06293650485  
1.186033136  
2.045704686  
2.991906199  
0.8446935555  
0.1145690022  
-0.5855206742  
-0.5512426785  
2.019691861  
0.7059536084  
-0.6575790794  
-2.118156541  
-0.5329831942  
-0.3390920883  
1.232112066  
1.687351918  
-0.4848934266  
-1.325234959  
-1.523680195  
0.3815763842  
1.406607022  
0.4319175074  
-1.434665218  
-0.8315137869  
-0.5524268061  
1.942345856  
-1.29898591  
-2.942500597  
-0.2336000705  
1.296423712  
0.8984471902  
-0.6846917356  
0.1740605619  
0.7239135354  
2.149733952  
-0.1924284065  
-1.339862076  
-0.09459813432  
0.8236219971  
1.097425248  
-1.066990268  
-1.200947942  
0.8069608839  
-0.3783284754  
-2.130748434  
-2.534188257  
-0.6371517254  
-0.2333825029  
-1.074875121  
-0.9805766422  
-1.292127611  
0.2192070234  
3.012560381  
1.629987509  
-0.4365909362  
-0.4938478776  
-0.27777428  
1.915985202  
2.702573812  
1.922552466  
1.613256271  
-0.06233107416  
-0.01415073887  
2.90631383  
1.537295581  
0.2762960117  
0.9441221657  
0.3893165403  
1.235712846  
0.4563812381  
-0.1007576057  
-1.237954105  
-0.2468169652  
0.9606441085  
2.77838766  
2.28631953  
0.6358942501  
-0.3891842705  
-0.1637045478  
1.059753904  
1.859244783  
1.222290605  
-1.271717087  
-1.48664136  
-1.506266707  
-1.482390303  
-1.065112534  
-0.1176858544  
-1.27560162  
-1.071160687  
-0.9765349221  
-0.7849288664  
0.506404505  
0.1985100684  
0.2537389421  
-0.9846750015  
-0.7142393937  
-1.600255418  
0.1157411384  
1.981414637  
0.502155565  
-0.5026784899  
-2.529741047  
-1.147757037  
-0.2569784636  
1.403877005  
1.430002921  
1.61805001  
-1.455279875  
-0.67331941  
0.5367090774  
0.9987388273  
0.967489178  
0.5253868833  
-0.6621967552  
-0.8126954009  
-0.8971542509  
1.182584818  
0.6889948889  
1.036075256  
0.9649976936  
-0.6350640925  
-0.9271363423  
-0.3824088438  
1.451322711  
-1.319289152  
-3.651051872  
-2.521584238  
-0.6531800734  
1.79153251  
1.720123736  
-0.9238343992  
-0.7441840344  
-1.09254996  
-0.3024252494  
0.08819366209  
0.958664306  
1.04429442  
0.4323648166  
-0.7047793634  
-1.829930451  
-1.531649144  
0.7736643047  
0.3596706198  
0.374035343  
-0.733178647  
-0.2928791023  
0.8758613519  
-0.168673473  
-0.8864521279  
-2.812348104  
-0.6174085308  
0.9936347803  
0.3147292173  
-0.3347392312  
-0.348333129  
-1.246203832  
-0.7698167541  
2.082584863  
4.086525918  
2.344873545  
0.1407226272  
-0.4942254931  
-1.337641476  
-1.36853083  
2.042056482  
1.975062397  
0.8217223559  
0.007161373358  
-1.772643661  
-1.812126955  
0.7508513684  
1.989043342  
1.415846787  
-0.1781633607  
-1.80331407  
-1.902282694  
-0.5041566864  
