-0.03890582058  
0.7702638792  
0.8031851032  
-0.6722346055  
-1.362121061  
-0.1855255375  
0.7826052059  
-0.9166035962  
-0.8686714085  
-0.2630427072  
0.1490198109  
-0.4475744381  
-1.187319376  
0.2377469153  
2.532627484  
0.8839949002  
-1.189257501  
-0.344025664  
0.8768602156  
0.9075505875  
-0.08868144268  
-0.5157463681  
-0.6676417568  
0.5340235956  
0.1347484254  
-0.3188779456  
0.638966061  
2.015974074  
1.818838828  
0.1584630019  
0.7937344452  
1.195920957  
0.01767043655  
-2.717668636  
-0.6360859296  
-0.2826575633  
-1.349981739  
-1.887033606  
-1.512701774  
1.954381983  
0.8649557877  
-0.3313590343  
0.5783529127  
0.6720890768  
0.5442022568  
-0.9253625733  
-0.7517013142  
1.211044562  
0.2388178592  
-1.103527975  
-2.289529156  
0.3208015043  
0.9034629869  
-1.006006492  
-1.659562709  
-0.8636457969  
0.3951060446  
-1.070669277  
-1.118034492  
0.5972531404  
1.653326657  
0.2012611543  
-1.016322772  
1.022594831  
2.643665851  
0.9004348092  
-1.133237899  
-0.6805361473  
0.1605832107  
0.2961978248  
-0.04160499371  
-0.5731557065  
0.1393559799  
2.043003398  
1.336300673  
0.07095047637  
-0.1904522507  
0.192300871  
1.855166366  
0.629566398  
-0.05180572201  
-0.5752709468  
-0.6332729702  
0.221743574  
-1.166472188  
-1.551029049  
-0.02067240329  
1.477366273  
-0.4098292027  
-1.80763975  
-0.9709349452  
-0.6415573803  
0.4948357001  
0.3692776864  
-1.000416029  
-1.657999863  
-1.678356835  
0.8487337269  
0.8061582847  
-0.2057062203  
-0.03410198185  
-0.3970782375  
0.7250201555  
1.856880439  
0.3315826849  
0.2951216649  
0.8074621356  
0.9477166004  
0.9033968688  
-0.09184468688  
-0.1798693744  
-0.3698845904  
0.08211912876  
0.04631201887  
0.2408455201  
-1.566398396  
-1.182829213  
0.8611297853  
0.7792684926  
-0.2337099714  
0.9510443928  
1.461980463  
1.481849508  
-0.09934319173  
-1.124891455  
-1.273198745  
-0.9994356312  
-0.4080587668  
-1.31238173  
-1.51279034  
0.1058284647  
0.1638707534  
-0.002938060396  
-1.205402509  
0.5330805303  
2.289859168  
-0.1142845227  
0.06493444516  
-0.9109492279  
-1.576028678  
0.8465545833  
-1.135219435  
-0.9527915245  
-1.023772909  
0.004135504079  
0.1547318723  
0.5307728442  
-0.5249986764  
-1.141969851  
-1.384305999  
1.693455836  
1.137848936  
1.017085169  
0.6368849279  
-0.5123442201  
0.9600024726  
1.811958224  
1.333634479  
0.8902009265  
-0.8167537867  
-0.3846308547  
1.486564093  
1.069253023  
-0.4525836906  
-0.8502648844  
-0.3229125449  
-0.4641453138  
-0.1476173922  
-0.1143160562  
-0.8576988029  
1.900446016  
0.8142562312  
0.1338372669  
-0.432268895  
-0.6349433163  
-0.08304795478  
-0.3034063438  
-0.4172295267  
-0.895662075  
-0.9700592516  
-1.535424515  
-0.03280871578  
0.2705322151  
-0.815837328  
-0.8362718638  
0.9279641287  
0.2116306358  
-0.6237860848  
-0.847220954  
-0.3705837678  
0.253251925  
1.470508139  
1.099415495  
0.4091110612  
0.880186961  
0.390535685  
-0.1168628984  
-1.386430117  
-0.7876868556  
0.2119046243  
0.3563737919  
0.1368655939  
-0.9554296824  
0.8022469821  
0.7707721006  
0.5741904874  
1.245300195  
-0.1027209153  
0.4108294273  
0.5638513713  
-0.1699402108  
-0.8732084726  
-0.8178445344  
0.7928999772  
-0.5294238129  
0.06123539881  
-0.1743731848  
0.7852855567  
0.261165306  
-0.8521988979  
-0.1678325411  
0.544446188  
-0.3116619989  
-0.5824662775  
0.1234016227  
-1.277546049  
0.1684982292  
1.295047205  
0.8993590528  
-0.8766555833  
-0.5031745893  
-0.291533168  
1.225053063  
0.7851519928  
-0.8092739383  
-1.625640861  
-0.3135565838  
0.6892002823  
0.7233439678  
-0.3533623766  
-0.6547636605  
-0.07714969153  
1.121131976  
0.3551915829  
-0.4453477283  
-0.3121606142  
-2.042507287  
-0.4156883008  
1.490893834  
1.59735453  
-0.7309349992  
-1.110697318  
1.453802763  
0.4853623688  
0.4545291251  
0.6392656134  
0.061724889  
-0.134796297  
-0.70445949  
-0.3578805748  
-1.243890687  
-0.33869446  
1.797830846  
1.658057972  
1.074909786  
1.191978732  
-1.198287016  
-1.115393107  
-0.04567827472  
0.07542457165  
-1.011697228  
0.3629548091  
0.3534259548  
1.28008776  
0.4369836751  
-0.4126434423  
-1.098582298  
-1.401370034  
-0.4291247016  
-0.3872421783  
-1.348512355  
0.2570571967  
-0.730267946  
-0.152152507  
0.4118757932  
-0.9181045029  
-1.227910692  
2.755671289  
1.87900933  
0.8131649839  
0.882824208  
-0.3258158945  
0.4961300025  
-0.1374105875  
-1.526299831  
0.5418418711  
-0.8483005748  
-0.6151251409  
-0.002338143248  
1.164089651  
0.6733536269  
0.7819475556  
-0.8237337163  
-1.245233151  
-0.6983455381  
1.025109608  
0.7262227708  
-1.216813225  
-1.052313526  
2.054924536  
0.8440023044  
0.3945794148  
0.1336290081  
-0.2079930986  
0.4904223155  
-0.3693096137  
-1.204027502  
-1.402110459  
0.3595617233  
0.6174030708  
-0.7571895109  
-1.389476009  
-1.105890951  
-1.003926009  
0.8134852712  
1.963494268  
1.759167973  
1.972400096  
1.140392257  
-0.2536425522  
-1.732011761  
0.4781713066  
0.07426878522  
0.2124164018  
-1.101420232  
-0.4829356804  
-0.1646476259  
1.571126654  
0.4044227258  
-0.8601550007  
0.04794803729  
-0.1159905432  
0.6534618442  
0.4447069295  
-0.5166406411  
-0.3766391781  
-0.8932506164  
-1.721952035  
0.1397439949  
0.3270122758  
-0.04364325159  
-0.7402446261  
-1.207664834  
0.5215830213  
1.730643999  
1.845390041  
-0.3767805254  
0.387535706  
-0.2947566939  
-0.8523094901  
1.693276043  
1.443936965  
0.4307099062  
-0.9612282688  
-0.2212459265  
0.9920622064  
0.3851987925  
-0.6981697389  
-1.342059633  
-0.9443956244  
0.9924969898  
0.2843190399  
0.01064578566  
-0.5581194471  
-0.2968232374  
1.199871022  
-0.1426186175  
-1.522615848  
-0.2753546426  
-0.8571560366  
1.413512253  
-0.3573719402  
-1.525670595  
-0.8875591447  
-0.03458689694  
-1.106713871  
-1.168997967  
-0.4810895143  
-0.9879029127  
-1.000577609  
1.081458461  
0.8865578442  
2.112635335  
0.6509620644  
-0.2155223158  
2.338942909  
0.974564599  
-0.7595764411  
-0.1877143303  
-0.2656217926  
-1.217645104  
-0.1004677581  
-0.4367072358  
-1.479326667  
-2.025079788  
-0.9577954845  
2.006224609  
2.403954112  
1.612731833  
-0.5005469301  
0.09519156668  
-0.6081660494  
0.8116270835  
0.9011429517  
0.2000897443  
-0.8423737941  
-0.2107195378  
-1.430908656  
-1.665941085  
0.5096906681  
0.6019019157  
0.4447731144  
0.8206031273  
0.1367273116  
0.07763044109  
1.373541497  
0.7702684851  
0.6282833924  
0.3280988452  
-1.005147124  
-1.667468547  
0.5473547127  
0.5973303961  
0.8614372661  
-0.9245983007  
-0.8624846483  
0.5699447614  
-0.7742743723  
-0.4293427511  
-0.8602901263  
0.8009190749  
1.216320238  
0.6290205988  
-0.1496076652  
-1.294567456  
0.08435817816  
0.5136543366  
0.5226675782  
0.5480487051  
0.5694841575  
0.738943499  
0.5524059279  
0.9640650898  
-0.8821106015  
0.3504817367  
1.569266571  
1.481603512  
-1.30294969  
-1.560034185  
-1.348341743  
0.2756165966  
-0.8583431559  
-2.701494102  
-0.1820100456  
0.6424765472  
0.5839424972  
-0.9829513956  
-1.820691827  
0.2683201954  
0.05927139563  
-0.04018079487  
1.732915879  
-0.5985046844  
-2.254878245  
-0.1841135719  
-0.01964616705  
1.15916336  
1.42118535  
-0.5434034505  
0.3316007631  
0.253908495  
0.5635225861  
0.2644524636  
-1.02227908  
-1.13641048  
0.9864045061  
0.6562383203  
0.6231324669  
0.7359055475  
-0.1612864128  
-0.8282322991  
1.05190656  
0.4371822525  
-0.1883220046  
-0.872349852  
-0.9606575093  
-0.8257490903  
-1.081152816  
0.599307405  
0.4706391759  
1.799653143  
0.6905076985  
-0.9903118402  
-0.06296334747  
0.5647320712  
1.18049381  
2.017050136  
-0.1390650173  
-0.4059658789  
0.3666242966  
-1.017529055  
-0.1038620655  
1.004301525  
0.6375630826  
0.001416071068  
0.644942539  
2.375429086  
-0.1413758299  
0.6149803243  
0.3685751367  
-0.9433362162  
-1.569705367  
0.3758381392  
-0.442912866  
0.2149411772  
0.2336782158  
-0.5932214458  
0.1617441235  
-0.5455476298  
1.187590675  
0.005512370494  
0.7653160721  
0.1248719642  
-1.844773262  
-2.388535526  
-0.06258102501  
0.04113521746  
-0.8428805384  
-1.484457644  
-1.620370638  
0.2616891498  
0.8569023158  
0.1132421895  
0.5260176501  
-0.9162524053  
-0.04393494928  
3.051495469  
1.10312486  
0.1305970484  
0.7135398943  
0.4046080711  
-1.08755721  
-1.290327581  
0.512857943  
-0.6431578266  
0.8682136855  
0.1837522538  
-1.317721155  
0.7611162789  
0.327615557  
0.5870690098  
-0.05550975105  
-1.29510888  
-1.180653789  
-1.622186299  
-0.6416159047  
0.2854045603  
-0.4023958565  
-2.373037475  
-2.409937582  
-0.5685613821  
0.03808469071  
0.9003323524  
-0.1458132  
-0.7241627243  
-0.1728490182  
1.829360074  
1.18880704  
2.062962333  
1.965121758  
-0.1414756549  
-1.660423609  
-1.373490681  
1.540249781  
0.3995537221  
-0.1832719692  
-0.4373778819  
-0.4107926349  
0.1495105286  
1.29145296  
