-0.1569255948  
-0.943948009  
0.3809557024  
-0.3159448993  
-1.7935463  
-1.393178355  
1.455899899  
-0.1356555227  
-1.526454612  
-0.1270412363  
2.385385783  
0.1307096601  
-0.5231097372  
1.262271449  
3.133605616  
1.762043335  
-0.2432403464  
-0.759050054  
0.135070425  
1.435894766  
-1.247105005  
-1.936753599  
-0.1980979496  
2.091995228  
-0.2451719018  
-1.099658245  
-0.1215799171  
1.571841848  
1.203530759  
-0.630207968  
-1.586970013  
-0.1268867171  
1.362360526  
-1.71613717  
-2.213289041  
0.03768770572  
0.2738658979  
-3.001922447  
-2.144238891  
-0.2557077356  
0.3683007376  
-1.325904094  
-1.133404786  
1.851686808  
1.270838894  
-0.1688940918  
0.159041675  
2.694798618  
1.774827981  
-0.3048905678  
0.4299738593  
2.124814961  
1.230925217  
-1.019921503  
-1.925631575  
0.6543738361  
1.827096412  
-0.4472497916  
-1.318240517  
0.5980324232  
2.275217849  
-0.3656883988  
-1.989957465  
-1.913411775  
-0.6049614907  
1.017260966  
-0.4419113934  
-0.6249785973  
1.664192049  
3.738230336  
1.725556219  
0.191054369  
0.4017057277  
2.015265906  
2.008899913  
0.2639126935  
-1.474885188  
-0.2279873335  
1.464058042  
0.07187302413  
-1.974102978  
-2.147513793  
-1.419277133  
1.170714422  
-0.02021853496  
-1.808853433  
-2.403941546  
-1.413756342  
0.03946151516  
-0.4097433046  
-1.495084558  
-1.019907791  
-0.2636974359  
0.9932784608  
-1.187800932  
-2.807626844  
-1.848825943  
0.1344219493  
1.354374179  
0.4342226215  
-1.402539366  
-1.282206211  
1.695522399  
3.951451455  
1.285300721  
-0.3261468397  
1.354293494  
2.294261079  
2.101382674  
-0.1067350992  
-1.974270135  
-1.226543358  
1.411037825  
0.1726422103  
-1.271418436  
-1.478412099  
-0.3022628194  
1.638534116  
0.07965174222  
-1.184388277  
-0.6918483577  
0.5206435453  
3.195316193  
0.92155793  
-0.9104550806  
-0.760945618  
2.754895296  
0.8269329951  
-1.366189018  
-1.383500306  
-0.3760650796  
0.6427978289  
-0.5586955476  
-2.735802214  
-1.718836621  
-0.4196600575  
0.2726981111  
0.5663348951  
-0.5160360973  
0.2137438055  
1.567014334  
1.29628069  
-1.522178767  
-2.773844618  
0.05447671164  
0.770285866  
-1.56557209  
-2.140141022  
-0.9985587621  
-0.4336726371  
0.9749305246  
3.55214307  
2.312813391  
1.034566056  
0.9235621102  
1.25332574  
2.842705304  
0.4396484828  
-1.760224461  
-2.961874067  
-2.060906793  
-0.4194166543  
-0.8658214567  
-1.737466663  
-2.811955898  
-0.7462646921  
2.597117077  
2.356289518  
1.065868588  
1.325550675  
2.319155095  
2.380757683  
0.5746815575  
-0.8730811746  
-1.276505131  
0.0009167378448  
1.799988512  
0.2949150122  
-0.5660529354  
-2.175552935  
-1.602450055  
-0.5307893889  
-1.405203297  
-1.941361465  
-0.6091887814  
-0.3662159471  
0.9018369033  
-0.04772220344  
-0.3554269465  
3.182103663  
3.664589586  
0.1032639692  
-1.735155786  
-1.513923781  
0.5838325481  
0.09174475802  
-1.386817108  
-1.781252128  
-1.2852647  
2.267365203  
1.561658529  
-0.06019641471  
0.8149588384  
2.736586913  
1.168202509  
-1.105729634  
-2.852541943  
-2.096677011  
-0.7000096142  
-1.339009828  
-2.479909265  
-2.781444766  
-0.399493932  
3.476065621  
2.480073231  
0.3312011422  
0.02245802059  
0.7517675102  
1.854621829  
0.5378877486  
-0.3474077398  
-0.2194145958  
0.9927795427  
1.613939363  
0.6706134221  
-0.400046717  
-0.3047672302  
2.437927275  
0.8646551053  
-0.4093011998  
-2.214309107  
-1.397422271  
0.9951785253  
-0.7244904718  
-3.076450674  
-3.375369209  
-1.663754285  
0.7302230201  
0.09388696411  
-0.5608403364  
-1.286399772  
0.3249593053  
2.44451559  
1.258096799  
0.1781646773  
-0.7446735461  
-0.3724055936  
-0.1419780666  
2.41186827  
0.3960641222  
-1.216665065  
-0.5786117977  
0.3485386654  
0.8302493697  
-0.6006093586  
-0.6695615021  
-1.097049385  
1.314587628  
3.925616698  
3.039059166  
1.426565362  
-0.09786077783  
0.7964495626  
2.256615075  
-0.8530073379  
-2.633904753  
-0.7650446299  
1.316937878  
-0.1541586267  
-2.217812824  
-2.943176719  
-1.748336552  
1.372739024  
0.1616355287  
-1.54498396  
-2.996385134  
-1.988675456  
1.777689644  
0.7733125117  
-0.7783697237  
-0.2796386626  
1.601763877  
3.61223899  
2.773864174  
1.091717537  
-1.581374587  
-1.417257372  
-0.5853404851  
0.3024681687  
-0.4977784806  
-1.151309349  
-1.212000576  
-0.4944475934  
1.781053733  
0.6965989073  
3.8817227  
1.099478201  
-1.380375465  
-2.27721825  
-1.643025133  
0.7659402191  
-1.036269345  
-2.099330215  
-2.683896569  
-0.4325395421  
2.534968994  
1.426193901  
-0.5859215854  
-0.5960240991  
1.084482044  
1.837043868  
-0.1010425864  
-1.885515184  
-0.3725981964  
1.944103309  
1.249008375  
-0.0576298984  
-1.162622418  
0.06143760839  
1.326893382  
-0.2613397588  
-1.274943608  
-0.4615915381  
-0.2520936405  
0.9742699891  
2.636746173  
1.919460706  
0.8552317155  
-0.09390326406  
-1.720104688  
-1.911737053  
-0.2041372898  
2.432888863  
0.8398618734  
-0.7170665284  
-2.82960689  
-1.139434321  
0.8769398248  
1.286719778  
0.2269166282  
-1.466482899  
-1.273374935  
0.4464119671  
2.467411688  
1.201060787  
-0.6819169485  
-2.75042636  
-1.961100143  
-0.3818305082  
-0.5802515656  
-0.6259093627  
-1.37923339  
-0.1186140682  
1.041187769  
3.787431139  
2.839825261  
1.822250163  
-0.05966548837  
-1.333840493  
-0.5920714045  
1.629360918  
1.614274344  
0.146801023  
-1.58397877  
-0.5899022858  
1.324117943  
0.8763676918  
-1.241700654  
-2.322021719  
-0.6634021939  
1.626168722  
1.372092889  
0.7417831361  
-1.033883508  
-0.5841938524  
0.6707028891  
0.9560598071  
0.001715891159  
-1.604344681  
-1.205079722  
-0.7841772147  
-1.877348565  
-2.118544053  
-2.708875665  
-1.055206333  
1.750727275  
1.195092132  
-0.3281797695  
-0.2354069875  
-0.4791897436  
-0.02764863236  
0.7012798085  
-1.179951166  
-2.64124824  
-1.976272854  
0.3254444705  
2.591949781  
0.9929462462  
0.4730446825  
0.2097723799  
-0.1189770866  
0.2908550612  
-0.05494623427  
0.1053300325  
-1.966825067  
-0.9209197958  
-0.01229939662  
1.803066968  
0.5572808268  
-0.272955162  
-0.2731707431  
-0.08111389161  
0.5081745171  
2.385215577  
2.626015877  
2.351499613  
0.9409460457  
0.007784879207  
-0.5152888574  
0.4507554669  
1.467394537  
-0.1726981026  
-1.175150402  
-1.296086194  
-1.403262761  
-0.5873309963  
1.716567609  
1.464270156  
-0.3126868974  
-1.000338138  
-0.7840135437  
-0.5263559705  
2.459152988  
0.8789592642  
-0.5817847298  
-0.107184258  
-0.2173578529  
1.857000425  
-0.3639782277  
-1.497557797  
-1.23589418  
0.8650548457  
-0.9757670584  
-2.754075656  
-2.626680342  
-0.4600395108  
1.179096381  
-0.3771319904  
-1.770570617  
-0.136583996  
2.901274036  
1.96416081  
0.3052069733  
1.498146666  
4.255195405  
1.622704949  
-1.485415103  
-2.063201523  
-1.650691466  
0.3433548389  
-1.495686927  
-3.292034252  
-2.92556996  
-0.7473576271  
0.1689219452  
-0.9156272137  
-1.647051078  
-0.1898138844  
0.6681145996  
3.359022072  
3.247673666  
1.330900519  
0.129179616  
-0.1445310662  
0.4444495199  
2.472072318  
0.5256141289  
-1.07814507  
0.4040807453  
-0.07029373516  
1.663489976  
0.03747875648  
-1.312567286  
-2.511603776  
-1.903629205  
-0.007545833731  
0.4032136553  
1.130401817  
0.296185459  
-0.7549262266  
-0.897454246  
-0.5017063997  
1.221969392  
0.7605583884  
0.4372027267  
0.3231601838  
0.09626660812  
-0.437125541  
1.915700204  
2.618987033  
1.797531624  
-0.1211459924  
-0.9154283845  
-0.9329203287  
1.272074908  
1.839335829  
-0.5328361979  
-2.301401248  
-1.114543267  
-0.6500856431  
1.116349304  
1.138177768  
-0.5391222111  
-0.7143852997  
-1.50663087  
-1.839174045  
-1.04564758  
0.9082866133  
-0.8107581245  
-1.42108718  
-1.180205219  
-0.6913945901  
-0.2380329824  
2.354319237  
2.197110308  
1.091353841  
-0.7542514284  
-0.9941592379  
-0.01514110826  
0.8453638279  
2.201653561  
1.338901078  
-0.1206623523  
-1.535307064  
-2.034059801  
-1.91411384  
-0.02190436896  
-1.679016961  
-4.047306085  
-2.99722565  
-1.174477596  
2.163252796  
2.908265679  
1.655419671  
0.1391434767  
1.301317364  
2.107305888  
4.747038  
3.473341019  
1.471100227  
-0.5465774333  
-1.710923219  
-1.843569011  
-1.158855074  
1.150395432  
0.2776031696  
-2.496646861  
-2.890794779  
-2.001599331  
0.9143927336  
0.4976593441  
-1.092429725  
-1.493576211  
-0.4912196338  
1.40643199  
1.898252399  
0.8491186625  
0.454060036  
-0.1102334546  
0.5313050163  
2.42602608  
1.473280619  
-1.748241414  
-3.145739785  
-1.565184857  
-2.349027753  
-1.320362109  
1.449665182  
0.5044171944  
-1.033407067  
-0.4325122037  
-0.7385462762  
-0.874090159  
1.591802893  
3.920534993  
2.105438264  
0.3358754041  
-1.207830584  
-0.9867235988  
-0.06083915345  
