1.685265903  
1.29743015  
0.1013522525  
-1.952889964  
-0.1552401091  
1.779739132  
-0.636091257  
-2.358457142  
0.3976345021  
0.7008166062  
-0.4835692733  
-1.026572659  
0.7451773774  
0.6875119262  
-1.107209607  
-2.378620145  
0.1197656057  
1.207003091  
1.97716542  
-0.2313430359  
-0.3628685513  
1.136729056  
1.740685757  
-0.5364784433  
-1.243203131  
-0.1274273769  
0.1123760906  
-0.9187930961  
-1.229255873  
0.4233464129  
1.157970365  
0.4545827825  
-0.6605850328  
-0.8374311404  
0.4272833134  
-0.7690378551  
-1.527453546  
-0.7327924258  
0.7311804316  
0.5265565232  
-1.1460089  
-0.4267500554  
0.4435392314  
-0.1898155112  
-2.190868373  
0.7153653355  
2.686504323  
0.4306811998  
-0.7658083032  
0.3392531522  
3.585573573  
1.242721081  
-0.07433114216  
1.141889446  
2.287280071  
0.2975637982  
-2.09422412  
-1.099612049  
0.1645925734  
-0.1669923841  
-1.431694997  
-2.619044202  
-1.661663897  
0.1833399397  
-0.6668911689  
-1.734676268  
0.4128947966  
1.90422119  
1.320526049  
0.2988648176  
-0.2774936008  
2.162043636  
2.855794031  
1.023063244  
0.06129930227  
0.2195304287  
1.072699729  
2.518448513  
-0.06816055047  
-2.5054679  
-1.20180172  
0.4971525265  
-0.6728796904  
-1.7782339  
-2.712554373  
-2.501035022  
0.1008273212  
0.9124053127  
-0.1758824901  
0.16313846  
0.7870068264  
1.197836684  
0.3833469314  
-0.6398667861  
-0.8438150796  
0.8846421006  
3.072716003  
1.844795353  
-0.47413253  
-1.288630921  
-1.898571743  
0.3911575082  
-0.4883197438  
-2.121426122  
-1.812794936  
-0.7866541195  
1.007652775  
0.9502557947  
-0.1277916951  
0.5856473656  
2.33355031  
2.181458196  
-0.3457689413  
-1.030771959  
0.266983177  
1.740906151  
2.082392511  
0.181571412  
-1.42488879  
-0.7021316781  
0.6395506787  
0.8681596115  
-0.7869214893  
-1.688124601  
-0.3441223529  
1.075018274  
0.5579381209  
-1.640005519  
-1.835725362  
-0.5110681134  
-1.224249368  
-1.579766124  
-1.489818216  
0.01391580345  
1.833098855  
0.3603132332  
-1.569410424  
-0.8139503125  
-0.6782776177  
0.2071365882  
0.4681625156  
-1.723790756  
-1.524148909  
1.632612426  
0.5597285415  
-1.888806001  
-0.8430323497  
0.99858381  
1.371444702  
3.362935428  
2.360492523  
0.5798117675  
-0.1469644489  
0.04457640535  
1.320073098  
1.794471446  
1.022530854  
-0.06716052771  
0.1662556562  
0.1587495066  
0.7883658201  
-0.6311757898  
-2.329466563  
-1.571727828  
-0.3797869661  
-0.9333155564  
-1.524792468  
-2.238896433  
-0.969581744  
0.9867331999  
0.3181876649  
-1.171375124  
-1.979356676  
0.7161764456  
1.915204791  
2.690969178  
0.8059028547  
-1.351676349  
-0.5358583748  
0.07129769138  
1.31279262  
0.4309107648  
-0.974410911  
0.1514705212  
1.343325344  
-0.5660582496  
-2.435535893  
-1.33566519  
1.214726825  
1.870174413  
-0.4397025655  
0.9655814481  
1.833596025  
1.948319756  
0.6082178278  
-1.045245959  
-0.4869201178  
1.215338683  
0.5696222976  
-0.828523269  
-2.211308942  
-1.262049343  
0.4711986763  
-0.04136211093  
-0.06394887286  
0.6026517256  
-0.5954201924  
0.2423348246  
1.030135163  
-0.5355631262  
-0.1217569433  
0.6829055308  
0.7398552326  
0.03234876859  
-1.072486394  
-0.4843713347  
1.82975531  
2.305432406  
0.02841816135  
-0.4051492998  
-1.158407747  
-0.3720075576  
-0.6865028394  
-1.710851162  
-0.9687789285  
0.2440513257  
0.196236333  
-0.1296735894  
-1.017577539  
0.7392381269  
1.443659962  
2.241500135  
1.107874813  
-0.6386681414  
-0.022411545  
0.2728795715  
-1.392642222  
-1.606663942  
-1.668748992  
-0.465197792  
-0.3071938014  
-0.3589319218  
-0.9351567343  
-1.511110481  
-0.8966518793  
-0.2784843882  
1.162881872  
0.5130676294  
-0.7919905805  
-2.363063385  
-0.4278363795  
1.914591487  
1.926327631  
0.2291458601  
0.8966492057  
0.08731133953  
1.764599798  
0.5802734646  
-0.9645689694  
-1.196350101  
0.3963609201  
1.924607309  
2.644108263  
0.8889137843  
0.8341771579  
1.170349993  
1.329991187  
0.06628222403  
-2.074805339  
-1.015928495  
0.03451317805  
-0.7914517457  
-2.166163356  
-2.072111155  
-0.1119635569  
0.2884079793  
-0.1327360218  
-0.3849237301  
-0.8219171611  
-0.960919141  
-0.6995414023  
-0.09117060714  
-1.01482358  
-2.4153835  
0.1403728652  
0.2891924162  
1.593766109  
1.957343912  
1.303311057  
1.710005782  
1.665021656  
1.343860758  
0.06339720151  
-1.282647711  
-2.217923472  
0.3233216978  
-0.6229627839  
-0.4366163397  
-0.1305380049  
-0.9454223436  
-1.579782684  
-3.34644485  
-0.8364742776  
0.1364821252  
1.712181165  
-0.2095958672  
-0.8463989115  
0.6814855298  
2.49860834  
3.278997129  
1.702743065  
0.8977809158  
0.7933661057  
1.104355368  
-0.2642960481  
-0.5069866912  
-0.1455840525  
0.8605498604  
-0.2751145782  
-1.033439269  
-0.7734100798  
-0.6241744595  
-1.842067834  
-0.8775475359  
0.9920973015  
1.148227878  
0.4636054176  
0.3222325789  
0.243985969  
0.1248773175  
2.534002817  
2.368809661  
-0.3698060029  
-0.5145790023  
0.2100901886  
0.01721644233  
0.8388833809  
-0.04878811858  
-3.123941478  
-3.63648581  
-1.9493882  
0.6813966883  
-0.9659771133  
-1.064064354  
-0.796694689  
0.1874623513  
1.30294079  
2.509881089  
0.9969230944  
-0.883589415  
-1.704824835  
-1.218373844  
0.2829669492  
0.9160956364  
1.245095357  
0.113362245  
0.5053190439  
0.5898362122  
0.7270077722  
1.264079386  
0.1759644615  
-0.2338645201  
0.6574838807  
0.5467983517  
-0.1931750629  
-1.916959036  
-2.729379418  
-1.696796172  
-1.540715146  
0.6847397462  
0.7693033004  
-0.6015746759  
-0.6124731336  
-0.259551267  
1.847009341  
1.35272525  
0.3344766281  
0.2879327181  
0.1948463607  
0.7098139899  
-0.7976142815  
-1.625826965  
-0.8581781249  
-1.175369898  
0.0279979026  
-0.9664777634  
-0.6210865876  
-0.7445173347  
1.074571703  
2.227583808  
1.437038386  
0.5505678427  
0.6399946488  
1.612353278  
2.41721281  
2.548744801  
2.173165541  
1.209635725  
-0.9610558095  
-0.9060410498  
0.1719003763  
-0.3225828191  
-1.145829799  
-1.385656324  
-1.418698099  
-0.2372746268  
-0.5301929578  
-2.642055233  
-2.660326416  
-1.534593629  
-0.6133734687  
0.8405407694  
0.5439429371  
-0.1720480499  
-0.8223937338  
-1.018259615  
-0.1277600806  
1.559276755  
2.942152171  
2.531670149  
-0.1127336567  
-0.6648335137  
-0.1670458639  
-0.02310519667  
1.098303966  
2.133236777  
1.076221321  
-1.137002518  
-1.222721591  
-0.2234689513  
1.412953592  
2.589697092  
1.63764042  
-0.2672430716  
1.10838488  
2.284742042  
1.161996121  
-1.431980578  
-1.377655492  
-0.1689117478  
-0.8212882761  
-1.45960271  
-3.608786594  
-3.155928603  
-0.8957291288  
0.7898775397  
0.09374920805  
0.4694405947  
0.03717827753  
0.2947512117  
-1.047245955  
-0.891106881  
-0.02300698437  
0.2715103349  
0.1876687505  
0.06166091623  
1.235676275  
1.210145545  
0.3624826322  
-0.659805706  
-1.257918423  
-1.436784895  
-0.4731308213  
-0.2670500117  
-0.8983130394  
-1.082741912  
0.6993805741  
1.288779096  
1.226958694  
1.532731161  
1.146002735  
0.7417845227  
0.1104892829  
0.9702112002  
0.330449505  
-1.311111233  
-1.420019742  
-1.150879897  
-0.05946218493  
1.145299816  
-0.3662199372  
-1.678480733  
-0.1754144112  
0.1512386571  
-0.06413723214  
0.4495916457  
0.5281430955  
-0.3170831034  
0.4003131886  
0.9665225575  
1.119512674  
1.628368393  
0.4590174945  
-0.5113109577  
0.7425933544  
-1.070643618  
-0.4686110452  
0.7484945542  
0.4397613093  
-0.6301642861  
-1.21351924  
-0.2355230476  
2.11588158  
2.268450818  
1.637896398  
-0.3363927201  
-0.5829722332  
-1.863959028  
-1.66056566  
0.3877525828  
1.235233305  
1.031765785  
-0.09468245347  
0.04874230546  
0.07125950698  
0.129390608  
1.420020811  
0.1445703999  
-0.3344574422  
1.61831066  
1.772600292  
0.8405880346  
-0.3304069901  
-1.622378034  
-2.00875758  
-0.7229937966  
-0.2770955222  
0.01367833412  
0.2590726153  
-0.5516295941  
0.05723935715  
-0.6029646566  
-1.250659962  
-0.7589136774  
-1.348261471  
0.1721614479  
-0.9771648866  
-0.8945817096  
-1.667652561  
-0.9824548142  
-0.699987158  
-0.1304313665  
-1.161779324  
-0.8421551328  
-0.05813632811  
1.39727836  
1.044983142  
0.296956913  
0.03908480515  
1.642071058  
1.491280675  
1.889931157  
2.964917442  
1.83034187  
1.395829018  
-0.06117380891  
0.4277624417  
1.25989299  
-0.617009294  
-2.015465015  
-2.032355692  
-2.627913268  
-2.060671216  
-0.6313532511  
-0.6081464697  
-1.385759425  
-1.304621132  
-0.9944684031  
-2.30916587  
-0.757493575  
-0.6229873599  
-1.009296261  
-1.736316268  
-1.879546158  
0.4953834885  
1.715892318  
2.070681715  
1.281792054  
0.4926271211  
0.3988590743  
0.3108146737  
0.7505337876  
0.8956868787  
1.754164556  
0.7090747824  
-0.1926055646  
0.290418896  
0.1317497663  
0.9566286356  
-1.447348476  
