1.867874784  
0.7815447681  
-1.065376528  
-1.435833196  
-0.8568579167  
0.2595086214  
-0.04821194603  
-0.1001152375  
0.6347621618  
-0.5620985098  
0.2555847286  
0.9377395899  
0.2254617914  
1.032300658  
-1.81904653  
-1.561957908  
-0.2763659849  
0.007182045535  
-0.4737481451  
-2.827384115  
-1.066279016  
-0.05240287193  
0.9406955298  
-0.9729657765  
1.868681983  
3.632391866  
1.719608031  
-0.1432665587  
0.7407393198  
1.782649175  
1.301925571  
-0.1895177464  
1.127542396  
0.7233220639  
-0.5122756393  
-1.423903383  
-2.233893588  
-0.5256824446  
1.361827605  
-0.255497337  
-1.369584724  
-1.365348643  
-0.9119736673  
-0.4134212004  
-0.7422903275  
0.7907372941  
1.850561866  
-0.02132639114  
0.1487034969  
0.1628339935  
0.6069786628  
-1.633666873  
-0.3091196709  
0.3997440286  
0.04852533428  
-0.1812562511  
-0.851330948  
0.3025027794  
0.3698098278  
0.3273607481  
-1.863201469  
-0.1752903732  
0.6242087484  
1.270186953  
-0.06610918837  
0.9684247502  
0.7838177893  
0.8751333848  
0.7643726822  
-1.241977128  
-0.5084525287  
1.738761759  
1.381035856  
-1.524501706  
-1.065587554  
-0.5699610646  
1.769964575  
1.883806339  
-1.175049855  
-0.5483211465  
0.2657967779  
0.481833834  
-0.1234981439  
-1.132729201  
-0.9954650271  
0.403047284  
0.9551583154  
-0.6636555494  
-1.249839056  
-0.3937425134  
-0.08830512044  
0.8829088374  
-0.1134692258  
-1.226649039  
0.1362017101  
0.05928120662  
0.7179871656  
-1.517961914  
-0.395224535  
1.267492843  
2.75902056  
0.9427741496  
-0.6304551867  
-0.965590961  
0.1122648313  
0.410464653  
1.1102125  
-0.5665591904  
0.3150559459  
0.4780403313  
0.9732145304  
0.8027144909  
-1.413537907  
-1.084718157  
-0.3550048969  
0.4911679327  
-0.01370473993  
-1.337456544  
-0.8697327571  
-0.2449045488  
-0.2258691661  
-0.5839207577  
-2.308133543  
-0.09321612553  
0.2722099372  
0.7860570299  
-1.69842843  
-0.5856825291  
2.004655729  
1.041846484  
-0.8334914129  
-2.314530188  
-0.02195262447  
1.80301158  
1.29892683  
-0.1917752031  
-0.7854499325  
-0.6222587291  
1.431617291  
1.553130292  
-1.329256777  
-1.444832969  
1.002005174  
0.5444551851  
-1.403067442  
-1.661203868  
1.588771869  
1.683917195  
1.845929581  
0.5823867903  
0.0002625690614  
-0.7279302004  
-0.5686810934  
-1.853507707  
-0.3023744672  
1.665480022  
0.2576647025  
0.5830690849  
-0.8418254417  
-0.2373359319  
-0.6899257137  
-3.340572282  
0.4589526972  
0.2695377037  
1.492171646  
0.5251888775  
-1.493130261  
-0.9055939972  
1.376348165  
0.8096976048  
-0.540764627  
-1.803465768  
1.036052213  
1.516887127  
0.9427265191  
1.593842553  
-0.7791200741  
-0.1090777939  
-0.5918741098  
-0.4493848412  
0.3901399703  
-1.265144095  
-0.5147823807  
0.9772108654  
1.490331329  
-0.490259463  
-0.7750568746  
-0.5281476178  
-0.8146235195  
-1.070747597  
-1.369980125  
2.032875969  
2.29326271  
1.492116873  
-0.3908453094  
-1.412661991  
0.4498613943  
0.5735631091  
0.006918715038  
-0.4792916819  
-0.7637290616  
0.7873688931  
1.286045069  
-0.1124437624  
1.01402948  
0.008517416986  
-0.06788000993  
0.9563114311  
0.2850806879  
0.4250397805  
-0.03617294994  
0.05594879535  
0.9667626067  
-1.542012104  
-0.9820431538  
1.199632786  
1.566439507  
-0.7911873851  
-2.07065439  
-0.7981666109  
0.7572129439  
0.5236538546  
-0.7017150376  
-2.648216225  
0.02210366887  
0.2636947986  
-0.6099289007  
-0.6620045832  
0.8951028248  
0.2246948835  
0.449197812  
0.3232161374  
-2.480337849  
-0.6234802194  
1.879645436  
1.545811314  
0.6772690106  
-1.019567678  
0.71328987  
-0.2382796822  
0.2005281707  
1.867415927  
0.4965443736  
0.0506386548  
-1.210609882  
0.5676749776  
0.4284599066  
-0.9999973473  
-2.55058035  
-0.7941301776  
1.461502575  
1.099283984  
-1.925493035  
-1.038973063  
-1.065473724  
1.735383267  
1.005232415  
-0.5883525302  
-1.297417309  
0.3222254183  
0.8591061101  
1.565533307  
-0.2525604665  
-0.9991635411  
-0.528753581  
0.4101716198  
0.4025096646  
-1.471655875  
-0.3636993459  
1.589520886  
1.167630887  
-0.8459486473  
-2.064710347  
-0.1193348645  
0.00461195916  
0.8012813028  
-0.4687814803  
-1.903421249  
-0.153310887  
2.023532539  
1.480523297  
-0.5163269145  
-1.05434804  
0.3360793344  
0.6490539595  
1.433611652  
0.8943613608  
-0.8114674895  
0.3009344764  
0.3325134082  
1.901539437  
1.259137919  
-1.21982315  
-1.720930719  
-2.094233058  
-1.685333713  
-0.607956819  
1.166930627  
1.276078928  
-0.08327810034  
-1.59773646  
-0.322270169  
0.1042827913  
1.063085009  
1.182543835  
-1.219227163  
-0.2117206292  
1.128663881  
1.1565111  
-1.114582547  
-1.587075681  
-2.44811062  
0.1434902116  
1.893363829  
-0.05684233995  
0.589171283  
1.748426606  
1.820340823  
0.2938384488  
-2.033492755  
0.03350416423  
0.56363747  
1.185508027  
0.6580171552  
0.4644922338  
-0.9036979646  
-0.6942484865  
0.9069125491  
0.2161076152  
0.9956376518  
0.7424211994  
-1.116212286  
-2.200514636  
-0.4753137141  
-0.3349991604  
-0.1493277527  
-0.1216137604  
-1.452457892  
-0.2878136529  
0.1079695589  
0.9444823671  
0.2812834052  
-0.3810592158  
-1.422965294  
-0.5491683534  
-0.112083945  
1.489041004  
0.2068250927  
-1.303644258  
-0.4749557171  
-1.234926571  
1.104200148  
0.8904462613  
-0.08488511945  
-0.9779402438  
-0.5141300348  
-0.4307543549  
0.4049109737  
2.347545996  
3.093701994  
-0.3959002807  
0.5831895043  
-1.051444707  
-0.4019264754  
-1.186811601  
-1.766971282  
-0.03757143623  
-0.312830552  
-0.09866074862  
0.662995715  
-0.507255987  
-1.575549801  
-0.07948228403  
1.199038505  
2.496541985  
-0.849103037  
-0.4888785838  
-7.048327458e-05  
-0.8996060345  
0.5242159109  
-0.2715578106  
0.02054153858  
-0.1312091022  
0.2005636596  
-1.897492382  
-2.036446982  
-0.7781661563  
-0.6570631426  
1.352544152  
0.5220438357  
-1.436400943  
-2.078196334  
-0.0364422044  
1.323401955  
1.844519841  
-0.6929630046  
-1.459775912  
0.4427265548  
2.012083511  
2.438006726  
1.872930242  
-0.06372246469  
1.103227332  
0.7827213645  
0.01482765962  
-0.1073100776  
-0.2985289179  
-0.803301339  
0.9190870262  
1.252943324  
2.31679574  
0.5171332131  
-0.8414705108  
-1.841604836  
-0.6420649861  
0.09985910727  
0.2596681872  
0.4509189045  
-0.2001266225  
-0.196028011  
-3.013653774  
-1.39768152  
-1.022772364  
0.5803429546  
0.9166471085  
-0.3012149431  
-0.2560033952  
-2.052360417  
0.7679437  
1.468362575  
1.380469897  
0.1440807487  
0.08841278298  
1.464743692  
2.077024061  
1.512179994  
-0.3657620681  
-1.771582089  
-0.1591038599  
0.7964620257  
-1.256636308  
-1.842846448  
0.5325731677  
1.651112671  
1.555103212  
1.343312479  
0.308835187  
-1.143098323  
0.1132299415  
-0.2795971079  
-1.515935796  
-1.439120841  
1.074465003  
1.309017606  
-2.330872716  
-0.5895069383  
0.05333602489  
1.052322291  
-0.7758979502  
-3.197423411  
-1.368814023  
-0.1956346009  
0.420340432  
-1.06113417  
-0.7864321776  
-0.4818792142  
1.795012208  
1.476714998  
-0.04790678877  
-1.053561028  
-0.7766761215  
1.141621518  
1.568342403  
1.388843761  
0.3976387055  
-0.8509664091  
-0.7530066664  
-0.1673997063  
-0.558890502  
-0.8621681323  
-0.0463151246  
-0.5891805665  
-1.501200869  
0.4474177117  
2.484989053  
0.02486424862  
0.4267744551  
0.6300292499  
0.1428619853  
0.476342931  
0.9042023771  
-1.130152349  
-0.05878901491  
-0.02613715892  
0.5657059503  
0.634151004  
0.6711826903  
0.9681827431  
-0.5181475804  
-1.427882406  
0.06729045937  
1.307720557  
0.05058398034  
0.4254845217  
-0.427881608  
-1.551315638  
1.490432084  
2.082357488  
0.9123373089  
-0.1948492422  
-0.3077839832  
-1.378197083  
-0.6488959395  
0.8941058219  
1.262462206  
0.1899734421  
-1.387427579  
-0.9506020532  
-0.2642238023  
-1.162952517  
-0.3412573037  
-0.3015230559  
0.2254944601  
-0.3134506218  
0.5945561745  
0.3141759345  
1.3964963  
1.13145447  
1.094207947  
-0.1601041672  
-1.186813466  
-0.2104261985  
-0.1337521766  
0.7197363528  
1.094747316  
0.5699825415  
-0.1646090365  
-0.5932061522  
0.368994075  
-0.5563309875  
-0.6048730062  
-0.1611930141  
0.6891440272  
1.732881883  
-0.148225328  
1.438414865  
0.2975958763  
-0.5256761851  
-0.4636713213  
0.923593102  
1.052088609  
-1.190863724  
-1.319921954  
-1.410435003  
-1.687542265  
-0.3672309568  
-0.2738600201  
-0.8067708333  
-1.212499564  
-1.387058499  
-0.7032696042  
-0.4455196464  
0.05884846338  
0.06901522906  
-0.6658752313  
-0.1439399758  
-0.5295933907  
1.90860947  
1.470902681  
0.0332799811  
-0.630638521  
-0.4065121756  
1.239835349  
0.7525374543  
0.02176105949  
-0.7287809254  
0.1527622849  
0.9683455959  
1.782981906  
1.006327696  
0.183740823  
-1.057766756  
-1.165349103  
-2.331312713  
-0.5975541045  
0.4718102197  
0.03432225987  
0.9073267007  
0.3310214727  
0.596322025  
